"Area","MTU","Biomass - Actual Aggregated [MW]","Energy storage - Actual Aggregated [MW]","Fossil Brown coal/Lignite - Actual Aggregated [MW]","Fossil Coal-derived gas - Actual Aggregated [MW]","Fossil Gas - Actual Aggregated [MW]","Fossil Hard coal - Actual Aggregated [MW]","Fossil Oil - Actual Aggregated [MW]","Fossil Oil shale - Actual Aggregated [MW]","Fossil Peat - Actual Aggregated [MW]","Geothermal - Actual Aggregated [MW]","Hydro Pumped Storage - Actual Aggregated [MW]","Hydro Pumped Storage - Actual Consumption [MW]","Hydro Run-of-river and poundage - Actual Aggregated [MW]","Hydro Water Reservoir - Actual Aggregated [MW]","Marine - Actual Aggregated [MW]","Nuclear - Actual Aggregated [MW]","Other - Actual Aggregated [MW]","Other renewable - Actual Aggregated [MW]","Solar - Actual Aggregated [MW]","Waste - Actual Aggregated [MW]","Wind Offshore - Actual Aggregated [MW]","Wind Onshore - Actual Aggregated [MW]"
"BZN|SE1","01.01.2022 00:00 - 01.01.2022 01:00 (CET/CEST)","n/e","n/e","n/e","n/e","n/e","n/e","n/e","n/e","n/e","n/e","n/e","n/e","n/e","2665","n/e","n/e","37","n/e","0","n/e","n/e","1181"
"BZN|SE1","01.01.2022 01:00 - 01.01.2022 02:00 (CET/CEST)","n/e","n/e","n/e","n/e","n/e","n/e","n/e","n/e","n/e","n/e","n/e","n/e","n/e","2412","n/e","n/e","37","n/e","0","n/e","n/e","1223"
"BZN|SE1","01.01.2022 02:00 - 01.01.2022 03:00 (CET/CEST)","n/e","n/e","n/e","n/e","n/e","n/e","n/e","n/e","n/e","n/e","n/e","n/e","n/e","2386","n/e","n/e","37","n/e","0","n/e","n/e","1245"
"BZN|SE1","01.01.2022 03:00 - 01.01.2022 04:00 (CET/CEST)","n/e","n/e","n/e","n/e","n/e","n/e","n/e","n/e","n/e","n/e","n/e","n/e","n/e","2403","n/e","n/e","39","n/e","0","n/e","n/e","1263"
"BZN|SE1","01.01.2022 04:00 - 01.01.2022 05:00 (CET/CEST)","n/e","n/e","n/e","n/e","n/e","n/e","n/e","n/e","n/e","n/e","n/e","n/e","n/e","2310","n/e","n/e","39","n/e","0","n/e","n/e","1270"
"BZN|SE1","01.01.2022 05:00 - 01.01.2022 06:00 (CET/CEST)","n/e","n/e","n/e","n/e","n/e","n/e","n/e","n/e","n/e","n/e","n/e","n/e","n/e","2605","n/e","n/e","39","n/e","0","n/e","n/e","1284"
"BZN|SE1","01.01.2022 06:00 - 01.01.2022 07:00 (CET/CEST)","n/e","n/e","n/e","n/e","n/e","n/e","n/e","n/e","n/e","n/e","n/e","n/e","n/e","2648","n/e","n/e","39","n/e","0","n/e","n/e","1271"
"BZN|SE1","01.01.2022 07:00 - 01.01.2022 08:00 (CET/CEST)","n/e","n/e","n/e","n/e","n/e","n/e","n/e","n/e","n/e","n/e","n/e","n/e","n/e","2723","n/e","n/e","39","n/e","0","n/e","n/e","1253"
"BZN|SE1","01.01.2022 08:00 - 01.01.2022 09:00 (CET/CEST)","n/e","n/e","n/e","n/e","n/e","n/e","n/e","n/e","n/e","n/e","n/e","n/e","n/e","2898","n/e","n/e","39","n/e","0","n/e","n/e","1289"
"BZN|SE1","01.01.2022 09:00 - 01.01.2022 10:00 (CET/CEST)","n/e","n/e","n/e","n/e","n/e","n/e","n/e","n/e","n/e","n/e","n/e","n/e","n/e","2950","n/e","n/e","39","n/e","0","n/e","n/e","1268"
"BZN|SE1","01.01.2022 10:00 - 01.01.2022 11:00 (CET/CEST)","n/e","n/e","n/e","n/e","n/e","n/e","n/e","n/e","n/e","n/e","n/e","n/e","n/e","2940","n/e","n/e","39","n/e","0","n/e","n/e","1224"
"BZN|SE1","01.01.2022 11:00 - 01.01.2022 12:00 (CET/CEST)","n/e","n/e","n/e","n/e","n/e","n/e","n/e","n/e","n/e","n/e","n/e","n/e","n/e","2915","n/e","n/e","38","n/e","0","n/e","n/e","1126"
"BZN|SE1","01.01.2022 12:00 - 01.01.2022 13:00 (CET/CEST)","n/e","n/e","n/e","n/e","n/e","n/e","n/e","n/e","n/e","n/e","n/e","n/e","n/e","2916","n/e","n/e","38","n/e","0","n/e","n/e","1029"
"BZN|SE1","01.01.2022 13:00 - 01.01.2022 14:00 (CET/CEST)","n/e","n/e","n/e","n/e","n/e","n/e","n/e","n/e","n/e","n/e","n/e","n/e","n/e","2926","n/e","n/e","38","n/e","0","n/e","n/e","1007"
"BZN|SE1","01.01.2022 14:00 - 01.01.2022 15:00 (CET/CEST)","n/e","n/e","n/e","n/e","n/e","n/e","n/e","n/e","n/e","n/e","n/e","n/e","n/e","2950","n/e","n/e","38","n/e","0","n/e","n/e","961"
"BZN|SE1","01.01.2022 15:00 - 01.01.2022 16:00 (CET/CEST)","n/e","n/e","n/e","n/e","n/e","n/e","n/e","n/e","n/e","n/e","n/e","n/e","n/e","2973","n/e","n/e","38","n/e","0","n/e","n/e","915"
"BZN|SE1","01.01.2022 16:00 - 01.01.2022 17:00 (CET/CEST)","n/e","n/e","n/e","n/e","n/e","n/e","n/e","n/e","n/e","n/e","n/e","n/e","n/e","2961","n/e","n/e","38","n/e","0","n/e","n/e","823"
"BZN|SE1","01.01.2022 17:00 - 01.01.2022 18:00 (CET/CEST)","n/e","n/e","n/e","n/e","n/e","n/e","n/e","n/e","n/e","n/e","n/e","n/e","n/e","2956","n/e","n/e","38","n/e","0","n/e","n/e","675"
"BZN|SE1","01.01.2022 18:00 - 01.01.2022 19:00 (CET/CEST)","n/e","n/e","n/e","n/e","n/e","n/e","n/e","n/e","n/e","n/e","n/e","n/e","n/e","2938","n/e","n/e","38","n/e","0","n/e","n/e","550"
"BZN|SE1","01.01.2022 19:00 - 01.01.2022 20:00 (CET/CEST)","n/e","n/e","n/e","n/e","n/e","n/e","n/e","n/e","n/e","n/e","n/e","n/e","n/e","2944","n/e","n/e","38","n/e","0","n/e","n/e","407"
"BZN|SE1","01.01.2022 20:00 - 01.01.2022 21:00 (CET/CEST)","n/e","n/e","n/e","n/e","n/e","n/e","n/e","n/e","n/e","n/e","n/e","n/e","n/e","2843","n/e","n/e","38","n/e","0","n/e","n/e","278"
"BZN|SE1","01.01.2022 21:00 - 01.01.2022 22:00 (CET/CEST)","n/e","n/e","n/e","n/e","n/e","n/e","n/e","n/e","n/e","n/e","n/e","n/e","n/e","2823","n/e","n/e","38","n/e","0","n/e","n/e","166"
"BZN|SE1","01.01.2022 22:00 - 01.01.2022 23:00 (CET/CEST)","n/e","n/e","n/e","n/e","n/e","n/e","n/e","n/e","n/e","n/e","n/e","n/e","n/e","2714","n/e","n/e","38","n/e","0","n/e","n/e","99"
"BZN|SE1","01.01.2022 23:00 - 02.01.2022 00:00 (CET/CEST)","n/e","n/e","n/e","n/e","n/e","n/e","n/e","n/e","n/e","n/e","n/e","n/e","n/e","2650","n/e","n/e","38","n/e","0","n/e","n/e","83"
"BZN|SE1","02.01.2022 00:00 - 02.01.2022 01:00 (CET/CEST)","n/e","n/e","n/e","n/e","n/e","n/e","n/e","n/e","n/e","n/e","n/e","n/e","n/e","2434","n/e","n/e","36","n/e","0","n/e","n/e","105"
"BZN|SE1","02.01.2022 01:00 - 02.01.2022 02:00 (CET/CEST)","n/e","n/e","n/e","n/e","n/e","n/e","n/e","n/e","n/e","n/e","n/e","n/e","n/e","2291","n/e","n/e","36","n/e","0","n/e","n/e","196"
"BZN|SE1","02.01.2022 02:00 - 02.01.2022 03:00 (CET/CEST)","n/e","n/e","n/e","n/e","n/e","n/e","n/e","n/e","n/e","n/e","n/e","n/e","n/e","2186","n/e","n/e","36","n/e","0","n/e","n/e","303"
"BZN|SE1","02.01.2022 03:00 - 02.01.2022 04:00 (CET/CEST)","n/e","n/e","n/e","n/e","n/e","n/e","n/e","n/e","n/e","n/e","n/e","n/e","n/e","1412","n/e","n/e","38","n/e","0","n/e","n/e","421"
"BZN|SE1","02.01.2022 04:00 - 02.01.2022 05:00 (CET/CEST)","n/e","n/e","n/e","n/e","n/e","n/e","n/e","n/e","n/e","n/e","n/e","n/e","n/e","1361","n/e","n/e","38","n/e","0","n/e","n/e","538"
"BZN|SE1","02.01.2022 05:00 - 02.01.2022 06:00 (CET/CEST)","n/e","n/e","n/e","n/e","n/e","n/e","n/e","n/e","n/e","n/e","n/e","n/e","n/e","1373","n/e","n/e","38","n/e","0","n/e","n/e","636"
"BZN|SE1","02.01.2022 06:00 - 02.01.2022 07:00 (CET/CEST)","n/e","n/e","n/e","n/e","n/e","n/e","n/e","n/e","n/e","n/e","n/e","n/e","n/e","1448","n/e","n/e","38","n/e","0","n/e","n/e","708"
"BZN|SE1","02.01.2022 07:00 - 02.01.2022 08:00 (CET/CEST)","n/e","n/e","n/e","n/e","n/e","n/e","n/e","n/e","n/e","n/e","n/e","n/e","n/e","2094","n/e","n/e","38","n/e","0","n/e","n/e","801"
"BZN|SE1","02.01.2022 08:00 - 02.01.2022 09:00 (CET/CEST)","n/e","n/e","n/e","n/e","n/e","n/e","n/e","n/e","n/e","n/e","n/e","n/e","n/e","2305","n/e","n/e","38","n/e","0","n/e","n/e","905"
"BZN|SE1","02.01.2022 09:00 - 02.01.2022 10:00 (CET/CEST)","n/e","n/e","n/e","n/e","n/e","n/e","n/e","n/e","n/e","n/e","n/e","n/e","n/e","2674","n/e","n/e","38","n/e","0","n/e","n/e","1034"
"BZN|SE1","02.01.2022 10:00 - 02.01.2022 11:00 (CET/CEST)","n/e","n/e","n/e","n/e","n/e","n/e","n/e","n/e","n/e","n/e","n/e","n/e","n/e","2959","n/e","n/e","38","n/e","0","n/e","n/e","1131"
"BZN|SE1","02.01.2022 11:00 - 02.01.2022 12:00 (CET/CEST)","n/e","n/e","n/e","n/e","n/e","n/e","n/e","n/e","n/e","n/e","n/e","n/e","n/e","2995","n/e","n/e","38","n/e","0","n/e","n/e","1144"
"BZN|SE1","02.01.2022 12:00 - 02.01.2022 13:00 (CET/CEST)","n/e","n/e","n/e","n/e","n/e","n/e","n/e","n/e","n/e","n/e","n/e","n/e","n/e","3048","n/e","n/e","36","n/e","0","n/e","n/e","1150"
"BZN|SE1","02.01.2022 13:00 - 02.01.2022 14:00 (CET/CEST)","n/e","n/e","n/e","n/e","n/e","n/e","n/e","n/e","n/e","n/e","n/e","n/e","n/e","3126","n/e","n/e","38","n/e","0","n/e","n/e","1074"
"BZN|SE1","02.01.2022 14:00 - 02.01.2022 15:00 (CET/CEST)","n/e","n/e","n/e","n/e","n/e","n/e","n/e","n/e","n/e","n/e","n/e","n/e","n/e","3162","n/e","n/e","38","n/e","0","n/e","n/e","972"
"BZN|SE1","02.01.2022 15:00 - 02.01.2022 16:00 (CET/CEST)","n/e","n/e","n/e","n/e","n/e","n/e","n/e","n/e","n/e","n/e","n/e","n/e","n/e","3157","n/e","n/e","38","n/e","0","n/e","n/e","832"
"BZN|SE1","02.01.2022 16:00 - 02.01.2022 17:00 (CET/CEST)","n/e","n/e","n/e","n/e","n/e","n/e","n/e","n/e","n/e","n/e","n/e","n/e","n/e","3133","n/e","n/e","38","n/e","0","n/e","n/e","712"
"BZN|SE1","02.01.2022 17:00 - 02.01.2022 18:00 (CET/CEST)","n/e","n/e","n/e","n/e","n/e","n/e","n/e","n/e","n/e","n/e","n/e","n/e","n/e","3258","n/e","n/e","38","n/e","0","n/e","n/e","688"
"BZN|SE1","02.01.2022 18:00 - 02.01.2022 19:00 (CET/CEST)","n/e","n/e","n/e","n/e","n/e","n/e","n/e","n/e","n/e","n/e","n/e","n/e","n/e","3278","n/e","n/e","38","n/e","0","n/e","n/e","697"
"BZN|SE1","02.01.2022 19:00 - 02.01.2022 20:00 (CET/CEST)","n/e","n/e","n/e","n/e","n/e","n/e","n/e","n/e","n/e","n/e","n/e","n/e","n/e","3221","n/e","n/e","38","n/e","0","n/e","n/e","622"
"BZN|SE1","02.01.2022 20:00 - 02.01.2022 21:00 (CET/CEST)","n/e","n/e","n/e","n/e","n/e","n/e","n/e","n/e","n/e","n/e","n/e","n/e","n/e","3311","n/e","n/e","38","n/e","0","n/e","n/e","523"
"BZN|SE1","02.01.2022 21:00 - 02.01.2022 22:00 (CET/CEST)","n/e","n/e","n/e","n/e","n/e","n/e","n/e","n/e","n/e","n/e","n/e","n/e","n/e","3089","n/e","n/e","38","n/e","0","n/e","n/e","469"
"BZN|SE1","02.01.2022 22:00 - 02.01.2022 23:00 (CET/CEST)","n/e","n/e","n/e","n/e","n/e","n/e","n/e","n/e","n/e","n/e","n/e","n/e","n/e","3029","n/e","n/e","38","n/e","0","n/e","n/e","463"
"BZN|SE1","02.01.2022 23:00 - 03.01.2022 00:00 (CET/CEST)","n/e","n/e","n/e","n/e","n/e","n/e","n/e","n/e","n/e","n/e","n/e","n/e","n/e","2035","n/e","n/e","38","n/e","0","n/e","n/e","435"
"BZN|SE1","03.01.2022 00:00 - 03.01.2022 01:00 (CET/CEST)","n/e","n/e","n/e","n/e","n/e","n/e","n/e","n/e","n/e","n/e","n/e","n/e","n/e","1669","n/e","n/e","36","n/e","0","n/e","n/e","431"
"BZN|SE1","03.01.2022 01:00 - 03.01.2022 02:00 (CET/CEST)","n/e","n/e","n/e","n/e","n/e","n/e","n/e","n/e","n/e","n/e","n/e","n/e","n/e","1672","n/e","n/e","36","n/e","0","n/e","n/e","424"
"BZN|SE1","03.01.2022 02:00 - 03.01.2022 03:00 (CET/CEST)","n/e","n/e","n/e","n/e","n/e","n/e","n/e","n/e","n/e","n/e","n/e","n/e","n/e","1639","n/e","n/e","36","n/e","0","n/e","n/e","365"
"BZN|SE1","03.01.2022 03:00 - 03.01.2022 04:00 (CET/CEST)","n/e","n/e","n/e","n/e","n/e","n/e","n/e","n/e","n/e","n/e","n/e","n/e","n/e","1663","n/e","n/e","38","n/e","0","n/e","n/e","375"
"BZN|SE1","03.01.2022 04:00 - 03.01.2022 05:00 (CET/CEST)","n/e","n/e","n/e","n/e","n/e","n/e","n/e","n/e","n/e","n/e","n/e","n/e","n/e","1916","n/e","n/e","38","n/e","0","n/e","n/e","363"
"BZN|SE1","03.01.2022 05:00 - 03.01.2022 06:00 (CET/CEST)","n/e","n/e","n/e","n/e","n/e","n/e","n/e","n/e","n/e","n/e","n/e","n/e","n/e","1911","n/e","n/e","38","n/e","0","n/e","n/e","322"
"BZN|SE1","03.01.2022 06:00 - 03.01.2022 07:00 (CET/CEST)","n/e","n/e","n/e","n/e","n/e","n/e","n/e","n/e","n/e","n/e","n/e","n/e","n/e","2474","n/e","n/e","38","n/e","0","n/e","n/e","270"
"BZN|SE1","03.01.2022 07:00 - 03.01.2022 08:00 (CET/CEST)","n/e","n/e","n/e","n/e","n/e","n/e","n/e","n/e","n/e","n/e","n/e","n/e","n/e","3367","n/e","n/e","38","n/e","0","n/e","n/e","245"
"BZN|SE1","03.01.2022 08:00 - 03.01.2022 09:00 (CET/CEST)","n/e","n/e","n/e","n/e","n/e","n/e","n/e","n/e","n/e","n/e","n/e","n/e","n/e","3350","n/e","n/e","38","n/e","0","n/e","n/e","234"
"BZN|SE1","03.01.2022 09:00 - 03.01.2022 10:00 (CET/CEST)","n/e","n/e","n/e","n/e","n/e","n/e","n/e","n/e","n/e","n/e","n/e","n/e","n/e","3287","n/e","n/e","38","n/e","0","n/e","n/e","148"
"BZN|SE1","03.01.2022 10:00 - 03.01.2022 11:00 (CET/CEST)","n/e","n/e","n/e","n/e","n/e","n/e","n/e","n/e","n/e","n/e","n/e","n/e","n/e","3294","n/e","n/e","38","n/e","0","n/e","n/e","164"
"BZN|SE1","03.01.2022 11:00 - 03.01.2022 12:00 (CET/CEST)","n/e","n/e","n/e","n/e","n/e","n/e","n/e","n/e","n/e","n/e","n/e","n/e","n/e","3327","n/e","n/e","36","n/e","0","n/e","n/e","185"
"BZN|SE1","03.01.2022 12:00 - 03.01.2022 13:00 (CET/CEST)","n/e","n/e","n/e","n/e","n/e","n/e","n/e","n/e","n/e","n/e","n/e","n/e","n/e","3512","n/e","n/e","38","n/e","0","n/e","n/e","124"
"BZN|SE1","03.01.2022 13:00 - 03.01.2022 14:00 (CET/CEST)","n/e","n/e","n/e","n/e","n/e","n/e","n/e","n/e","n/e","n/e","n/e","n/e","n/e","3508","n/e","n/e","38","n/e","0","n/e","n/e","141"
"BZN|SE1","03.01.2022 14:00 - 03.01.2022 15:00 (CET/CEST)","n/e","n/e","n/e","n/e","n/e","n/e","n/e","n/e","n/e","n/e","n/e","n/e","n/e","3479","n/e","n/e","38","n/e","0","n/e","n/e","130"
"BZN|SE1","03.01.2022 15:00 - 03.01.2022 16:00 (CET/CEST)","n/e","n/e","n/e","n/e","n/e","n/e","n/e","n/e","n/e","n/e","n/e","n/e","n/e","3465","n/e","n/e","38","n/e","0","n/e","n/e","111"
"BZN|SE1","03.01.2022 16:00 - 03.01.2022 17:00 (CET/CEST)","n/e","n/e","n/e","n/e","n/e","n/e","n/e","n/e","n/e","n/e","n/e","n/e","n/e","3430","n/e","n/e","38","n/e","0","n/e","n/e","120"
"BZN|SE1","03.01.2022 17:00 - 03.01.2022 18:00 (CET/CEST)","n/e","n/e","n/e","n/e","n/e","n/e","n/e","n/e","n/e","n/e","n/e","n/e","n/e","3485","n/e","n/e","38","n/e","0","n/e","n/e","141"
"BZN|SE1","03.01.2022 18:00 - 03.01.2022 19:00 (CET/CEST)","n/e","n/e","n/e","n/e","n/e","n/e","n/e","n/e","n/e","n/e","n/e","n/e","n/e","3231","n/e","n/e","38","n/e","0","n/e","n/e","179"
"BZN|SE1","03.01.2022 19:00 - 03.01.2022 20:00 (CET/CEST)","n/e","n/e","n/e","n/e","n/e","n/e","n/e","n/e","n/e","n/e","n/e","n/e","n/e","3255","n/e","n/e","38","n/e","0","n/e","n/e","193"
"BZN|SE1","03.01.2022 20:00 - 03.01.2022 21:00 (CET/CEST)","n/e","n/e","n/e","n/e","n/e","n/e","n/e","n/e","n/e","n/e","n/e","n/e","n/e","2909","n/e","n/e","38","n/e","0","n/e","n/e","199"
"BZN|SE1","03.01.2022 21:00 - 03.01.2022 22:00 (CET/CEST)","n/e","n/e","n/e","n/e","n/e","n/e","n/e","n/e","n/e","n/e","n/e","n/e","n/e","2736","n/e","n/e","38","n/e","0","n/e","n/e","208"
"BZN|SE1","03.01.2022 22:00 - 03.01.2022 23:00 (CET/CEST)","n/e","n/e","n/e","n/e","n/e","n/e","n/e","n/e","n/e","n/e","n/e","n/e","n/e","2675","n/e","n/e","38","n/e","0","n/e","n/e","210"
"BZN|SE1","03.01.2022 23:00 - 04.01.2022 00:00 (CET/CEST)","n/e","n/e","n/e","n/e","n/e","n/e","n/e","n/e","n/e","n/e","n/e","n/e","n/e","2331","n/e","n/e","38","n/e","0","n/e","n/e","193"
"BZN|SE1","04.01.2022 00:00 - 04.01.2022 01:00 (CET/CEST)","n/e","n/e","n/e","n/e","n/e","n/e","n/e","n/e","n/e","n/e","n/e","n/e","n/e","1820","n/e","n/e","35","n/e","0","n/e","n/e","236"
"BZN|SE1","04.01.2022 01:00 - 04.01.2022 02:00 (CET/CEST)","n/e","n/e","n/e","n/e","n/e","n/e","n/e","n/e","n/e","n/e","n/e","n/e","n/e","1720","n/e","n/e","35","n/e","0","n/e","n/e","232"
"BZN|SE1","04.01.2022 02:00 - 04.01.2022 03:00 (CET/CEST)","n/e","n/e","n/e","n/e","n/e","n/e","n/e","n/e","n/e","n/e","n/e","n/e","n/e","1742","n/e","n/e","37","n/e","0","n/e","n/e","244"
"BZN|SE1","04.01.2022 03:00 - 04.01.2022 04:00 (CET/CEST)","n/e","n/e","n/e","n/e","n/e","n/e","n/e","n/e","n/e","n/e","n/e","n/e","n/e","1741","n/e","n/e","37","n/e","0","n/e","n/e","226"
"BZN|SE1","04.01.2022 04:00 - 04.01.2022 05:00 (CET/CEST)","n/e","n/e","n/e","n/e","n/e","n/e","n/e","n/e","n/e","n/e","n/e","n/e","n/e","1976","n/e","n/e","37","n/e","0","n/e","n/e","229"
"BZN|SE1","04.01.2022 05:00 - 04.01.2022 06:00 (CET/CEST)","n/e","n/e","n/e","n/e","n/e","n/e","n/e","n/e","n/e","n/e","n/e","n/e","n/e","2414","n/e","n/e","37","n/e","0","n/e","n/e","261"
"BZN|SE1","04.01.2022 06:00 - 04.01.2022 07:00 (CET/CEST)","n/e","n/e","n/e","n/e","n/e","n/e","n/e","n/e","n/e","n/e","n/e","n/e","n/e","2674","n/e","n/e","37","n/e","0","n/e","n/e","295"
"BZN|SE1","04.01.2022 07:00 - 04.01.2022 08:00 (CET/CEST)","n/e","n/e","n/e","n/e","n/e","n/e","n/e","n/e","n/e","n/e","n/e","n/e","n/e","2721","n/e","n/e","41","n/e","0","n/e","n/e","298"
"BZN|SE1","04.01.2022 08:00 - 04.01.2022 09:00 (CET/CEST)","n/e","n/e","n/e","n/e","n/e","n/e","n/e","n/e","n/e","n/e","n/e","n/e","n/e","3296","n/e","n/e","37","n/e","0","n/e","n/e","216"
"BZN|SE1","04.01.2022 09:00 - 04.01.2022 10:00 (CET/CEST)","n/e","n/e","n/e","n/e","n/e","n/e","n/e","n/e","n/e","n/e","n/e","n/e","n/e","3275","n/e","n/e","37","n/e","0","n/e","n/e","249"
"BZN|SE1","04.01.2022 10:00 - 04.01.2022 11:00 (CET/CEST)","n/e","n/e","n/e","n/e","n/e","n/e","n/e","n/e","n/e","n/e","n/e","n/e","n/e","3376","n/e","n/e","39","n/e","0","n/e","n/e","184"
"BZN|SE1","04.01.2022 11:00 - 04.01.2022 12:00 (CET/CEST)","n/e","n/e","n/e","n/e","n/e","n/e","n/e","n/e","n/e","n/e","n/e","n/e","n/e","3402","n/e","n/e","39","n/e","0","n/e","n/e","157"
"BZN|SE1","04.01.2022 12:00 - 04.01.2022 13:00 (CET/CEST)","n/e","n/e","n/e","n/e","n/e","n/e","n/e","n/e","n/e","n/e","n/e","n/e","n/e","3775","n/e","n/e","41","n/e","0","n/e","n/e","148"
"BZN|SE1","04.01.2022 13:00 - 04.01.2022 14:00 (CET/CEST)","n/e","n/e","n/e","n/e","n/e","n/e","n/e","n/e","n/e","n/e","n/e","n/e","n/e","3593","n/e","n/e","41","n/e","0","n/e","n/e","154"
"BZN|SE1","04.01.2022 14:00 - 04.01.2022 15:00 (CET/CEST)","n/e","n/e","n/e","n/e","n/e","n/e","n/e","n/e","n/e","n/e","n/e","n/e","n/e","3498","n/e","n/e","41","n/e","0","n/e","n/e","157"
"BZN|SE1","04.01.2022 15:00 - 04.01.2022 16:00 (CET/CEST)","n/e","n/e","n/e","n/e","n/e","n/e","n/e","n/e","n/e","n/e","n/e","n/e","n/e","3503","n/e","n/e","41","n/e","0","n/e","n/e","176"
"BZN|SE1","04.01.2022 16:00 - 04.01.2022 17:00 (CET/CEST)","n/e","n/e","n/e","n/e","n/e","n/e","n/e","n/e","n/e","n/e","n/e","n/e","n/e","3369","n/e","n/e","41","n/e","0","n/e","n/e","178"
"BZN|SE1","04.01.2022 17:00 - 04.01.2022 18:00 (CET/CEST)","n/e","n/e","n/e","n/e","n/e","n/e","n/e","n/e","n/e","n/e","n/e","n/e","n/e","3305","n/e","n/e","41","n/e","0","n/e","n/e","180"
"BZN|SE1","04.01.2022 18:00 - 04.01.2022 19:00 (CET/CEST)","n/e","n/e","n/e","n/e","n/e","n/e","n/e","n/e","n/e","n/e","n/e","n/e","n/e","3418","n/e","n/e","41","n/e","0","n/e","n/e","181"
"BZN|SE1","04.01.2022 19:00 - 04.01.2022 20:00 (CET/CEST)","n/e","n/e","n/e","n/e","n/e","n/e","n/e","n/e","n/e","n/e","n/e","n/e","n/e","3432","n/e","n/e","41","n/e","0","n/e","n/e","173"
"BZN|SE1","04.01.2022 20:00 - 04.01.2022 21:00 (CET/CEST)","n/e","n/e","n/e","n/e","n/e","n/e","n/e","n/e","n/e","n/e","n/e","n/e","n/e","3457","n/e","n/e","41","n/e","0","n/e","n/e","173"
"BZN|SE1","04.01.2022 21:00 - 04.01.2022 22:00 (CET/CEST)","n/e","n/e","n/e","n/e","n/e","n/e","n/e","n/e","n/e","n/e","n/e","n/e","n/e","3424","n/e","n/e","41","n/e","0","n/e","n/e","152"
"BZN|SE1","04.01.2022 22:00 - 04.01.2022 23:00 (CET/CEST)","n/e","n/e","n/e","n/e","n/e","n/e","n/e","n/e","n/e","n/e","n/e","n/e","n/e","3578","n/e","n/e","41","n/e","0","n/e","n/e","149"
"BZN|SE1","04.01.2022 23:00 - 05.01.2022 00:00 (CET/CEST)","n/e","n/e","n/e","n/e","n/e","n/e","n/e","n/e","n/e","n/e","n/e","n/e","n/e","3587","n/e","n/e","41","n/e","0","n/e","n/e","142"
"BZN|SE1","05.01.2022 00:00 - 05.01.2022 01:00 (CET/CEST)","n/e","n/e","n/e","n/e","n/e","n/e","n/e","n/e","n/e","n/e","n/e","n/e","n/e","3643","n/e","n/e","39","n/e","0","n/e","n/e","98"
"BZN|SE1","05.01.2022 01:00 - 05.01.2022 02:00 (CET/CEST)","n/e","n/e","n/e","n/e","n/e","n/e","n/e","n/e","n/e","n/e","n/e","n/e","n/e","3561","n/e","n/e","39","n/e","0","n/e","n/e","90"
"BZN|SE1","05.01.2022 02:00 - 05.01.2022 03:00 (CET/CEST)","n/e","n/e","n/e","n/e","n/e","n/e","n/e","n/e","n/e","n/e","n/e","n/e","n/e","3524","n/e","n/e","41","n/e","0","n/e","n/e","84"
"BZN|SE1","05.01.2022 03:00 - 05.01.2022 04:00 (CET/CEST)","n/e","n/e","n/e","n/e","n/e","n/e","n/e","n/e","n/e","n/e","n/e","n/e","n/e","3553","n/e","n/e","41","n/e","0","n/e","n/e","78"
"BZN|SE1","05.01.2022 04:00 - 05.01.2022 05:00 (CET/CEST)","n/e","n/e","n/e","n/e","n/e","n/e","n/e","n/e","n/e","n/e","n/e","n/e","n/e","3579","n/e","n/e","41","n/e","0","n/e","n/e","77"
"BZN|SE1","05.01.2022 05:00 - 05.01.2022 06:00 (CET/CEST)","n/e","n/e","n/e","n/e","n/e","n/e","n/e","n/e","n/e","n/e","n/e","n/e","n/e","3627","n/e","n/e","41","n/e","0","n/e","n/e","75"
"BZN|SE1","05.01.2022 06:00 - 05.01.2022 07:00 (CET/CEST)","n/e","n/e","n/e","n/e","n/e","n/e","n/e","n/e","n/e","n/e","n/e","n/e","n/e","3829","n/e","n/e","41","n/e","0","n/e","n/e","70"
"BZN|SE1","05.01.2022 07:00 - 05.01.2022 08:00 (CET/CEST)","n/e","n/e","n/e","n/e","n/e","n/e","n/e","n/e","n/e","n/e","n/e","n/e","n/e","3954","n/e","n/e","41","n/e","0","n/e","n/e","70"
"BZN|SE1","05.01.2022 08:00 - 05.01.2022 09:00 (CET/CEST)","n/e","n/e","n/e","n/e","n/e","n/e","n/e","n/e","n/e","n/e","n/e","n/e","n/e","3868","n/e","n/e","41","n/e","0","n/e","n/e","40"
"BZN|SE1","05.01.2022 09:00 - 05.01.2022 10:00 (CET/CEST)","n/e","n/e","n/e","n/e","n/e","n/e","n/e","n/e","n/e","n/e","n/e","n/e","n/e","3783","n/e","n/e","41","n/e","0","n/e","n/e","35"
"BZN|SE1","05.01.2022 10:00 - 05.01.2022 11:00 (CET/CEST)","n/e","n/e","n/e","n/e","n/e","n/e","n/e","n/e","n/e","n/e","n/e","n/e","n/e","3683","n/e","n/e","41","n/e","0","n/e","n/e","36"
"BZN|SE1","05.01.2022 11:00 - 05.01.2022 12:00 (CET/CEST)","n/e","n/e","n/e","n/e","n/e","n/e","n/e","n/e","n/e","n/e","n/e","n/e","n/e","3666","n/e","n/e","39","n/e","0","n/e","n/e","34"
"BZN|SE1","05.01.2022 12:00 - 05.01.2022 13:00 (CET/CEST)","n/e","n/e","n/e","n/e","n/e","n/e","n/e","n/e","n/e","n/e","n/e","n/e","n/e","3565","n/e","n/e","41","n/e","0","n/e","n/e","40"
"BZN|SE1","05.01.2022 13:00 - 05.01.2022 14:00 (CET/CEST)","n/e","n/e","n/e","n/e","n/e","n/e","n/e","n/e","n/e","n/e","n/e","n/e","n/e","3517","n/e","n/e","41","n/e","0","n/e","n/e","51"
"BZN|SE1","05.01.2022 14:00 - 05.01.2022 15:00 (CET/CEST)","n/e","n/e","n/e","n/e","n/e","n/e","n/e","n/e","n/e","n/e","n/e","n/e","n/e","3500","n/e","n/e","41","n/e","0","n/e","n/e","67"
"BZN|SE1","05.01.2022 15:00 - 05.01.2022 16:00 (CET/CEST)","n/e","n/e","n/e","n/e","n/e","n/e","n/e","n/e","n/e","n/e","n/e","n/e","n/e","3550","n/e","n/e","41","n/e","0","n/e","n/e","87"
"BZN|SE1","05.01.2022 16:00 - 05.01.2022 17:00 (CET/CEST)","n/e","n/e","n/e","n/e","n/e","n/e","n/e","n/e","n/e","n/e","n/e","n/e","n/e","3546","n/e","n/e","41","n/e","0","n/e","n/e","137"
"BZN|SE1","05.01.2022 17:00 - 05.01.2022 18:00 (CET/CEST)","n/e","n/e","n/e","n/e","n/e","n/e","n/e","n/e","n/e","n/e","n/e","n/e","n/e","3472","n/e","n/e","41","n/e","0","n/e","n/e","171"
"BZN|SE1","05.01.2022 18:00 - 05.01.2022 19:00 (CET/CEST)","n/e","n/e","n/e","n/e","n/e","n/e","n/e","n/e","n/e","n/e","n/e","n/e","n/e","3397","n/e","n/e","41","n/e","0","n/e","n/e","259"
"BZN|SE1","05.01.2022 19:00 - 05.01.2022 20:00 (CET/CEST)","n/e","n/e","n/e","n/e","n/e","n/e","n/e","n/e","n/e","n/e","n/e","n/e","n/e","3365","n/e","n/e","41","n/e","0","n/e","n/e","337"
"BZN|SE1","05.01.2022 20:00 - 05.01.2022 21:00 (CET/CEST)","n/e","n/e","n/e","n/e","n/e","n/e","n/e","n/e","n/e","n/e","n/e","n/e","n/e","3291","n/e","n/e","41","n/e","0","n/e","n/e","386"
"BZN|SE1","05.01.2022 21:00 - 05.01.2022 22:00 (CET/CEST)","n/e","n/e","n/e","n/e","n/e","n/e","n/e","n/e","n/e","n/e","n/e","n/e","n/e","3196","n/e","n/e","41","n/e","0","n/e","n/e","443"
"BZN|SE1","05.01.2022 22:00 - 05.01.2022 23:00 (CET/CEST)","n/e","n/e","n/e","n/e","n/e","n/e","n/e","n/e","n/e","n/e","n/e","n/e","n/e","3046","n/e","n/e","41","n/e","0","n/e","n/e","489"
"BZN|SE1","05.01.2022 23:00 - 06.01.2022 00:00 (CET/CEST)","n/e","n/e","n/e","n/e","n/e","n/e","n/e","n/e","n/e","n/e","n/e","n/e","n/e","3026","n/e","n/e","41","n/e","0","n/e","n/e","548"
"BZN|SE1","06.01.2022 00:00 - 06.01.2022 01:00 (CET/CEST)","n/e","n/e","n/e","n/e","n/e","n/e","n/e","n/e","n/e","n/e","n/e","n/e","n/e","2797","n/e","n/e","40","n/e","0","n/e","n/e","625"
"BZN|SE1","06.01.2022 01:00 - 06.01.2022 02:00 (CET/CEST)","n/e","n/e","n/e","n/e","n/e","n/e","n/e","n/e","n/e","n/e","n/e","n/e","n/e","2787","n/e","n/e","40","n/e","0","n/e","n/e","654"
"BZN|SE1","06.01.2022 02:00 - 06.01.2022 03:00 (CET/CEST)","n/e","n/e","n/e","n/e","n/e","n/e","n/e","n/e","n/e","n/e","n/e","n/e","n/e","2786","n/e","n/e","42","n/e","0","n/e","n/e","678"
"BZN|SE1","06.01.2022 03:00 - 06.01.2022 04:00 (CET/CEST)","n/e","n/e","n/e","n/e","n/e","n/e","n/e","n/e","n/e","n/e","n/e","n/e","n/e","2781","n/e","n/e","42","n/e","0","n/e","n/e","693"
"BZN|SE1","06.01.2022 04:00 - 06.01.2022 05:00 (CET/CEST)","n/e","n/e","n/e","n/e","n/e","n/e","n/e","n/e","n/e","n/e","n/e","n/e","n/e","2748","n/e","n/e","42","n/e","0","n/e","n/e","680"
"BZN|SE1","06.01.2022 05:00 - 06.01.2022 06:00 (CET/CEST)","n/e","n/e","n/e","n/e","n/e","n/e","n/e","n/e","n/e","n/e","n/e","n/e","n/e","2912","n/e","n/e","42","n/e","0","n/e","n/e","679"
"BZN|SE1","06.01.2022 06:00 - 06.01.2022 07:00 (CET/CEST)","n/e","n/e","n/e","n/e","n/e","n/e","n/e","n/e","n/e","n/e","n/e","n/e","n/e","3155","n/e","n/e","42","n/e","0","n/e","n/e","673"
"BZN|SE1","06.01.2022 07:00 - 06.01.2022 08:00 (CET/CEST)","n/e","n/e","n/e","n/e","n/e","n/e","n/e","n/e","n/e","n/e","n/e","n/e","n/e","3245","n/e","n/e","42","n/e","0","n/e","n/e","643"
"BZN|SE1","06.01.2022 08:00 - 06.01.2022 09:00 (CET/CEST)","n/e","n/e","n/e","n/e","n/e","n/e","n/e","n/e","n/e","n/e","n/e","n/e","n/e","3300","n/e","n/e","42","n/e","0","n/e","n/e","887"
"BZN|SE1","06.01.2022 09:00 - 06.01.2022 10:00 (CET/CEST)","n/e","n/e","n/e","n/e","n/e","n/e","n/e","n/e","n/e","n/e","n/e","n/e","n/e","3412","n/e","n/e","42","n/e","0","n/e","n/e","893"
"BZN|SE1","06.01.2022 10:00 - 06.01.2022 11:00 (CET/CEST)","n/e","n/e","n/e","n/e","n/e","n/e","n/e","n/e","n/e","n/e","n/e","n/e","n/e","3459","n/e","n/e","42","n/e","0","n/e","n/e","952"
"BZN|SE1","06.01.2022 11:00 - 06.01.2022 12:00 (CET/CEST)","n/e","n/e","n/e","n/e","n/e","n/e","n/e","n/e","n/e","n/e","n/e","n/e","n/e","3429","n/e","n/e","42","n/e","0","n/e","n/e","1025"
"BZN|SE1","06.01.2022 12:00 - 06.01.2022 13:00 (CET/CEST)","n/e","n/e","n/e","n/e","n/e","n/e","n/e","n/e","n/e","n/e","n/e","n/e","n/e","3421","n/e","n/e","40","n/e","0","n/e","n/e","1159"
"BZN|SE1","06.01.2022 13:00 - 06.01.2022 14:00 (CET/CEST)","n/e","n/e","n/e","n/e","n/e","n/e","n/e","n/e","n/e","n/e","n/e","n/e","n/e","3423","n/e","n/e","42","n/e","0","n/e","n/e","1215"
"BZN|SE1","06.01.2022 14:00 - 06.01.2022 15:00 (CET/CEST)","n/e","n/e","n/e","n/e","n/e","n/e","n/e","n/e","n/e","n/e","n/e","n/e","n/e","3426","n/e","n/e","42","n/e","0","n/e","n/e","1286"
"BZN|SE1","06.01.2022 15:00 - 06.01.2022 16:00 (CET/CEST)","n/e","n/e","n/e","n/e","n/e","n/e","n/e","n/e","n/e","n/e","n/e","n/e","n/e","3438","n/e","n/e","42","n/e","0","n/e","n/e","1254"
"BZN|SE1","06.01.2022 16:00 - 06.01.2022 17:00 (CET/CEST)","n/e","n/e","n/e","n/e","n/e","n/e","n/e","n/e","n/e","n/e","n/e","n/e","n/e","3409","n/e","n/e","42","n/e","0","n/e","n/e","1324"
"BZN|SE1","06.01.2022 17:00 - 06.01.2022 18:00 (CET/CEST)","n/e","n/e","n/e","n/e","n/e","n/e","n/e","n/e","n/e","n/e","n/e","n/e","n/e","3425","n/e","n/e","42","n/e","0","n/e","n/e","1313"
"BZN|SE1","06.01.2022 18:00 - 06.01.2022 19:00 (CET/CEST)","n/e","n/e","n/e","n/e","n/e","n/e","n/e","n/e","n/e","n/e","n/e","n/e","n/e","3416","n/e","n/e","42","n/e","0","n/e","n/e","1278"
"BZN|SE1","06.01.2022 19:00 - 06.01.2022 20:00 (CET/CEST)","n/e","n/e","n/e","n/e","n/e","n/e","n/e","n/e","n/e","n/e","n/e","n/e","n/e","3301","n/e","n/e","42","n/e","0","n/e","n/e","1243"
"BZN|SE1","06.01.2022 20:00 - 06.01.2022 21:00 (CET/CEST)","n/e","n/e","n/e","n/e","n/e","n/e","n/e","n/e","n/e","n/e","n/e","n/e","n/e","3326","n/e","n/e","42","n/e","0","n/e","n/e","1274"
"BZN|SE1","06.01.2022 21:00 - 06.01.2022 22:00 (CET/CEST)","n/e","n/e","n/e","n/e","n/e","n/e","n/e","n/e","n/e","n/e","n/e","n/e","n/e","3340","n/e","n/e","42","n/e","0","n/e","n/e","1271"
"BZN|SE1","06.01.2022 22:00 - 06.01.2022 23:00 (CET/CEST)","n/e","n/e","n/e","n/e","n/e","n/e","n/e","n/e","n/e","n/e","n/e","n/e","n/e","3325","n/e","n/e","42","n/e","0","n/e","n/e","1238"
"BZN|SE1","06.01.2022 23:00 - 07.01.2022 00:00 (CET/CEST)","n/e","n/e","n/e","n/e","n/e","n/e","n/e","n/e","n/e","n/e","n/e","n/e","n/e","3283","n/e","n/e","42","n/e","0","n/e","n/e","1244"
"BZN|SE1","07.01.2022 00:00 - 07.01.2022 01:00 (CET/CEST)","n/e","n/e","n/e","n/e","n/e","n/e","n/e","n/e","n/e","n/e","n/e","n/e","n/e","2963","n/e","n/e","41","n/e","0","n/e","n/e","1251"
"BZN|SE1","07.01.2022 01:00 - 07.01.2022 02:00 (CET/CEST)","n/e","n/e","n/e","n/e","n/e","n/e","n/e","n/e","n/e","n/e","n/e","n/e","n/e","2965","n/e","n/e","41","n/e","0","n/e","n/e","1214"
"BZN|SE1","07.01.2022 02:00 - 07.01.2022 03:00 (CET/CEST)","n/e","n/e","n/e","n/e","n/e","n/e","n/e","n/e","n/e","n/e","n/e","n/e","n/e","2961","n/e","n/e","43","n/e","0","n/e","n/e","1152"
"BZN|SE1","07.01.2022 03:00 - 07.01.2022 04:00 (CET/CEST)","n/e","n/e","n/e","n/e","n/e","n/e","n/e","n/e","n/e","n/e","n/e","n/e","n/e","2963","n/e","n/e","43","n/e","0","n/e","n/e","1103"
"BZN|SE1","07.01.2022 04:00 - 07.01.2022 05:00 (CET/CEST)","n/e","n/e","n/e","n/e","n/e","n/e","n/e","n/e","n/e","n/e","n/e","n/e","n/e","3180","n/e","n/e","43","n/e","0","n/e","n/e","1082"
"BZN|SE1","07.01.2022 05:00 - 07.01.2022 06:00 (CET/CEST)","n/e","n/e","n/e","n/e","n/e","n/e","n/e","n/e","n/e","n/e","n/e","n/e","n/e","3162","n/e","n/e","43","n/e","0","n/e","n/e","1071"
"BZN|SE1","07.01.2022 06:00 - 07.01.2022 07:00 (CET/CEST)","n/e","n/e","n/e","n/e","n/e","n/e","n/e","n/e","n/e","n/e","n/e","n/e","n/e","3526","n/e","n/e","43","n/e","0","n/e","n/e","1060"
"BZN|SE1","07.01.2022 07:00 - 07.01.2022 08:00 (CET/CEST)","n/e","n/e","n/e","n/e","n/e","n/e","n/e","n/e","n/e","n/e","n/e","n/e","n/e","3556","n/e","n/e","43","n/e","0","n/e","n/e","1000"
"BZN|SE1","07.01.2022 08:00 - 07.01.2022 09:00 (CET/CEST)","n/e","n/e","n/e","n/e","n/e","n/e","n/e","n/e","n/e","n/e","n/e","n/e","n/e","3601","n/e","n/e","43","n/e","0","n/e","n/e","886"
"BZN|SE1","07.01.2022 09:00 - 07.01.2022 10:00 (CET/CEST)","n/e","n/e","n/e","n/e","n/e","n/e","n/e","n/e","n/e","n/e","n/e","n/e","n/e","3698","n/e","n/e","45","n/e","0","n/e","n/e","832"
"BZN|SE1","07.01.2022 10:00 - 07.01.2022 11:00 (CET/CEST)","n/e","n/e","n/e","n/e","n/e","n/e","n/e","n/e","n/e","n/e","n/e","n/e","n/e","3762","n/e","n/e","45","n/e","0","n/e","n/e","803"
"BZN|SE1","07.01.2022 11:00 - 07.01.2022 12:00 (CET/CEST)","n/e","n/e","n/e","n/e","n/e","n/e","n/e","n/e","n/e","n/e","n/e","n/e","n/e","3849","n/e","n/e","45","n/e","0","n/e","n/e","801"
"BZN|SE1","07.01.2022 12:00 - 07.01.2022 13:00 (CET/CEST)","n/e","n/e","n/e","n/e","n/e","n/e","n/e","n/e","n/e","n/e","n/e","n/e","n/e","3863","n/e","n/e","43","n/e","0","n/e","n/e","656"
"BZN|SE1","07.01.2022 13:00 - 07.01.2022 14:00 (CET/CEST)","n/e","n/e","n/e","n/e","n/e","n/e","n/e","n/e","n/e","n/e","n/e","n/e","n/e","3853","n/e","n/e","45","n/e","0","n/e","n/e","572"
"BZN|SE1","07.01.2022 14:00 - 07.01.2022 15:00 (CET/CEST)","n/e","n/e","n/e","n/e","n/e","n/e","n/e","n/e","n/e","n/e","n/e","n/e","n/e","4117","n/e","n/e","45","n/e","0","n/e","n/e","414"
"BZN|SE1","07.01.2022 15:00 - 07.01.2022 16:00 (CET/CEST)","n/e","n/e","n/e","n/e","n/e","n/e","n/e","n/e","n/e","n/e","n/e","n/e","n/e","4118","n/e","n/e","45","n/e","0","n/e","n/e","310"
"BZN|SE1","07.01.2022 16:00 - 07.01.2022 17:00 (CET/CEST)","n/e","n/e","n/e","n/e","n/e","n/e","n/e","n/e","n/e","n/e","n/e","n/e","n/e","4080","n/e","n/e","45","n/e","0","n/e","n/e","212"
"BZN|SE1","07.01.2022 17:00 - 07.01.2022 18:00 (CET/CEST)","n/e","n/e","n/e","n/e","n/e","n/e","n/e","n/e","n/e","n/e","n/e","n/e","n/e","4108","n/e","n/e","45","n/e","0","n/e","n/e","166"
"BZN|SE1","07.01.2022 18:00 - 07.01.2022 19:00 (CET/CEST)","n/e","n/e","n/e","n/e","n/e","n/e","n/e","n/e","n/e","n/e","n/e","n/e","n/e","4021","n/e","n/e","45","n/e","0","n/e","n/e","144"
"BZN|SE1","07.01.2022 19:00 - 07.01.2022 20:00 (CET/CEST)","n/e","n/e","n/e","n/e","n/e","n/e","n/e","n/e","n/e","n/e","n/e","n/e","n/e","3925","n/e","n/e","45","n/e","0","n/e","n/e","76"
"BZN|SE1","07.01.2022 20:00 - 07.01.2022 21:00 (CET/CEST)","n/e","n/e","n/e","n/e","n/e","n/e","n/e","n/e","n/e","n/e","n/e","n/e","n/e","3857","n/e","n/e","45","n/e","0","n/e","n/e","73"
"BZN|SE1","07.01.2022 21:00 - 07.01.2022 22:00 (CET/CEST)","n/e","n/e","n/e","n/e","n/e","n/e","n/e","n/e","n/e","n/e","n/e","n/e","n/e","3753","n/e","n/e","45","n/e","0","n/e","n/e","85"
"BZN|SE1","07.01.2022 22:00 - 07.01.2022 23:00 (CET/CEST)","n/e","n/e","n/e","n/e","n/e","n/e","n/e","n/e","n/e","n/e","n/e","n/e","n/e","3695","n/e","n/e","45","n/e","0","n/e","n/e","107"
"BZN|SE1","07.01.2022 23:00 - 08.01.2022 00:00 (CET/CEST)","n/e","n/e","n/e","n/e","n/e","n/e","n/e","n/e","n/e","n/e","n/e","n/e","n/e","3649","n/e","n/e","45","n/e","0","n/e","n/e","155"
"BZN|SE1","08.01.2022 00:00 - 08.01.2022 01:00 (CET/CEST)","n/e","n/e","n/e","n/e","n/e","n/e","n/e","n/e","n/e","n/e","n/e","n/e","n/e","3389","n/e","n/e","41","n/e","0","n/e","n/e","256"
"BZN|SE1","08.01.2022 01:00 - 08.01.2022 02:00 (CET/CEST)","n/e","n/e","n/e","n/e","n/e","n/e","n/e","n/e","n/e","n/e","n/e","n/e","n/e","3245","n/e","n/e","41","n/e","0","n/e","n/e","338"
"BZN|SE1","08.01.2022 02:00 - 08.01.2022 03:00 (CET/CEST)","n/e","n/e","n/e","n/e","n/e","n/e","n/e","n/e","n/e","n/e","n/e","n/e","n/e","3250","n/e","n/e","38","n/e","0","n/e","n/e","485"
"BZN|SE1","08.01.2022 03:00 - 08.01.2022 04:00 (CET/CEST)","n/e","n/e","n/e","n/e","n/e","n/e","n/e","n/e","n/e","n/e","n/e","n/e","n/e","3190","n/e","n/e","38","n/e","0","n/e","n/e","611"
"BZN|SE1","08.01.2022 04:00 - 08.01.2022 05:00 (CET/CEST)","n/e","n/e","n/e","n/e","n/e","n/e","n/e","n/e","n/e","n/e","n/e","n/e","n/e","3188","n/e","n/e","38","n/e","0","n/e","n/e","634"
"BZN|SE1","08.01.2022 05:00 - 08.01.2022 06:00 (CET/CEST)","n/e","n/e","n/e","n/e","n/e","n/e","n/e","n/e","n/e","n/e","n/e","n/e","n/e","3181","n/e","n/e","38","n/e","0","n/e","n/e","647"
"BZN|SE1","08.01.2022 06:00 - 08.01.2022 07:00 (CET/CEST)","n/e","n/e","n/e","n/e","n/e","n/e","n/e","n/e","n/e","n/e","n/e","n/e","n/e","3107","n/e","n/e","38","n/e","0","n/e","n/e","652"
"BZN|SE1","08.01.2022 07:00 - 08.01.2022 08:00 (CET/CEST)","n/e","n/e","n/e","n/e","n/e","n/e","n/e","n/e","n/e","n/e","n/e","n/e","n/e","3086","n/e","n/e","38","n/e","0","n/e","n/e","743"
"BZN|SE1","08.01.2022 08:00 - 08.01.2022 09:00 (CET/CEST)","n/e","n/e","n/e","n/e","n/e","n/e","n/e","n/e","n/e","n/e","n/e","n/e","n/e","3173","n/e","n/e","33","n/e","0","n/e","n/e","785"
"BZN|SE1","08.01.2022 09:00 - 08.01.2022 10:00 (CET/CEST)","n/e","n/e","n/e","n/e","n/e","n/e","n/e","n/e","n/e","n/e","n/e","n/e","n/e","3147","n/e","n/e","28","n/e","0","n/e","n/e","739"
"BZN|SE1","08.01.2022 10:00 - 08.01.2022 11:00 (CET/CEST)","n/e","n/e","n/e","n/e","n/e","n/e","n/e","n/e","n/e","n/e","n/e","n/e","n/e","3125","n/e","n/e","28","n/e","0","n/e","n/e","693"
"BZN|SE1","08.01.2022 11:00 - 08.01.2022 12:00 (CET/CEST)","n/e","n/e","n/e","n/e","n/e","n/e","n/e","n/e","n/e","n/e","n/e","n/e","n/e","3201","n/e","n/e","28","n/e","0","n/e","n/e","710"
"BZN|SE1","08.01.2022 12:00 - 08.01.2022 13:00 (CET/CEST)","n/e","n/e","n/e","n/e","n/e","n/e","n/e","n/e","n/e","n/e","n/e","n/e","n/e","3238","n/e","n/e","26","n/e","0","n/e","n/e","697"
"BZN|SE1","08.01.2022 13:00 - 08.01.2022 14:00 (CET/CEST)","n/e","n/e","n/e","n/e","n/e","n/e","n/e","n/e","n/e","n/e","n/e","n/e","n/e","3259","n/e","n/e","28","n/e","0","n/e","n/e","612"
"BZN|SE1","08.01.2022 14:00 - 08.01.2022 15:00 (CET/CEST)","n/e","n/e","n/e","n/e","n/e","n/e","n/e","n/e","n/e","n/e","n/e","n/e","n/e","3354","n/e","n/e","28","n/e","0","n/e","n/e","563"
"BZN|SE1","08.01.2022 15:00 - 08.01.2022 16:00 (CET/CEST)","n/e","n/e","n/e","n/e","n/e","n/e","n/e","n/e","n/e","n/e","n/e","n/e","n/e","3451","n/e","n/e","28","n/e","0","n/e","n/e","528"
"BZN|SE1","08.01.2022 16:00 - 08.01.2022 17:00 (CET/CEST)","n/e","n/e","n/e","n/e","n/e","n/e","n/e","n/e","n/e","n/e","n/e","n/e","n/e","3559","n/e","n/e","28","n/e","0","n/e","n/e","487"
"BZN|SE1","08.01.2022 17:00 - 08.01.2022 18:00 (CET/CEST)","n/e","n/e","n/e","n/e","n/e","n/e","n/e","n/e","n/e","n/e","n/e","n/e","n/e","3654","n/e","n/e","28","n/e","0","n/e","n/e","491"
"BZN|SE1","08.01.2022 18:00 - 08.01.2022 19:00 (CET/CEST)","n/e","n/e","n/e","n/e","n/e","n/e","n/e","n/e","n/e","n/e","n/e","n/e","n/e","3637","n/e","n/e","28","n/e","0","n/e","n/e","503"
"BZN|SE1","08.01.2022 19:00 - 08.01.2022 20:00 (CET/CEST)","n/e","n/e","n/e","n/e","n/e","n/e","n/e","n/e","n/e","n/e","n/e","n/e","n/e","3617","n/e","n/e","28","n/e","0","n/e","n/e","507"
"BZN|SE1","08.01.2022 20:00 - 08.01.2022 21:00 (CET/CEST)","n/e","n/e","n/e","n/e","n/e","n/e","n/e","n/e","n/e","n/e","n/e","n/e","n/e","3484","n/e","n/e","28","n/e","0","n/e","n/e","441"
"BZN|SE1","08.01.2022 21:00 - 08.01.2022 22:00 (CET/CEST)","n/e","n/e","n/e","n/e","n/e","n/e","n/e","n/e","n/e","n/e","n/e","n/e","n/e","3501","n/e","n/e","28","n/e","0","n/e","n/e","286"
"BZN|SE1","08.01.2022 22:00 - 08.01.2022 23:00 (CET/CEST)","n/e","n/e","n/e","n/e","n/e","n/e","n/e","n/e","n/e","n/e","n/e","n/e","n/e","3549","n/e","n/e","28","n/e","0","n/e","n/e","225"
"BZN|SE1","08.01.2022 23:00 - 09.01.2022 00:00 (CET/CEST)","n/e","n/e","n/e","n/e","n/e","n/e","n/e","n/e","n/e","n/e","n/e","n/e","n/e","3522","n/e","n/e","34","n/e","0","n/e","n/e","176"
"BZN|SE1","09.01.2022 00:00 - 09.01.2022 01:00 (CET/CEST)","n/e","n/e","n/e","n/e","n/e","n/e","n/e","n/e","n/e","n/e","n/e","n/e","n/e","3513","n/e","n/e","26","n/e","0","n/e","n/e","135"
"BZN|SE1","09.01.2022 01:00 - 09.01.2022 02:00 (CET/CEST)","n/e","n/e","n/e","n/e","n/e","n/e","n/e","n/e","n/e","n/e","n/e","n/e","n/e","3490","n/e","n/e","36","n/e","0","n/e","n/e","101"
"BZN|SE1","09.01.2022 02:00 - 09.01.2022 03:00 (CET/CEST)","n/e","n/e","n/e","n/e","n/e","n/e","n/e","n/e","n/e","n/e","n/e","n/e","n/e","3561","n/e","n/e","37","n/e","0","n/e","n/e","88"
"BZN|SE1","09.01.2022 03:00 - 09.01.2022 04:00 (CET/CEST)","n/e","n/e","n/e","n/e","n/e","n/e","n/e","n/e","n/e","n/e","n/e","n/e","n/e","3563","n/e","n/e","37","n/e","0","n/e","n/e","74"
"BZN|SE1","09.01.2022 04:00 - 09.01.2022 05:00 (CET/CEST)","n/e","n/e","n/e","n/e","n/e","n/e","n/e","n/e","n/e","n/e","n/e","n/e","n/e","3558","n/e","n/e","37","n/e","0","n/e","n/e","48"
"BZN|SE1","09.01.2022 05:00 - 09.01.2022 06:00 (CET/CEST)","n/e","n/e","n/e","n/e","n/e","n/e","n/e","n/e","n/e","n/e","n/e","n/e","n/e","3583","n/e","n/e","37","n/e","0","n/e","n/e","35"
"BZN|SE1","09.01.2022 06:00 - 09.01.2022 07:00 (CET/CEST)","n/e","n/e","n/e","n/e","n/e","n/e","n/e","n/e","n/e","n/e","n/e","n/e","n/e","3561","n/e","n/e","37","n/e","0","n/e","n/e","25"
"BZN|SE1","09.01.2022 07:00 - 09.01.2022 08:00 (CET/CEST)","n/e","n/e","n/e","n/e","n/e","n/e","n/e","n/e","n/e","n/e","n/e","n/e","n/e","3726","n/e","n/e","37","n/e","0","n/e","n/e","26"
"BZN|SE1","09.01.2022 08:00 - 09.01.2022 09:00 (CET/CEST)","n/e","n/e","n/e","n/e","n/e","n/e","n/e","n/e","n/e","n/e","n/e","n/e","n/e","3886","n/e","n/e","43","n/e","0","n/e","n/e","21"
"BZN|SE1","09.01.2022 09:00 - 09.01.2022 10:00 (CET/CEST)","n/e","n/e","n/e","n/e","n/e","n/e","n/e","n/e","n/e","n/e","n/e","n/e","n/e","3991","n/e","n/e","43","n/e","0","n/e","n/e","20"
"BZN|SE1","09.01.2022 10:00 - 09.01.2022 11:00 (CET/CEST)","n/e","n/e","n/e","n/e","n/e","n/e","n/e","n/e","n/e","n/e","n/e","n/e","n/e","4184","n/e","n/e","43","n/e","0","n/e","n/e","42"
"BZN|SE1","09.01.2022 11:00 - 09.01.2022 12:00 (CET/CEST)","n/e","n/e","n/e","n/e","n/e","n/e","n/e","n/e","n/e","n/e","n/e","n/e","n/e","4110","n/e","n/e","43","n/e","0","n/e","n/e","55"
"BZN|SE1","09.01.2022 12:00 - 09.01.2022 13:00 (CET/CEST)","n/e","n/e","n/e","n/e","n/e","n/e","n/e","n/e","n/e","n/e","n/e","n/e","n/e","4005","n/e","n/e","41","n/e","0","n/e","n/e","53"
"BZN|SE1","09.01.2022 13:00 - 09.01.2022 14:00 (CET/CEST)","n/e","n/e","n/e","n/e","n/e","n/e","n/e","n/e","n/e","n/e","n/e","n/e","n/e","3996","n/e","n/e","43","n/e","0","n/e","n/e","64"
"BZN|SE1","09.01.2022 14:00 - 09.01.2022 15:00 (CET/CEST)","n/e","n/e","n/e","n/e","n/e","n/e","n/e","n/e","n/e","n/e","n/e","n/e","n/e","4035","n/e","n/e","43","n/e","0","n/e","n/e","74"
"BZN|SE1","09.01.2022 15:00 - 09.01.2022 16:00 (CET/CEST)","n/e","n/e","n/e","n/e","n/e","n/e","n/e","n/e","n/e","n/e","n/e","n/e","n/e","4065","n/e","n/e","43","n/e","0","n/e","n/e","74"
"BZN|SE1","09.01.2022 16:00 - 09.01.2022 17:00 (CET/CEST)","n/e","n/e","n/e","n/e","n/e","n/e","n/e","n/e","n/e","n/e","n/e","n/e","n/e","4145","n/e","n/e","43","n/e","0","n/e","n/e","64"
"BZN|SE1","09.01.2022 17:00 - 09.01.2022 18:00 (CET/CEST)","n/e","n/e","n/e","n/e","n/e","n/e","n/e","n/e","n/e","n/e","n/e","n/e","n/e","4131","n/e","n/e","43","n/e","0","n/e","n/e","54"
"BZN|SE1","09.01.2022 18:00 - 09.01.2022 19:00 (CET/CEST)","n/e","n/e","n/e","n/e","n/e","n/e","n/e","n/e","n/e","n/e","n/e","n/e","n/e","4128","n/e","n/e","43","n/e","0","n/e","n/e","34"
"BZN|SE1","09.01.2022 19:00 - 09.01.2022 20:00 (CET/CEST)","n/e","n/e","n/e","n/e","n/e","n/e","n/e","n/e","n/e","n/e","n/e","n/e","n/e","4123","n/e","n/e","43","n/e","0","n/e","n/e","32"
"BZN|SE1","09.01.2022 20:00 - 09.01.2022 21:00 (CET/CEST)","n/e","n/e","n/e","n/e","n/e","n/e","n/e","n/e","n/e","n/e","n/e","n/e","n/e","4123","n/e","n/e","43","n/e","0","n/e","n/e","30"
"BZN|SE1","09.01.2022 21:00 - 09.01.2022 22:00 (CET/CEST)","n/e","n/e","n/e","n/e","n/e","n/e","n/e","n/e","n/e","n/e","n/e","n/e","n/e","4248","n/e","n/e","43","n/e","0","n/e","n/e","37"
"BZN|SE1","09.01.2022 22:00 - 09.01.2022 23:00 (CET/CEST)","n/e","n/e","n/e","n/e","n/e","n/e","n/e","n/e","n/e","n/e","n/e","n/e","n/e","4222","n/e","n/e","43","n/e","0","n/e","n/e","51"
"BZN|SE1","09.01.2022 23:00 - 10.01.2022 00:00 (CET/CEST)","n/e","n/e","n/e","n/e","n/e","n/e","n/e","n/e","n/e","n/e","n/e","n/e","n/e","4092","n/e","n/e","43","n/e","0","n/e","n/e","56"
"BZN|SE1","10.01.2022 00:00 - 10.01.2022 01:00 (CET/CEST)","n/e","n/e","n/e","n/e","n/e","n/e","n/e","n/e","n/e","n/e","n/e","n/e","n/e","3864","n/e","n/e","40","n/e","0","n/e","n/e","68"
"BZN|SE1","10.01.2022 01:00 - 10.01.2022 02:00 (CET/CEST)","n/e","n/e","n/e","n/e","n/e","n/e","n/e","n/e","n/e","n/e","n/e","n/e","n/e","3858","n/e","n/e","41","n/e","0","n/e","n/e","67"
"BZN|SE1","10.01.2022 02:00 - 10.01.2022 03:00 (CET/CEST)","n/e","n/e","n/e","n/e","n/e","n/e","n/e","n/e","n/e","n/e","n/e","n/e","n/e","3770","n/e","n/e","43","n/e","0","n/e","n/e","72"
"BZN|SE1","10.01.2022 03:00 - 10.01.2022 04:00 (CET/CEST)","n/e","n/e","n/e","n/e","n/e","n/e","n/e","n/e","n/e","n/e","n/e","n/e","n/e","3696","n/e","n/e","43","n/e","0","n/e","n/e","115"
"BZN|SE1","10.01.2022 04:00 - 10.01.2022 05:00 (CET/CEST)","n/e","n/e","n/e","n/e","n/e","n/e","n/e","n/e","n/e","n/e","n/e","n/e","n/e","3692","n/e","n/e","43","n/e","0","n/e","n/e","225"
"BZN|SE1","10.01.2022 05:00 - 10.01.2022 06:00 (CET/CEST)","n/e","n/e","n/e","n/e","n/e","n/e","n/e","n/e","n/e","n/e","n/e","n/e","n/e","3681","n/e","n/e","43","n/e","0","n/e","n/e","284"
"BZN|SE1","10.01.2022 06:00 - 10.01.2022 07:00 (CET/CEST)","n/e","n/e","n/e","n/e","n/e","n/e","n/e","n/e","n/e","n/e","n/e","n/e","n/e","3980","n/e","n/e","43","n/e","0","n/e","n/e","320"
"BZN|SE1","10.01.2022 07:00 - 10.01.2022 08:00 (CET/CEST)","n/e","n/e","n/e","n/e","n/e","n/e","n/e","n/e","n/e","n/e","n/e","n/e","n/e","4087","n/e","n/e","43","n/e","0","n/e","n/e","301"
"BZN|SE1","10.01.2022 08:00 - 10.01.2022 09:00 (CET/CEST)","n/e","n/e","n/e","n/e","n/e","n/e","n/e","n/e","n/e","n/e","n/e","n/e","n/e","4064","n/e","n/e","42","n/e","0","n/e","n/e","332"
"BZN|SE1","10.01.2022 09:00 - 10.01.2022 10:00 (CET/CEST)","n/e","n/e","n/e","n/e","n/e","n/e","n/e","n/e","n/e","n/e","n/e","n/e","n/e","3954","n/e","n/e","42","n/e","0","n/e","n/e","299"
"BZN|SE1","10.01.2022 10:00 - 10.01.2022 11:00 (CET/CEST)","n/e","n/e","n/e","n/e","n/e","n/e","n/e","n/e","n/e","n/e","n/e","n/e","n/e","3845","n/e","n/e","42","n/e","0","n/e","n/e","316"
"BZN|SE1","10.01.2022 11:00 - 10.01.2022 12:00 (CET/CEST)","n/e","n/e","n/e","n/e","n/e","n/e","n/e","n/e","n/e","n/e","n/e","n/e","n/e","3871","n/e","n/e","42","n/e","0","n/e","n/e","413"
"BZN|SE1","10.01.2022 12:00 - 10.01.2022 13:00 (CET/CEST)","n/e","n/e","n/e","n/e","n/e","n/e","n/e","n/e","n/e","n/e","n/e","n/e","n/e","3843","n/e","n/e","40","n/e","0","n/e","n/e","563"
"BZN|SE1","10.01.2022 13:00 - 10.01.2022 14:00 (CET/CEST)","n/e","n/e","n/e","n/e","n/e","n/e","n/e","n/e","n/e","n/e","n/e","n/e","n/e","3537","n/e","n/e","42","n/e","0","n/e","n/e","486"
"BZN|SE1","10.01.2022 14:00 - 10.01.2022 15:00 (CET/CEST)","n/e","n/e","n/e","n/e","n/e","n/e","n/e","n/e","n/e","n/e","n/e","n/e","n/e","3525","n/e","n/e","42","n/e","0","n/e","n/e","434"
"BZN|SE1","10.01.2022 15:00 - 10.01.2022 16:00 (CET/CEST)","n/e","n/e","n/e","n/e","n/e","n/e","n/e","n/e","n/e","n/e","n/e","n/e","n/e","3362","n/e","n/e","43","n/e","0","n/e","n/e","411"
"BZN|SE1","10.01.2022 16:00 - 10.01.2022 17:00 (CET/CEST)","n/e","n/e","n/e","n/e","n/e","n/e","n/e","n/e","n/e","n/e","n/e","n/e","n/e","3288","n/e","n/e","43","n/e","0","n/e","n/e","507"
"BZN|SE1","10.01.2022 17:00 - 10.01.2022 18:00 (CET/CEST)","n/e","n/e","n/e","n/e","n/e","n/e","n/e","n/e","n/e","n/e","n/e","n/e","n/e","3154","n/e","n/e","43","n/e","0","n/e","n/e","607"
"BZN|SE1","10.01.2022 18:00 - 10.01.2022 19:00 (CET/CEST)","n/e","n/e","n/e","n/e","n/e","n/e","n/e","n/e","n/e","n/e","n/e","n/e","n/e","2775","n/e","n/e","43","n/e","0","n/e","n/e","679"
"BZN|SE1","10.01.2022 19:00 - 10.01.2022 20:00 (CET/CEST)","n/e","n/e","n/e","n/e","n/e","n/e","n/e","n/e","n/e","n/e","n/e","n/e","n/e","2768","n/e","n/e","43","n/e","0","n/e","n/e","706"
"BZN|SE1","10.01.2022 20:00 - 10.01.2022 21:00 (CET/CEST)","n/e","n/e","n/e","n/e","n/e","n/e","n/e","n/e","n/e","n/e","n/e","n/e","n/e","2570","n/e","n/e","43","n/e","0","n/e","n/e","714"
"BZN|SE1","10.01.2022 21:00 - 10.01.2022 22:00 (CET/CEST)","n/e","n/e","n/e","n/e","n/e","n/e","n/e","n/e","n/e","n/e","n/e","n/e","n/e","2377","n/e","n/e","42","n/e","0","n/e","n/e","712"
"BZN|SE1","10.01.2022 22:00 - 10.01.2022 23:00 (CET/CEST)","n/e","n/e","n/e","n/e","n/e","n/e","n/e","n/e","n/e","n/e","n/e","n/e","n/e","2337","n/e","n/e","42","n/e","0","n/e","n/e","705"
"BZN|SE1","10.01.2022 23:00 - 11.01.2022 00:00 (CET/CEST)","n/e","n/e","n/e","n/e","n/e","n/e","n/e","n/e","n/e","n/e","n/e","n/e","n/e","2234","n/e","n/e","42","n/e","0","n/e","n/e","880"
"BZN|SE1","11.01.2022 00:00 - 11.01.2022 01:00 (CET/CEST)","n/e","n/e","n/e","n/e","n/e","n/e","n/e","n/e","n/e","n/e","n/e","n/e","n/e","1967","n/e","n/e","41","n/e","0","n/e","n/e","964"
"BZN|SE1","11.01.2022 01:00 - 11.01.2022 02:00 (CET/CEST)","n/e","n/e","n/e","n/e","n/e","n/e","n/e","n/e","n/e","n/e","n/e","n/e","n/e","1967","n/e","n/e","41","n/e","0","n/e","n/e","1003"
"BZN|SE1","11.01.2022 02:00 - 11.01.2022 03:00 (CET/CEST)","n/e","n/e","n/e","n/e","n/e","n/e","n/e","n/e","n/e","n/e","n/e","n/e","n/e","1965","n/e","n/e","41","n/e","0","n/e","n/e","934"
"BZN|SE1","11.01.2022 03:00 - 11.01.2022 04:00 (CET/CEST)","n/e","n/e","n/e","n/e","n/e","n/e","n/e","n/e","n/e","n/e","n/e","n/e","n/e","1961","n/e","n/e","43","n/e","0","n/e","n/e","863"
"BZN|SE1","11.01.2022 04:00 - 11.01.2022 05:00 (CET/CEST)","n/e","n/e","n/e","n/e","n/e","n/e","n/e","n/e","n/e","n/e","n/e","n/e","n/e","1962","n/e","n/e","43","n/e","0","n/e","n/e","879"
"BZN|SE1","11.01.2022 05:00 - 11.01.2022 06:00 (CET/CEST)","n/e","n/e","n/e","n/e","n/e","n/e","n/e","n/e","n/e","n/e","n/e","n/e","n/e","1982","n/e","n/e","43","n/e","0","n/e","n/e","859"
"BZN|SE1","11.01.2022 06:00 - 11.01.2022 07:00 (CET/CEST)","n/e","n/e","n/e","n/e","n/e","n/e","n/e","n/e","n/e","n/e","n/e","n/e","n/e","2021","n/e","n/e","43","n/e","0","n/e","n/e","865"
"BZN|SE1","11.01.2022 07:00 - 11.01.2022 08:00 (CET/CEST)","n/e","n/e","n/e","n/e","n/e","n/e","n/e","n/e","n/e","n/e","n/e","n/e","n/e","1971","n/e","n/e","43","n/e","0","n/e","n/e","752"
"BZN|SE1","11.01.2022 08:00 - 11.01.2022 09:00 (CET/CEST)","n/e","n/e","n/e","n/e","n/e","n/e","n/e","n/e","n/e","n/e","n/e","n/e","n/e","1936","n/e","n/e","41","n/e","0","n/e","n/e","640"
"BZN|SE1","11.01.2022 09:00 - 11.01.2022 10:00 (CET/CEST)","n/e","n/e","n/e","n/e","n/e","n/e","n/e","n/e","n/e","n/e","n/e","n/e","n/e","1938","n/e","n/e","41","n/e","0","n/e","n/e","778"
"BZN|SE1","11.01.2022 10:00 - 11.01.2022 11:00 (CET/CEST)","n/e","n/e","n/e","n/e","n/e","n/e","n/e","n/e","n/e","n/e","n/e","n/e","n/e","1960","n/e","n/e","40","n/e","0","n/e","n/e","918"
"BZN|SE1","11.01.2022 11:00 - 11.01.2022 12:00 (CET/CEST)","n/e","n/e","n/e","n/e","n/e","n/e","n/e","n/e","n/e","n/e","n/e","n/e","n/e","1956","n/e","n/e","36","n/e","0","n/e","n/e","939"
"BZN|SE1","11.01.2022 12:00 - 11.01.2022 13:00 (CET/CEST)","n/e","n/e","n/e","n/e","n/e","n/e","n/e","n/e","n/e","n/e","n/e","n/e","n/e","1979","n/e","n/e","36","n/e","0","n/e","n/e","1054"
"BZN|SE1","11.01.2022 13:00 - 11.01.2022 14:00 (CET/CEST)","n/e","n/e","n/e","n/e","n/e","n/e","n/e","n/e","n/e","n/e","n/e","n/e","n/e","1982","n/e","n/e","36","n/e","0","n/e","n/e","1169"
"BZN|SE1","11.01.2022 14:00 - 11.01.2022 15:00 (CET/CEST)","n/e","n/e","n/e","n/e","n/e","n/e","n/e","n/e","n/e","n/e","n/e","n/e","n/e","1988","n/e","n/e","36","n/e","0","n/e","n/e","1154"
"BZN|SE1","11.01.2022 15:00 - 11.01.2022 16:00 (CET/CEST)","n/e","n/e","n/e","n/e","n/e","n/e","n/e","n/e","n/e","n/e","n/e","n/e","n/e","1929","n/e","n/e","36","n/e","0","n/e","n/e","1138"
"BZN|SE1","11.01.2022 16:00 - 11.01.2022 17:00 (CET/CEST)","n/e","n/e","n/e","n/e","n/e","n/e","n/e","n/e","n/e","n/e","n/e","n/e","n/e","1921","n/e","n/e","37","n/e","0","n/e","n/e","1132"
"BZN|SE1","11.01.2022 17:00 - 11.01.2022 18:00 (CET/CEST)","n/e","n/e","n/e","n/e","n/e","n/e","n/e","n/e","n/e","n/e","n/e","n/e","n/e","1917","n/e","n/e","36","n/e","0","n/e","n/e","1101"
"BZN|SE1","11.01.2022 18:00 - 11.01.2022 19:00 (CET/CEST)","n/e","n/e","n/e","n/e","n/e","n/e","n/e","n/e","n/e","n/e","n/e","n/e","n/e","1830","n/e","n/e","37","n/e","0","n/e","n/e","1128"
"BZN|SE1","11.01.2022 19:00 - 11.01.2022 20:00 (CET/CEST)","n/e","n/e","n/e","n/e","n/e","n/e","n/e","n/e","n/e","n/e","n/e","n/e","n/e","1830","n/e","n/e","37","n/e","0","n/e","n/e","1142"
"BZN|SE1","11.01.2022 20:00 - 11.01.2022 21:00 (CET/CEST)","n/e","n/e","n/e","n/e","n/e","n/e","n/e","n/e","n/e","n/e","n/e","n/e","n/e","1830","n/e","n/e","37","n/e","0","n/e","n/e","1165"
"BZN|SE1","11.01.2022 21:00 - 11.01.2022 22:00 (CET/CEST)","n/e","n/e","n/e","n/e","n/e","n/e","n/e","n/e","n/e","n/e","n/e","n/e","n/e","1830","n/e","n/e","36","n/e","0","n/e","n/e","1194"
"BZN|SE1","11.01.2022 22:00 - 11.01.2022 23:00 (CET/CEST)","n/e","n/e","n/e","n/e","n/e","n/e","n/e","n/e","n/e","n/e","n/e","n/e","n/e","1759","n/e","n/e","36","n/e","0","n/e","n/e","1252"
"BZN|SE1","11.01.2022 23:00 - 12.01.2022 00:00 (CET/CEST)","n/e","n/e","n/e","n/e","n/e","n/e","n/e","n/e","n/e","n/e","n/e","n/e","n/e","1701","n/e","n/e","37","n/e","0","n/e","n/e","1379"
"BZN|SE1","12.01.2022 00:00 - 12.01.2022 01:00 (CET/CEST)","n/e","n/e","n/e","n/e","n/e","n/e","n/e","n/e","n/e","n/e","n/e","n/e","n/e","1693","n/e","n/e","37","n/e","0","n/e","n/e","1409"
"BZN|SE1","12.01.2022 01:00 - 12.01.2022 02:00 (CET/CEST)","n/e","n/e","n/e","n/e","n/e","n/e","n/e","n/e","n/e","n/e","n/e","n/e","n/e","1689","n/e","n/e","37","n/e","0","n/e","n/e","1487"
"BZN|SE1","12.01.2022 02:00 - 12.01.2022 03:00 (CET/CEST)","n/e","n/e","n/e","n/e","n/e","n/e","n/e","n/e","n/e","n/e","n/e","n/e","n/e","1677","n/e","n/e","37","n/e","0","n/e","n/e","1515"
"BZN|SE1","12.01.2022 03:00 - 12.01.2022 04:00 (CET/CEST)","n/e","n/e","n/e","n/e","n/e","n/e","n/e","n/e","n/e","n/e","n/e","n/e","n/e","1612","n/e","n/e","37","n/e","0","n/e","n/e","1536"
"BZN|SE1","12.01.2022 04:00 - 12.01.2022 05:00 (CET/CEST)","n/e","n/e","n/e","n/e","n/e","n/e","n/e","n/e","n/e","n/e","n/e","n/e","n/e","1612","n/e","n/e","37","n/e","0","n/e","n/e","1553"
"BZN|SE1","12.01.2022 05:00 - 12.01.2022 06:00 (CET/CEST)","n/e","n/e","n/e","n/e","n/e","n/e","n/e","n/e","n/e","n/e","n/e","n/e","n/e","1609","n/e","n/e","37","n/e","0","n/e","n/e","1556"
"BZN|SE1","12.01.2022 06:00 - 12.01.2022 07:00 (CET/CEST)","n/e","n/e","n/e","n/e","n/e","n/e","n/e","n/e","n/e","n/e","n/e","n/e","n/e","1601","n/e","n/e","37","n/e","0","n/e","n/e","1602"
"BZN|SE1","12.01.2022 07:00 - 12.01.2022 08:00 (CET/CEST)","n/e","n/e","n/e","n/e","n/e","n/e","n/e","n/e","n/e","n/e","n/e","n/e","n/e","1611","n/e","n/e","37","n/e","0","n/e","n/e","1623"
"BZN|SE1","12.01.2022 08:00 - 12.01.2022 09:00 (CET/CEST)","n/e","n/e","n/e","n/e","n/e","n/e","n/e","n/e","n/e","n/e","n/e","n/e","n/e","1619","n/e","n/e","36","n/e","0","n/e","n/e","1644"
"BZN|SE1","12.01.2022 09:00 - 12.01.2022 10:00 (CET/CEST)","n/e","n/e","n/e","n/e","n/e","n/e","n/e","n/e","n/e","n/e","n/e","n/e","n/e","1620","n/e","n/e","35","n/e","0","n/e","n/e","1650"
"BZN|SE1","12.01.2022 10:00 - 12.01.2022 11:00 (CET/CEST)","n/e","n/e","n/e","n/e","n/e","n/e","n/e","n/e","n/e","n/e","n/e","n/e","n/e","1607","n/e","n/e","34","n/e","0","n/e","n/e","1604"
"BZN|SE1","12.01.2022 11:00 - 12.01.2022 12:00 (CET/CEST)","n/e","n/e","n/e","n/e","n/e","n/e","n/e","n/e","n/e","n/e","n/e","n/e","n/e","1611","n/e","n/e","40","n/e","0","n/e","n/e","1620"
"BZN|SE1","12.01.2022 12:00 - 12.01.2022 13:00 (CET/CEST)","n/e","n/e","n/e","n/e","n/e","n/e","n/e","n/e","n/e","n/e","n/e","n/e","n/e","1578","n/e","n/e","40","n/e","0","n/e","n/e","1483"
"BZN|SE1","12.01.2022 13:00 - 12.01.2022 14:00 (CET/CEST)","n/e","n/e","n/e","n/e","n/e","n/e","n/e","n/e","n/e","n/e","n/e","n/e","n/e","1658","n/e","n/e","39","n/e","0","n/e","n/e","1493"
"BZN|SE1","12.01.2022 14:00 - 12.01.2022 15:00 (CET/CEST)","n/e","n/e","n/e","n/e","n/e","n/e","n/e","n/e","n/e","n/e","n/e","n/e","n/e","1743","n/e","n/e","39","n/e","0","n/e","n/e","1555"
"BZN|SE1","12.01.2022 15:00 - 12.01.2022 16:00 (CET/CEST)","n/e","n/e","n/e","n/e","n/e","n/e","n/e","n/e","n/e","n/e","n/e","n/e","n/e","1715","n/e","n/e","40","n/e","0","n/e","n/e","1569"
"BZN|SE1","12.01.2022 16:00 - 12.01.2022 17:00 (CET/CEST)","n/e","n/e","n/e","n/e","n/e","n/e","n/e","n/e","n/e","n/e","n/e","n/e","n/e","1772","n/e","n/e","40","n/e","0","n/e","n/e","1566"
"BZN|SE1","12.01.2022 17:00 - 12.01.2022 18:00 (CET/CEST)","n/e","n/e","n/e","n/e","n/e","n/e","n/e","n/e","n/e","n/e","n/e","n/e","n/e","1698","n/e","n/e","39","n/e","0","n/e","n/e","1519"
"BZN|SE1","12.01.2022 18:00 - 12.01.2022 19:00 (CET/CEST)","n/e","n/e","n/e","n/e","n/e","n/e","n/e","n/e","n/e","n/e","n/e","n/e","n/e","1576","n/e","n/e","40","n/e","0","n/e","n/e","1516"
"BZN|SE1","12.01.2022 19:00 - 12.01.2022 20:00 (CET/CEST)","n/e","n/e","n/e","n/e","n/e","n/e","n/e","n/e","n/e","n/e","n/e","n/e","n/e","1550","n/e","n/e","40","n/e","0","n/e","n/e","1524"
"BZN|SE1","12.01.2022 20:00 - 12.01.2022 21:00 (CET/CEST)","n/e","n/e","n/e","n/e","n/e","n/e","n/e","n/e","n/e","n/e","n/e","n/e","n/e","1595","n/e","n/e","31","n/e","0","n/e","n/e","1521"
"BZN|SE1","12.01.2022 21:00 - 12.01.2022 22:00 (CET/CEST)","n/e","n/e","n/e","n/e","n/e","n/e","n/e","n/e","n/e","n/e","n/e","n/e","n/e","1574","n/e","n/e","30","n/e","0","n/e","n/e","1515"
"BZN|SE1","12.01.2022 22:00 - 12.01.2022 23:00 (CET/CEST)","n/e","n/e","n/e","n/e","n/e","n/e","n/e","n/e","n/e","n/e","n/e","n/e","n/e","1562","n/e","n/e","31","n/e","0","n/e","n/e","1460"
"BZN|SE1","12.01.2022 23:00 - 13.01.2022 00:00 (CET/CEST)","n/e","n/e","n/e","n/e","n/e","n/e","n/e","n/e","n/e","n/e","n/e","n/e","n/e","1419","n/e","n/e","31","n/e","0","n/e","n/e","1434"
"BZN|SE1","13.01.2022 00:00 - 13.01.2022 01:00 (CET/CEST)","n/e","n/e","n/e","n/e","n/e","n/e","n/e","n/e","n/e","n/e","n/e","n/e","n/e","1462","n/e","n/e","25","n/e","0","n/e","n/e","1391"
"BZN|SE1","13.01.2022 01:00 - 13.01.2022 02:00 (CET/CEST)","n/e","n/e","n/e","n/e","n/e","n/e","n/e","n/e","n/e","n/e","n/e","n/e","n/e","1333","n/e","n/e","25","n/e","0","n/e","n/e","1400"
"BZN|SE1","13.01.2022 02:00 - 13.01.2022 03:00 (CET/CEST)","n/e","n/e","n/e","n/e","n/e","n/e","n/e","n/e","n/e","n/e","n/e","n/e","n/e","1243","n/e","n/e","25","n/e","0","n/e","n/e","1457"
"BZN|SE1","13.01.2022 03:00 - 13.01.2022 04:00 (CET/CEST)","n/e","n/e","n/e","n/e","n/e","n/e","n/e","n/e","n/e","n/e","n/e","n/e","n/e","1263","n/e","n/e","25","n/e","0","n/e","n/e","1492"
"BZN|SE1","13.01.2022 04:00 - 13.01.2022 05:00 (CET/CEST)","n/e","n/e","n/e","n/e","n/e","n/e","n/e","n/e","n/e","n/e","n/e","n/e","n/e","1244","n/e","n/e","26","n/e","0","n/e","n/e","1544"
"BZN|SE1","13.01.2022 05:00 - 13.01.2022 06:00 (CET/CEST)","n/e","n/e","n/e","n/e","n/e","n/e","n/e","n/e","n/e","n/e","n/e","n/e","n/e","1411","n/e","n/e","25","n/e","0","n/e","n/e","1585"
"BZN|SE1","13.01.2022 06:00 - 13.01.2022 07:00 (CET/CEST)","n/e","n/e","n/e","n/e","n/e","n/e","n/e","n/e","n/e","n/e","n/e","n/e","n/e","1546","n/e","n/e","25","n/e","0","n/e","n/e","1580"
"BZN|SE1","13.01.2022 07:00 - 13.01.2022 08:00 (CET/CEST)","n/e","n/e","n/e","n/e","n/e","n/e","n/e","n/e","n/e","n/e","n/e","n/e","n/e","1661","n/e","n/e","30","n/e","0","n/e","n/e","1561"
"BZN|SE1","13.01.2022 08:00 - 13.01.2022 09:00 (CET/CEST)","n/e","n/e","n/e","n/e","n/e","n/e","n/e","n/e","n/e","n/e","n/e","n/e","n/e","1713","n/e","n/e","32","n/e","0","n/e","n/e","1533"
"BZN|SE1","13.01.2022 09:00 - 13.01.2022 10:00 (CET/CEST)","n/e","n/e","n/e","n/e","n/e","n/e","n/e","n/e","n/e","n/e","n/e","n/e","n/e","1724","n/e","n/e","32","n/e","0","n/e","n/e","1552"
"BZN|SE1","13.01.2022 10:00 - 13.01.2022 11:00 (CET/CEST)","n/e","n/e","n/e","n/e","n/e","n/e","n/e","n/e","n/e","n/e","n/e","n/e","n/e","1724","n/e","n/e","31","n/e","0","n/e","n/e","1547"
"BZN|SE1","13.01.2022 11:00 - 13.01.2022 12:00 (CET/CEST)","n/e","n/e","n/e","n/e","n/e","n/e","n/e","n/e","n/e","n/e","n/e","n/e","n/e","1718","n/e","n/e","36","n/e","0","n/e","n/e","1490"
"BZN|SE1","13.01.2022 12:00 - 13.01.2022 13:00 (CET/CEST)","n/e","n/e","n/e","n/e","n/e","n/e","n/e","n/e","n/e","n/e","n/e","n/e","n/e","1709","n/e","n/e","38","n/e","0","n/e","n/e","1439"
"BZN|SE1","13.01.2022 13:00 - 13.01.2022 14:00 (CET/CEST)","n/e","n/e","n/e","n/e","n/e","n/e","n/e","n/e","n/e","n/e","n/e","n/e","n/e","1707","n/e","n/e","38","n/e","0","n/e","n/e","1449"
"BZN|SE1","13.01.2022 14:00 - 13.01.2022 15:00 (CET/CEST)","n/e","n/e","n/e","n/e","n/e","n/e","n/e","n/e","n/e","n/e","n/e","n/e","n/e","1704","n/e","n/e","38","n/e","0","n/e","n/e","1436"
"BZN|SE1","13.01.2022 15:00 - 13.01.2022 16:00 (CET/CEST)","n/e","n/e","n/e","n/e","n/e","n/e","n/e","n/e","n/e","n/e","n/e","n/e","n/e","1703","n/e","n/e","38","n/e","0","n/e","n/e","1374"
"BZN|SE1","13.01.2022 16:00 - 13.01.2022 17:00 (CET/CEST)","n/e","n/e","n/e","n/e","n/e","n/e","n/e","n/e","n/e","n/e","n/e","n/e","n/e","1702","n/e","n/e","38","n/e","0","n/e","n/e","1473"
"BZN|SE1","13.01.2022 17:00 - 13.01.2022 18:00 (CET/CEST)","n/e","n/e","n/e","n/e","n/e","n/e","n/e","n/e","n/e","n/e","n/e","n/e","n/e","1703","n/e","n/e","38","n/e","0","n/e","n/e","1517"
"BZN|SE1","13.01.2022 18:00 - 13.01.2022 19:00 (CET/CEST)","n/e","n/e","n/e","n/e","n/e","n/e","n/e","n/e","n/e","n/e","n/e","n/e","n/e","1673","n/e","n/e","38","n/e","0","n/e","n/e","1518"
"BZN|SE1","13.01.2022 19:00 - 13.01.2022 20:00 (CET/CEST)","n/e","n/e","n/e","n/e","n/e","n/e","n/e","n/e","n/e","n/e","n/e","n/e","n/e","1660","n/e","n/e","34","n/e","0","n/e","n/e","1502"
"BZN|SE1","13.01.2022 20:00 - 13.01.2022 21:00 (CET/CEST)","n/e","n/e","n/e","n/e","n/e","n/e","n/e","n/e","n/e","n/e","n/e","n/e","n/e","1639","n/e","n/e","30","n/e","0","n/e","n/e","1522"
"BZN|SE1","13.01.2022 21:00 - 13.01.2022 22:00 (CET/CEST)","n/e","n/e","n/e","n/e","n/e","n/e","n/e","n/e","n/e","n/e","n/e","n/e","n/e","1581","n/e","n/e","29","n/e","0","n/e","n/e","1533"
"BZN|SE1","13.01.2022 22:00 - 13.01.2022 23:00 (CET/CEST)","n/e","n/e","n/e","n/e","n/e","n/e","n/e","n/e","n/e","n/e","n/e","n/e","n/e","1549","n/e","n/e","30","n/e","0","n/e","n/e","1527"
"BZN|SE1","13.01.2022 23:00 - 14.01.2022 00:00 (CET/CEST)","n/e","n/e","n/e","n/e","n/e","n/e","n/e","n/e","n/e","n/e","n/e","n/e","n/e","1502","n/e","n/e","30","n/e","0","n/e","n/e","1525"
"BZN|SE1","14.01.2022 00:00 - 14.01.2022 01:00 (CET/CEST)","n/e","n/e","n/e","n/e","n/e","n/e","n/e","n/e","n/e","n/e","n/e","n/e","n/e","1216","n/e","n/e","31","n/e","0","n/e","n/e","1535"
"BZN|SE1","14.01.2022 01:00 - 14.01.2022 02:00 (CET/CEST)","n/e","n/e","n/e","n/e","n/e","n/e","n/e","n/e","n/e","n/e","n/e","n/e","n/e","1211","n/e","n/e","31","n/e","0","n/e","n/e","1503"
"BZN|SE1","14.01.2022 02:00 - 14.01.2022 03:00 (CET/CEST)","n/e","n/e","n/e","n/e","n/e","n/e","n/e","n/e","n/e","n/e","n/e","n/e","n/e","1196","n/e","n/e","31","n/e","0","n/e","n/e","1510"
"BZN|SE1","14.01.2022 03:00 - 14.01.2022 04:00 (CET/CEST)","n/e","n/e","n/e","n/e","n/e","n/e","n/e","n/e","n/e","n/e","n/e","n/e","n/e","1197","n/e","n/e","31","n/e","0","n/e","n/e","1503"
"BZN|SE1","14.01.2022 04:00 - 14.01.2022 05:00 (CET/CEST)","n/e","n/e","n/e","n/e","n/e","n/e","n/e","n/e","n/e","n/e","n/e","n/e","n/e","1196","n/e","n/e","32","n/e","0","n/e","n/e","1496"
"BZN|SE1","14.01.2022 05:00 - 14.01.2022 06:00 (CET/CEST)","n/e","n/e","n/e","n/e","n/e","n/e","n/e","n/e","n/e","n/e","n/e","n/e","n/e","1233","n/e","n/e","32","n/e","0","n/e","n/e","1492"
"BZN|SE1","14.01.2022 06:00 - 14.01.2022 07:00 (CET/CEST)","n/e","n/e","n/e","n/e","n/e","n/e","n/e","n/e","n/e","n/e","n/e","n/e","n/e","1396","n/e","n/e","35","n/e","0","n/e","n/e","1543"
"BZN|SE1","14.01.2022 07:00 - 14.01.2022 08:00 (CET/CEST)","n/e","n/e","n/e","n/e","n/e","n/e","n/e","n/e","n/e","n/e","n/e","n/e","n/e","1458","n/e","n/e","39","n/e","0","n/e","n/e","1518"
"BZN|SE1","14.01.2022 08:00 - 14.01.2022 09:00 (CET/CEST)","n/e","n/e","n/e","n/e","n/e","n/e","n/e","n/e","n/e","n/e","n/e","n/e","n/e","1513","n/e","n/e","38","n/e","0","n/e","n/e","1550"
"BZN|SE1","14.01.2022 09:00 - 14.01.2022 10:00 (CET/CEST)","n/e","n/e","n/e","n/e","n/e","n/e","n/e","n/e","n/e","n/e","n/e","n/e","n/e","1518","n/e","n/e","37","n/e","0","n/e","n/e","1542"
"BZN|SE1","14.01.2022 10:00 - 14.01.2022 11:00 (CET/CEST)","n/e","n/e","n/e","n/e","n/e","n/e","n/e","n/e","n/e","n/e","n/e","n/e","n/e","1516","n/e","n/e","37","n/e","0","n/e","n/e","1522"
"BZN|SE1","14.01.2022 11:00 - 14.01.2022 12:00 (CET/CEST)","n/e","n/e","n/e","n/e","n/e","n/e","n/e","n/e","n/e","n/e","n/e","n/e","n/e","1512","n/e","n/e","35","n/e","0","n/e","n/e","1498"
"BZN|SE1","14.01.2022 12:00 - 14.01.2022 13:00 (CET/CEST)","n/e","n/e","n/e","n/e","n/e","n/e","n/e","n/e","n/e","n/e","n/e","n/e","n/e","1515","n/e","n/e","38","n/e","0","n/e","n/e","1491"
"BZN|SE1","14.01.2022 13:00 - 14.01.2022 14:00 (CET/CEST)","n/e","n/e","n/e","n/e","n/e","n/e","n/e","n/e","n/e","n/e","n/e","n/e","n/e","1496","n/e","n/e","37","n/e","0","n/e","n/e","1491"
"BZN|SE1","14.01.2022 14:00 - 14.01.2022 15:00 (CET/CEST)","n/e","n/e","n/e","n/e","n/e","n/e","n/e","n/e","n/e","n/e","n/e","n/e","n/e","1488","n/e","n/e","38","n/e","0","n/e","n/e","1540"
"BZN|SE1","14.01.2022 15:00 - 14.01.2022 16:00 (CET/CEST)","n/e","n/e","n/e","n/e","n/e","n/e","n/e","n/e","n/e","n/e","n/e","n/e","n/e","1447","n/e","n/e","38","n/e","0","n/e","n/e","1548"
"BZN|SE1","14.01.2022 16:00 - 14.01.2022 17:00 (CET/CEST)","n/e","n/e","n/e","n/e","n/e","n/e","n/e","n/e","n/e","n/e","n/e","n/e","n/e","1445","n/e","n/e","38","n/e","0","n/e","n/e","1538"
"BZN|SE1","14.01.2022 17:00 - 14.01.2022 18:00 (CET/CEST)","n/e","n/e","n/e","n/e","n/e","n/e","n/e","n/e","n/e","n/e","n/e","n/e","n/e","1464","n/e","n/e","38","n/e","0","n/e","n/e","1504"
"BZN|SE1","14.01.2022 18:00 - 14.01.2022 19:00 (CET/CEST)","n/e","n/e","n/e","n/e","n/e","n/e","n/e","n/e","n/e","n/e","n/e","n/e","n/e","1400","n/e","n/e","38","n/e","0","n/e","n/e","1485"
"BZN|SE1","14.01.2022 19:00 - 14.01.2022 20:00 (CET/CEST)","n/e","n/e","n/e","n/e","n/e","n/e","n/e","n/e","n/e","n/e","n/e","n/e","n/e","1422","n/e","n/e","34","n/e","0","n/e","n/e","1476"
"BZN|SE1","14.01.2022 20:00 - 14.01.2022 21:00 (CET/CEST)","n/e","n/e","n/e","n/e","n/e","n/e","n/e","n/e","n/e","n/e","n/e","n/e","n/e","1547","n/e","n/e","30","n/e","0","n/e","n/e","1484"
"BZN|SE1","14.01.2022 21:00 - 14.01.2022 22:00 (CET/CEST)","n/e","n/e","n/e","n/e","n/e","n/e","n/e","n/e","n/e","n/e","n/e","n/e","n/e","1549","n/e","n/e","26","n/e","0","n/e","n/e","1477"
"BZN|SE1","14.01.2022 22:00 - 14.01.2022 23:00 (CET/CEST)","n/e","n/e","n/e","n/e","n/e","n/e","n/e","n/e","n/e","n/e","n/e","n/e","n/e","1477","n/e","n/e","27","n/e","0","n/e","n/e","1493"
"BZN|SE1","14.01.2022 23:00 - 15.01.2022 00:00 (CET/CEST)","n/e","n/e","n/e","n/e","n/e","n/e","n/e","n/e","n/e","n/e","n/e","n/e","n/e","1349","n/e","n/e","27","n/e","0","n/e","n/e","1504"
"BZN|SE1","15.01.2022 00:00 - 15.01.2022 01:00 (CET/CEST)","n/e","n/e","n/e","n/e","n/e","n/e","n/e","n/e","n/e","n/e","n/e","n/e","n/e","1320","n/e","n/e","29","n/e","0","n/e","n/e","1527"
"BZN|SE1","15.01.2022 01:00 - 15.01.2022 02:00 (CET/CEST)","n/e","n/e","n/e","n/e","n/e","n/e","n/e","n/e","n/e","n/e","n/e","n/e","n/e","1318","n/e","n/e","29","n/e","0","n/e","n/e","1491"
"BZN|SE1","15.01.2022 02:00 - 15.01.2022 03:00 (CET/CEST)","n/e","n/e","n/e","n/e","n/e","n/e","n/e","n/e","n/e","n/e","n/e","n/e","n/e","1311","n/e","n/e","29","n/e","0","n/e","n/e","1469"
"BZN|SE1","15.01.2022 03:00 - 15.01.2022 04:00 (CET/CEST)","n/e","n/e","n/e","n/e","n/e","n/e","n/e","n/e","n/e","n/e","n/e","n/e","n/e","1301","n/e","n/e","29","n/e","0","n/e","n/e","1451"
"BZN|SE1","15.01.2022 04:00 - 15.01.2022 05:00 (CET/CEST)","n/e","n/e","n/e","n/e","n/e","n/e","n/e","n/e","n/e","n/e","n/e","n/e","n/e","1359","n/e","n/e","30","n/e","0","n/e","n/e","1479"
"BZN|SE1","15.01.2022 05:00 - 15.01.2022 06:00 (CET/CEST)","n/e","n/e","n/e","n/e","n/e","n/e","n/e","n/e","n/e","n/e","n/e","n/e","n/e","1355","n/e","n/e","29","n/e","0","n/e","n/e","1455"
"BZN|SE1","15.01.2022 06:00 - 15.01.2022 07:00 (CET/CEST)","n/e","n/e","n/e","n/e","n/e","n/e","n/e","n/e","n/e","n/e","n/e","n/e","n/e","1352","n/e","n/e","34","n/e","0","n/e","n/e","1295"
"BZN|SE1","15.01.2022 07:00 - 15.01.2022 08:00 (CET/CEST)","n/e","n/e","n/e","n/e","n/e","n/e","n/e","n/e","n/e","n/e","n/e","n/e","n/e","1409","n/e","n/e","37","n/e","0","n/e","n/e","1258"
"BZN|SE1","15.01.2022 08:00 - 15.01.2022 09:00 (CET/CEST)","n/e","n/e","n/e","n/e","n/e","n/e","n/e","n/e","n/e","n/e","n/e","n/e","n/e","1455","n/e","n/e","39","n/e","0","n/e","n/e","1215"
"BZN|SE1","15.01.2022 09:00 - 15.01.2022 10:00 (CET/CEST)","n/e","n/e","n/e","n/e","n/e","n/e","n/e","n/e","n/e","n/e","n/e","n/e","n/e","1657","n/e","n/e","38","n/e","0","n/e","n/e","1166"
"BZN|SE1","15.01.2022 10:00 - 15.01.2022 11:00 (CET/CEST)","n/e","n/e","n/e","n/e","n/e","n/e","n/e","n/e","n/e","n/e","n/e","n/e","n/e","1687","n/e","n/e","38","n/e","0","n/e","n/e","1112"
"BZN|SE1","15.01.2022 11:00 - 15.01.2022 12:00 (CET/CEST)","n/e","n/e","n/e","n/e","n/e","n/e","n/e","n/e","n/e","n/e","n/e","n/e","n/e","1876","n/e","n/e","36","n/e","0","n/e","n/e","1147"
"BZN|SE1","15.01.2022 12:00 - 15.01.2022 13:00 (CET/CEST)","n/e","n/e","n/e","n/e","n/e","n/e","n/e","n/e","n/e","n/e","n/e","n/e","n/e","1814","n/e","n/e","39","n/e","0","n/e","n/e","1043"
"BZN|SE1","15.01.2022 13:00 - 15.01.2022 14:00 (CET/CEST)","n/e","n/e","n/e","n/e","n/e","n/e","n/e","n/e","n/e","n/e","n/e","n/e","n/e","1861","n/e","n/e","38","n/e","0","n/e","n/e","985"
"BZN|SE1","15.01.2022 14:00 - 15.01.2022 15:00 (CET/CEST)","n/e","n/e","n/e","n/e","n/e","n/e","n/e","n/e","n/e","n/e","n/e","n/e","n/e","1823","n/e","n/e","39","n/e","0","n/e","n/e","1006"
"BZN|SE1","15.01.2022 15:00 - 15.01.2022 16:00 (CET/CEST)","n/e","n/e","n/e","n/e","n/e","n/e","n/e","n/e","n/e","n/e","n/e","n/e","n/e","1805","n/e","n/e","39","n/e","0","n/e","n/e","978"
"BZN|SE1","15.01.2022 16:00 - 15.01.2022 17:00 (CET/CEST)","n/e","n/e","n/e","n/e","n/e","n/e","n/e","n/e","n/e","n/e","n/e","n/e","n/e","1706","n/e","n/e","39","n/e","0","n/e","n/e","1122"
"BZN|SE1","15.01.2022 17:00 - 15.01.2022 18:00 (CET/CEST)","n/e","n/e","n/e","n/e","n/e","n/e","n/e","n/e","n/e","n/e","n/e","n/e","n/e","1687","n/e","n/e","39","n/e","0","n/e","n/e","1100"
"BZN|SE1","15.01.2022 18:00 - 15.01.2022 19:00 (CET/CEST)","n/e","n/e","n/e","n/e","n/e","n/e","n/e","n/e","n/e","n/e","n/e","n/e","n/e","1607","n/e","n/e","40","n/e","0","n/e","n/e","1168"
"BZN|SE1","15.01.2022 19:00 - 15.01.2022 20:00 (CET/CEST)","n/e","n/e","n/e","n/e","n/e","n/e","n/e","n/e","n/e","n/e","n/e","n/e","n/e","1423","n/e","n/e","40","n/e","0","n/e","n/e","1364"
"BZN|SE1","15.01.2022 20:00 - 15.01.2022 21:00 (CET/CEST)","n/e","n/e","n/e","n/e","n/e","n/e","n/e","n/e","n/e","n/e","n/e","n/e","n/e","1379","n/e","n/e","40","n/e","0","n/e","n/e","1591"
"BZN|SE1","15.01.2022 21:00 - 15.01.2022 22:00 (CET/CEST)","n/e","n/e","n/e","n/e","n/e","n/e","n/e","n/e","n/e","n/e","n/e","n/e","n/e","1339","n/e","n/e","34","n/e","0","n/e","n/e","1647"
"BZN|SE1","15.01.2022 22:00 - 15.01.2022 23:00 (CET/CEST)","n/e","n/e","n/e","n/e","n/e","n/e","n/e","n/e","n/e","n/e","n/e","n/e","n/e","1340","n/e","n/e","31","n/e","0","n/e","n/e","1637"
"BZN|SE1","15.01.2022 23:00 - 16.01.2022 00:00 (CET/CEST)","n/e","n/e","n/e","n/e","n/e","n/e","n/e","n/e","n/e","n/e","n/e","n/e","n/e","1329","n/e","n/e","27","n/e","0","n/e","n/e","1608"
"BZN|SE1","16.01.2022 00:00 - 16.01.2022 01:00 (CET/CEST)","n/e","n/e","n/e","n/e","n/e","n/e","n/e","n/e","n/e","n/e","n/e","n/e","n/e","1048","n/e","n/e","23","n/e","0","n/e","n/e","1598"
"BZN|SE1","16.01.2022 01:00 - 16.01.2022 02:00 (CET/CEST)","n/e","n/e","n/e","n/e","n/e","n/e","n/e","n/e","n/e","n/e","n/e","n/e","n/e","1047","n/e","n/e","19","n/e","0","n/e","n/e","1597"
"BZN|SE1","16.01.2022 02:00 - 16.01.2022 03:00 (CET/CEST)","n/e","n/e","n/e","n/e","n/e","n/e","n/e","n/e","n/e","n/e","n/e","n/e","n/e","1047","n/e","n/e","20","n/e","0","n/e","n/e","1585"
"BZN|SE1","16.01.2022 03:00 - 16.01.2022 04:00 (CET/CEST)","n/e","n/e","n/e","n/e","n/e","n/e","n/e","n/e","n/e","n/e","n/e","n/e","n/e","1057","n/e","n/e","19","n/e","0","n/e","n/e","1577"
"BZN|SE1","16.01.2022 04:00 - 16.01.2022 05:00 (CET/CEST)","n/e","n/e","n/e","n/e","n/e","n/e","n/e","n/e","n/e","n/e","n/e","n/e","n/e","1056","n/e","n/e","20","n/e","0","n/e","n/e","1514"
"BZN|SE1","16.01.2022 05:00 - 16.01.2022 06:00 (CET/CEST)","n/e","n/e","n/e","n/e","n/e","n/e","n/e","n/e","n/e","n/e","n/e","n/e","n/e","1056","n/e","n/e","20","n/e","0","n/e","n/e","1527"
"BZN|SE1","16.01.2022 06:00 - 16.01.2022 07:00 (CET/CEST)","n/e","n/e","n/e","n/e","n/e","n/e","n/e","n/e","n/e","n/e","n/e","n/e","n/e","1193","n/e","n/e","20","n/e","0","n/e","n/e","1522"
"BZN|SE1","16.01.2022 07:00 - 16.01.2022 08:00 (CET/CEST)","n/e","n/e","n/e","n/e","n/e","n/e","n/e","n/e","n/e","n/e","n/e","n/e","n/e","1191","n/e","n/e","20","n/e","0","n/e","n/e","1578"
"BZN|SE1","16.01.2022 08:00 - 16.01.2022 09:00 (CET/CEST)","n/e","n/e","n/e","n/e","n/e","n/e","n/e","n/e","n/e","n/e","n/e","n/e","n/e","1241","n/e","n/e","19","n/e","0","n/e","n/e","1535"
"BZN|SE1","16.01.2022 09:00 - 16.01.2022 10:00 (CET/CEST)","n/e","n/e","n/e","n/e","n/e","n/e","n/e","n/e","n/e","n/e","n/e","n/e","n/e","1243","n/e","n/e","18","n/e","0","n/e","n/e","1587"
"BZN|SE1","16.01.2022 10:00 - 16.01.2022 11:00 (CET/CEST)","n/e","n/e","n/e","n/e","n/e","n/e","n/e","n/e","n/e","n/e","n/e","n/e","n/e","1243","n/e","n/e","18","n/e","0","n/e","n/e","1538"
"BZN|SE1","16.01.2022 11:00 - 16.01.2022 12:00 (CET/CEST)","n/e","n/e","n/e","n/e","n/e","n/e","n/e","n/e","n/e","n/e","n/e","n/e","n/e","1252","n/e","n/e","18","n/e","0","n/e","n/e","1619"
"BZN|SE1","16.01.2022 12:00 - 16.01.2022 13:00 (CET/CEST)","n/e","n/e","n/e","n/e","n/e","n/e","n/e","n/e","n/e","n/e","n/e","n/e","n/e","1259","n/e","n/e","19","n/e","0","n/e","n/e","1569"
"BZN|SE1","16.01.2022 13:00 - 16.01.2022 14:00 (CET/CEST)","n/e","n/e","n/e","n/e","n/e","n/e","n/e","n/e","n/e","n/e","n/e","n/e","n/e","1277","n/e","n/e","19","n/e","0","n/e","n/e","1574"
"BZN|SE1","16.01.2022 14:00 - 16.01.2022 15:00 (CET/CEST)","n/e","n/e","n/e","n/e","n/e","n/e","n/e","n/e","n/e","n/e","n/e","n/e","n/e","1285","n/e","n/e","19","n/e","0","n/e","n/e","1576"
"BZN|SE1","16.01.2022 15:00 - 16.01.2022 16:00 (CET/CEST)","n/e","n/e","n/e","n/e","n/e","n/e","n/e","n/e","n/e","n/e","n/e","n/e","n/e","1293","n/e","n/e","20","n/e","0","n/e","n/e","1506"
"BZN|SE1","16.01.2022 16:00 - 16.01.2022 17:00 (CET/CEST)","n/e","n/e","n/e","n/e","n/e","n/e","n/e","n/e","n/e","n/e","n/e","n/e","n/e","1299","n/e","n/e","20","n/e","0","n/e","n/e","1431"
"BZN|SE1","16.01.2022 17:00 - 16.01.2022 18:00 (CET/CEST)","n/e","n/e","n/e","n/e","n/e","n/e","n/e","n/e","n/e","n/e","n/e","n/e","n/e","1624","n/e","n/e","20","n/e","0","n/e","n/e","1384"
"BZN|SE1","16.01.2022 18:00 - 16.01.2022 19:00 (CET/CEST)","n/e","n/e","n/e","n/e","n/e","n/e","n/e","n/e","n/e","n/e","n/e","n/e","n/e","1523","n/e","n/e","20","n/e","0","n/e","n/e","1469"
"BZN|SE1","16.01.2022 19:00 - 16.01.2022 20:00 (CET/CEST)","n/e","n/e","n/e","n/e","n/e","n/e","n/e","n/e","n/e","n/e","n/e","n/e","n/e","1474","n/e","n/e","20","n/e","0","n/e","n/e","1445"
"BZN|SE1","16.01.2022 20:00 - 16.01.2022 21:00 (CET/CEST)","n/e","n/e","n/e","n/e","n/e","n/e","n/e","n/e","n/e","n/e","n/e","n/e","n/e","1487","n/e","n/e","20","n/e","0","n/e","n/e","1481"
"BZN|SE1","16.01.2022 21:00 - 16.01.2022 22:00 (CET/CEST)","n/e","n/e","n/e","n/e","n/e","n/e","n/e","n/e","n/e","n/e","n/e","n/e","n/e","1431","n/e","n/e","19","n/e","0","n/e","n/e","1501"
"BZN|SE1","16.01.2022 22:00 - 16.01.2022 23:00 (CET/CEST)","n/e","n/e","n/e","n/e","n/e","n/e","n/e","n/e","n/e","n/e","n/e","n/e","n/e","1365","n/e","n/e","19","n/e","0","n/e","n/e","1518"
"BZN|SE1","16.01.2022 23:00 - 17.01.2022 00:00 (CET/CEST)","n/e","n/e","n/e","n/e","n/e","n/e","n/e","n/e","n/e","n/e","n/e","n/e","n/e","1282","n/e","n/e","19","n/e","0","n/e","n/e","1533"
"BZN|SE1","17.01.2022 00:00 - 17.01.2022 01:00 (CET/CEST)","n/e","n/e","n/e","n/e","n/e","n/e","n/e","n/e","n/e","n/e","n/e","n/e","n/e","1010","n/e","n/e","20","n/e","0","n/e","n/e","1542"
"BZN|SE1","17.01.2022 01:00 - 17.01.2022 02:00 (CET/CEST)","n/e","n/e","n/e","n/e","n/e","n/e","n/e","n/e","n/e","n/e","n/e","n/e","n/e","1008","n/e","n/e","20","n/e","0","n/e","n/e","1568"
"BZN|SE1","17.01.2022 02:00 - 17.01.2022 03:00 (CET/CEST)","n/e","n/e","n/e","n/e","n/e","n/e","n/e","n/e","n/e","n/e","n/e","n/e","n/e","1008","n/e","n/e","20","n/e","0","n/e","n/e","1566"
"BZN|SE1","17.01.2022 03:00 - 17.01.2022 04:00 (CET/CEST)","n/e","n/e","n/e","n/e","n/e","n/e","n/e","n/e","n/e","n/e","n/e","n/e","n/e","1009","n/e","n/e","20","n/e","0","n/e","n/e","1584"
"BZN|SE1","17.01.2022 04:00 - 17.01.2022 05:00 (CET/CEST)","n/e","n/e","n/e","n/e","n/e","n/e","n/e","n/e","n/e","n/e","n/e","n/e","n/e","1005","n/e","n/e","20","n/e","0","n/e","n/e","1584"
"BZN|SE1","17.01.2022 05:00 - 17.01.2022 06:00 (CET/CEST)","n/e","n/e","n/e","n/e","n/e","n/e","n/e","n/e","n/e","n/e","n/e","n/e","n/e","1089","n/e","n/e","20","n/e","0","n/e","n/e","1550"
"BZN|SE1","17.01.2022 06:00 - 17.01.2022 07:00 (CET/CEST)","n/e","n/e","n/e","n/e","n/e","n/e","n/e","n/e","n/e","n/e","n/e","n/e","n/e","1722","n/e","n/e","20","n/e","0","n/e","n/e","1511"
"BZN|SE1","17.01.2022 07:00 - 17.01.2022 08:00 (CET/CEST)","n/e","n/e","n/e","n/e","n/e","n/e","n/e","n/e","n/e","n/e","n/e","n/e","n/e","2126","n/e","n/e","20","n/e","0","n/e","n/e","1493"
"BZN|SE1","17.01.2022 08:00 - 17.01.2022 09:00 (CET/CEST)","n/e","n/e","n/e","n/e","n/e","n/e","n/e","n/e","n/e","n/e","n/e","n/e","n/e","2206","n/e","n/e","19","n/e","0","n/e","n/e","1469"
"BZN|SE1","17.01.2022 09:00 - 17.01.2022 10:00 (CET/CEST)","n/e","n/e","n/e","n/e","n/e","n/e","n/e","n/e","n/e","n/e","n/e","n/e","n/e","2137","n/e","n/e","18","n/e","0","n/e","n/e","1412"
"BZN|SE1","17.01.2022 10:00 - 17.01.2022 11:00 (CET/CEST)","n/e","n/e","n/e","n/e","n/e","n/e","n/e","n/e","n/e","n/e","n/e","n/e","n/e","2239","n/e","n/e","18","n/e","0","n/e","n/e","1484"
"BZN|SE1","17.01.2022 11:00 - 17.01.2022 12:00 (CET/CEST)","n/e","n/e","n/e","n/e","n/e","n/e","n/e","n/e","n/e","n/e","n/e","n/e","n/e","2195","n/e","n/e","18","n/e","0","n/e","n/e","1462"
"BZN|SE1","17.01.2022 12:00 - 17.01.2022 13:00 (CET/CEST)","n/e","n/e","n/e","n/e","n/e","n/e","n/e","n/e","n/e","n/e","n/e","n/e","n/e","1999","n/e","n/e","19","n/e","0","n/e","n/e","1483"
"BZN|SE1","17.01.2022 13:00 - 17.01.2022 14:00 (CET/CEST)","n/e","n/e","n/e","n/e","n/e","n/e","n/e","n/e","n/e","n/e","n/e","n/e","n/e","2001","n/e","n/e","19","n/e","0","n/e","n/e","1492"
"BZN|SE1","17.01.2022 14:00 - 17.01.2022 15:00 (CET/CEST)","n/e","n/e","n/e","n/e","n/e","n/e","n/e","n/e","n/e","n/e","n/e","n/e","n/e","2019","n/e","n/e","20","n/e","0","n/e","n/e","1550"
"BZN|SE1","17.01.2022 15:00 - 17.01.2022 16:00 (CET/CEST)","n/e","n/e","n/e","n/e","n/e","n/e","n/e","n/e","n/e","n/e","n/e","n/e","n/e","1994","n/e","n/e","20","n/e","0","n/e","n/e","1548"
"BZN|SE1","17.01.2022 16:00 - 17.01.2022 17:00 (CET/CEST)","n/e","n/e","n/e","n/e","n/e","n/e","n/e","n/e","n/e","n/e","n/e","n/e","n/e","2001","n/e","n/e","20","n/e","0","n/e","n/e","1522"
"BZN|SE1","17.01.2022 17:00 - 17.01.2022 18:00 (CET/CEST)","n/e","n/e","n/e","n/e","n/e","n/e","n/e","n/e","n/e","n/e","n/e","n/e","n/e","1911","n/e","n/e","20","n/e","0","n/e","n/e","1467"
"BZN|SE1","17.01.2022 18:00 - 17.01.2022 19:00 (CET/CEST)","n/e","n/e","n/e","n/e","n/e","n/e","n/e","n/e","n/e","n/e","n/e","n/e","n/e","1837","n/e","n/e","20","n/e","0","n/e","n/e","1403"
"BZN|SE1","17.01.2022 19:00 - 17.01.2022 20:00 (CET/CEST)","n/e","n/e","n/e","n/e","n/e","n/e","n/e","n/e","n/e","n/e","n/e","n/e","n/e","1958","n/e","n/e","20","n/e","0","n/e","n/e","1410"
"BZN|SE1","17.01.2022 20:00 - 17.01.2022 21:00 (CET/CEST)","n/e","n/e","n/e","n/e","n/e","n/e","n/e","n/e","n/e","n/e","n/e","n/e","n/e","1962","n/e","n/e","20","n/e","0","n/e","n/e","1367"
"BZN|SE1","17.01.2022 21:00 - 17.01.2022 22:00 (CET/CEST)","n/e","n/e","n/e","n/e","n/e","n/e","n/e","n/e","n/e","n/e","n/e","n/e","n/e","2019","n/e","n/e","19","n/e","0","n/e","n/e","1327"
"BZN|SE1","17.01.2022 22:00 - 17.01.2022 23:00 (CET/CEST)","n/e","n/e","n/e","n/e","n/e","n/e","n/e","n/e","n/e","n/e","n/e","n/e","n/e","2042","n/e","n/e","20","n/e","0","n/e","n/e","1288"
"BZN|SE1","17.01.2022 23:00 - 18.01.2022 00:00 (CET/CEST)","n/e","n/e","n/e","n/e","n/e","n/e","n/e","n/e","n/e","n/e","n/e","n/e","n/e","2034","n/e","n/e","20","n/e","0","n/e","n/e","1298"
"BZN|SE1","18.01.2022 00:00 - 18.01.2022 01:00 (CET/CEST)","n/e","n/e","n/e","n/e","n/e","n/e","n/e","n/e","n/e","n/e","n/e","n/e","n/e","1600","n/e","n/e","17","n/e","0","n/e","n/e","1213"
"BZN|SE1","18.01.2022 01:00 - 18.01.2022 02:00 (CET/CEST)","n/e","n/e","n/e","n/e","n/e","n/e","n/e","n/e","n/e","n/e","n/e","n/e","n/e","1667","n/e","n/e","17","n/e","0","n/e","n/e","1153"
"BZN|SE1","18.01.2022 02:00 - 18.01.2022 03:00 (CET/CEST)","n/e","n/e","n/e","n/e","n/e","n/e","n/e","n/e","n/e","n/e","n/e","n/e","n/e","1770","n/e","n/e","17","n/e","0","n/e","n/e","1006"
"BZN|SE1","18.01.2022 03:00 - 18.01.2022 04:00 (CET/CEST)","n/e","n/e","n/e","n/e","n/e","n/e","n/e","n/e","n/e","n/e","n/e","n/e","n/e","1785","n/e","n/e","17","n/e","0","n/e","n/e","932"
"BZN|SE1","18.01.2022 04:00 - 18.01.2022 05:00 (CET/CEST)","n/e","n/e","n/e","n/e","n/e","n/e","n/e","n/e","n/e","n/e","n/e","n/e","n/e","1638","n/e","n/e","17","n/e","0","n/e","n/e","979"
"BZN|SE1","18.01.2022 05:00 - 18.01.2022 06:00 (CET/CEST)","n/e","n/e","n/e","n/e","n/e","n/e","n/e","n/e","n/e","n/e","n/e","n/e","n/e","1552","n/e","n/e","17","n/e","0","n/e","n/e","951"
"BZN|SE1","18.01.2022 06:00 - 18.01.2022 07:00 (CET/CEST)","n/e","n/e","n/e","n/e","n/e","n/e","n/e","n/e","n/e","n/e","n/e","n/e","n/e","1953","n/e","n/e","17","n/e","0","n/e","n/e","908"
"BZN|SE1","18.01.2022 07:00 - 18.01.2022 08:00 (CET/CEST)","n/e","n/e","n/e","n/e","n/e","n/e","n/e","n/e","n/e","n/e","n/e","n/e","n/e","1890","n/e","n/e","17","n/e","0","n/e","n/e","932"
"BZN|SE1","18.01.2022 08:00 - 18.01.2022 09:00 (CET/CEST)","n/e","n/e","n/e","n/e","n/e","n/e","n/e","n/e","n/e","n/e","n/e","n/e","n/e","1806","n/e","n/e","17","n/e","0","n/e","n/e","1128"
"BZN|SE1","18.01.2022 09:00 - 18.01.2022 10:00 (CET/CEST)","n/e","n/e","n/e","n/e","n/e","n/e","n/e","n/e","n/e","n/e","n/e","n/e","n/e","1629","n/e","n/e","17","n/e","0","n/e","n/e","1280"
"BZN|SE1","18.01.2022 10:00 - 18.01.2022 11:00 (CET/CEST)","n/e","n/e","n/e","n/e","n/e","n/e","n/e","n/e","n/e","n/e","n/e","n/e","n/e","1663","n/e","n/e","17","n/e","0","n/e","n/e","1368"
"BZN|SE1","18.01.2022 11:00 - 18.01.2022 12:00 (CET/CEST)","n/e","n/e","n/e","n/e","n/e","n/e","n/e","n/e","n/e","n/e","n/e","n/e","n/e","1655","n/e","n/e","17","n/e","0","n/e","n/e","1439"
"BZN|SE1","18.01.2022 12:00 - 18.01.2022 13:00 (CET/CEST)","n/e","n/e","n/e","n/e","n/e","n/e","n/e","n/e","n/e","n/e","n/e","n/e","n/e","1590","n/e","n/e","17","n/e","0","n/e","n/e","1431"
"BZN|SE1","18.01.2022 13:00 - 18.01.2022 14:00 (CET/CEST)","n/e","n/e","n/e","n/e","n/e","n/e","n/e","n/e","n/e","n/e","n/e","n/e","n/e","1588","n/e","n/e","17","n/e","0","n/e","n/e","1468"
"BZN|SE1","18.01.2022 14:00 - 18.01.2022 15:00 (CET/CEST)","n/e","n/e","n/e","n/e","n/e","n/e","n/e","n/e","n/e","n/e","n/e","n/e","n/e","1432","n/e","n/e","17","n/e","0","n/e","n/e","1484"
"BZN|SE1","18.01.2022 15:00 - 18.01.2022 16:00 (CET/CEST)","n/e","n/e","n/e","n/e","n/e","n/e","n/e","n/e","n/e","n/e","n/e","n/e","n/e","1474","n/e","n/e","17","n/e","0","n/e","n/e","1480"
"BZN|SE1","18.01.2022 16:00 - 18.01.2022 17:00 (CET/CEST)","n/e","n/e","n/e","n/e","n/e","n/e","n/e","n/e","n/e","n/e","n/e","n/e","n/e","1431","n/e","n/e","17","n/e","0","n/e","n/e","1459"
"BZN|SE1","18.01.2022 17:00 - 18.01.2022 18:00 (CET/CEST)","n/e","n/e","n/e","n/e","n/e","n/e","n/e","n/e","n/e","n/e","n/e","n/e","n/e","1431","n/e","n/e","17","n/e","0","n/e","n/e","1497"
"BZN|SE1","18.01.2022 18:00 - 18.01.2022 19:00 (CET/CEST)","n/e","n/e","n/e","n/e","n/e","n/e","n/e","n/e","n/e","n/e","n/e","n/e","n/e","1415","n/e","n/e","18","n/e","0","n/e","n/e","1518"
"BZN|SE1","18.01.2022 19:00 - 18.01.2022 20:00 (CET/CEST)","n/e","n/e","n/e","n/e","n/e","n/e","n/e","n/e","n/e","n/e","n/e","n/e","n/e","1369","n/e","n/e","18","n/e","0","n/e","n/e","1539"
"BZN|SE1","18.01.2022 20:00 - 18.01.2022 21:00 (CET/CEST)","n/e","n/e","n/e","n/e","n/e","n/e","n/e","n/e","n/e","n/e","n/e","n/e","n/e","1359","n/e","n/e","17","n/e","0","n/e","n/e","1557"
"BZN|SE1","18.01.2022 21:00 - 18.01.2022 22:00 (CET/CEST)","n/e","n/e","n/e","n/e","n/e","n/e","n/e","n/e","n/e","n/e","n/e","n/e","n/e","1339","n/e","n/e","17","n/e","0","n/e","n/e","1538"
"BZN|SE1","18.01.2022 22:00 - 18.01.2022 23:00 (CET/CEST)","n/e","n/e","n/e","n/e","n/e","n/e","n/e","n/e","n/e","n/e","n/e","n/e","n/e","1293","n/e","n/e","17","n/e","0","n/e","n/e","1537"
"BZN|SE1","18.01.2022 23:00 - 19.01.2022 00:00 (CET/CEST)","n/e","n/e","n/e","n/e","n/e","n/e","n/e","n/e","n/e","n/e","n/e","n/e","n/e","1275","n/e","n/e","17","n/e","0","n/e","n/e","1592"
"BZN|SE1","19.01.2022 00:00 - 19.01.2022 01:00 (CET/CEST)","n/e","n/e","n/e","n/e","n/e","n/e","n/e","n/e","n/e","n/e","n/e","n/e","n/e","1083","n/e","n/e","20","n/e","0","n/e","n/e","1584"
"BZN|SE1","19.01.2022 01:00 - 19.01.2022 02:00 (CET/CEST)","n/e","n/e","n/e","n/e","n/e","n/e","n/e","n/e","n/e","n/e","n/e","n/e","n/e","1059","n/e","n/e","20","n/e","0","n/e","n/e","1594"
"BZN|SE1","19.01.2022 02:00 - 19.01.2022 03:00 (CET/CEST)","n/e","n/e","n/e","n/e","n/e","n/e","n/e","n/e","n/e","n/e","n/e","n/e","n/e","1059","n/e","n/e","21","n/e","0","n/e","n/e","1577"
"BZN|SE1","19.01.2022 03:00 - 19.01.2022 04:00 (CET/CEST)","n/e","n/e","n/e","n/e","n/e","n/e","n/e","n/e","n/e","n/e","n/e","n/e","n/e","1059","n/e","n/e","21","n/e","0","n/e","n/e","1570"
"BZN|SE1","19.01.2022 04:00 - 19.01.2022 05:00 (CET/CEST)","n/e","n/e","n/e","n/e","n/e","n/e","n/e","n/e","n/e","n/e","n/e","n/e","n/e","1015","n/e","n/e","21","n/e","0","n/e","n/e","1563"
"BZN|SE1","19.01.2022 05:00 - 19.01.2022 06:00 (CET/CEST)","n/e","n/e","n/e","n/e","n/e","n/e","n/e","n/e","n/e","n/e","n/e","n/e","n/e","1047","n/e","n/e","21","n/e","0","n/e","n/e","1527"
"BZN|SE1","19.01.2022 06:00 - 19.01.2022 07:00 (CET/CEST)","n/e","n/e","n/e","n/e","n/e","n/e","n/e","n/e","n/e","n/e","n/e","n/e","n/e","1802","n/e","n/e","21","n/e","0","n/e","n/e","1524"
"BZN|SE1","19.01.2022 07:00 - 19.01.2022 08:00 (CET/CEST)","n/e","n/e","n/e","n/e","n/e","n/e","n/e","n/e","n/e","n/e","n/e","n/e","n/e","2008","n/e","n/e","21","n/e","0","n/e","n/e","1513"
"BZN|SE1","19.01.2022 08:00 - 19.01.2022 09:00 (CET/CEST)","n/e","n/e","n/e","n/e","n/e","n/e","n/e","n/e","n/e","n/e","n/e","n/e","n/e","2061","n/e","n/e","21","n/e","0","n/e","n/e","1502"
"BZN|SE1","19.01.2022 09:00 - 19.01.2022 10:00 (CET/CEST)","n/e","n/e","n/e","n/e","n/e","n/e","n/e","n/e","n/e","n/e","n/e","n/e","n/e","2055","n/e","n/e","20","n/e","0","n/e","n/e","1425"
"BZN|SE1","19.01.2022 10:00 - 19.01.2022 11:00 (CET/CEST)","n/e","n/e","n/e","n/e","n/e","n/e","n/e","n/e","n/e","n/e","n/e","n/e","n/e","2051","n/e","n/e","21","n/e","0","n/e","n/e","1448"
"BZN|SE1","19.01.2022 11:00 - 19.01.2022 12:00 (CET/CEST)","n/e","n/e","n/e","n/e","n/e","n/e","n/e","n/e","n/e","n/e","n/e","n/e","n/e","2034","n/e","n/e","21","n/e","0","n/e","n/e","1434"
"BZN|SE1","19.01.2022 12:00 - 19.01.2022 13:00 (CET/CEST)","n/e","n/e","n/e","n/e","n/e","n/e","n/e","n/e","n/e","n/e","n/e","n/e","n/e","2026","n/e","n/e","21","n/e","0","n/e","n/e","1385"
"BZN|SE1","19.01.2022 13:00 - 19.01.2022 14:00 (CET/CEST)","n/e","n/e","n/e","n/e","n/e","n/e","n/e","n/e","n/e","n/e","n/e","n/e","n/e","1975","n/e","n/e","21","n/e","0","n/e","n/e","1324"
"BZN|SE1","19.01.2022 14:00 - 19.01.2022 15:00 (CET/CEST)","n/e","n/e","n/e","n/e","n/e","n/e","n/e","n/e","n/e","n/e","n/e","n/e","n/e","1999","n/e","n/e","21","n/e","0","n/e","n/e","1227"
"BZN|SE1","19.01.2022 15:00 - 19.01.2022 16:00 (CET/CEST)","n/e","n/e","n/e","n/e","n/e","n/e","n/e","n/e","n/e","n/e","n/e","n/e","n/e","2005","n/e","n/e","21","n/e","0","n/e","n/e","1182"
"BZN|SE1","19.01.2022 16:00 - 19.01.2022 17:00 (CET/CEST)","n/e","n/e","n/e","n/e","n/e","n/e","n/e","n/e","n/e","n/e","n/e","n/e","n/e","2004","n/e","n/e","21","n/e","0","n/e","n/e","1101"
"BZN|SE1","19.01.2022 17:00 - 19.01.2022 18:00 (CET/CEST)","n/e","n/e","n/e","n/e","n/e","n/e","n/e","n/e","n/e","n/e","n/e","n/e","n/e","1981","n/e","n/e","21","n/e","0","n/e","n/e","1115"
"BZN|SE1","19.01.2022 18:00 - 19.01.2022 19:00 (CET/CEST)","n/e","n/e","n/e","n/e","n/e","n/e","n/e","n/e","n/e","n/e","n/e","n/e","n/e","2028","n/e","n/e","21","n/e","0","n/e","n/e","1007"
"BZN|SE1","19.01.2022 19:00 - 19.01.2022 20:00 (CET/CEST)","n/e","n/e","n/e","n/e","n/e","n/e","n/e","n/e","n/e","n/e","n/e","n/e","n/e","1870","n/e","n/e","21","n/e","0","n/e","n/e","1029"
"BZN|SE1","19.01.2022 20:00 - 19.01.2022 21:00 (CET/CEST)","n/e","n/e","n/e","n/e","n/e","n/e","n/e","n/e","n/e","n/e","n/e","n/e","n/e","1831","n/e","n/e","21","n/e","0","n/e","n/e","1199"
"BZN|SE1","19.01.2022 21:00 - 19.01.2022 22:00 (CET/CEST)","n/e","n/e","n/e","n/e","n/e","n/e","n/e","n/e","n/e","n/e","n/e","n/e","n/e","1774","n/e","n/e","20","n/e","0","n/e","n/e","1262"
"BZN|SE1","19.01.2022 22:00 - 19.01.2022 23:00 (CET/CEST)","n/e","n/e","n/e","n/e","n/e","n/e","n/e","n/e","n/e","n/e","n/e","n/e","n/e","1569","n/e","n/e","21","n/e","0","n/e","n/e","1281"
"BZN|SE1","19.01.2022 23:00 - 20.01.2022 00:00 (CET/CEST)","n/e","n/e","n/e","n/e","n/e","n/e","n/e","n/e","n/e","n/e","n/e","n/e","n/e","1165","n/e","n/e","21","n/e","0","n/e","n/e","1239"
"BZN|SE1","20.01.2022 00:00 - 20.01.2022 01:00 (CET/CEST)","n/e","n/e","n/e","n/e","n/e","n/e","n/e","n/e","n/e","n/e","n/e","n/e","n/e","1037","n/e","n/e","19","n/e","0","n/e","n/e","1247"
"BZN|SE1","20.01.2022 01:00 - 20.01.2022 02:00 (CET/CEST)","n/e","n/e","n/e","n/e","n/e","n/e","n/e","n/e","n/e","n/e","n/e","n/e","n/e","1115","n/e","n/e","18","n/e","0","n/e","n/e","1273"
"BZN|SE1","20.01.2022 02:00 - 20.01.2022 03:00 (CET/CEST)","n/e","n/e","n/e","n/e","n/e","n/e","n/e","n/e","n/e","n/e","n/e","n/e","n/e","1088","n/e","n/e","19","n/e","0","n/e","n/e","1324"
"BZN|SE1","20.01.2022 03:00 - 20.01.2022 04:00 (CET/CEST)","n/e","n/e","n/e","n/e","n/e","n/e","n/e","n/e","n/e","n/e","n/e","n/e","n/e","1069","n/e","n/e","19","n/e","0","n/e","n/e","1368"
"BZN|SE1","20.01.2022 04:00 - 20.01.2022 05:00 (CET/CEST)","n/e","n/e","n/e","n/e","n/e","n/e","n/e","n/e","n/e","n/e","n/e","n/e","n/e","1080","n/e","n/e","19","n/e","0","n/e","n/e","1415"
"BZN|SE1","20.01.2022 05:00 - 20.01.2022 06:00 (CET/CEST)","n/e","n/e","n/e","n/e","n/e","n/e","n/e","n/e","n/e","n/e","n/e","n/e","n/e","1028","n/e","n/e","19","n/e","0","n/e","n/e","1459"
"BZN|SE1","20.01.2022 06:00 - 20.01.2022 07:00 (CET/CEST)","n/e","n/e","n/e","n/e","n/e","n/e","n/e","n/e","n/e","n/e","n/e","n/e","n/e","1270","n/e","n/e","19","n/e","0","n/e","n/e","1493"
"BZN|SE1","20.01.2022 07:00 - 20.01.2022 08:00 (CET/CEST)","n/e","n/e","n/e","n/e","n/e","n/e","n/e","n/e","n/e","n/e","n/e","n/e","n/e","1614","n/e","n/e","19","n/e","0","n/e","n/e","1514"
"BZN|SE1","20.01.2022 08:00 - 20.01.2022 09:00 (CET/CEST)","n/e","n/e","n/e","n/e","n/e","n/e","n/e","n/e","n/e","n/e","n/e","n/e","n/e","1499","n/e","n/e","19","n/e","0","n/e","n/e","1478"
"BZN|SE1","20.01.2022 09:00 - 20.01.2022 10:00 (CET/CEST)","n/e","n/e","n/e","n/e","n/e","n/e","n/e","n/e","n/e","n/e","n/e","n/e","n/e","1631","n/e","n/e","19","n/e","0","n/e","n/e","1474"
"BZN|SE1","20.01.2022 10:00 - 20.01.2022 11:00 (CET/CEST)","n/e","n/e","n/e","n/e","n/e","n/e","n/e","n/e","n/e","n/e","n/e","n/e","n/e","1577","n/e","n/e","18","n/e","0","n/e","n/e","1462"
"BZN|SE1","20.01.2022 11:00 - 20.01.2022 12:00 (CET/CEST)","n/e","n/e","n/e","n/e","n/e","n/e","n/e","n/e","n/e","n/e","n/e","n/e","n/e","1566","n/e","n/e","18","n/e","0","n/e","n/e","1387"
"BZN|SE1","20.01.2022 12:00 - 20.01.2022 13:00 (CET/CEST)","n/e","n/e","n/e","n/e","n/e","n/e","n/e","n/e","n/e","n/e","n/e","n/e","n/e","1677","n/e","n/e","18","n/e","0","n/e","n/e","1402"
"BZN|SE1","20.01.2022 13:00 - 20.01.2022 14:00 (CET/CEST)","n/e","n/e","n/e","n/e","n/e","n/e","n/e","n/e","n/e","n/e","n/e","n/e","n/e","1684","n/e","n/e","18","n/e","0","n/e","n/e","1516"
"BZN|SE1","20.01.2022 14:00 - 20.01.2022 15:00 (CET/CEST)","n/e","n/e","n/e","n/e","n/e","n/e","n/e","n/e","n/e","n/e","n/e","n/e","n/e","1651","n/e","n/e","18","n/e","0","n/e","n/e","1584"
"BZN|SE1","20.01.2022 15:00 - 20.01.2022 16:00 (CET/CEST)","n/e","n/e","n/e","n/e","n/e","n/e","n/e","n/e","n/e","n/e","n/e","n/e","n/e","1523","n/e","n/e","19","n/e","0","n/e","n/e","1637"
"BZN|SE1","20.01.2022 16:00 - 20.01.2022 17:00 (CET/CEST)","n/e","n/e","n/e","n/e","n/e","n/e","n/e","n/e","n/e","n/e","n/e","n/e","n/e","1446","n/e","n/e","19","n/e","0","n/e","n/e","1635"
"BZN|SE1","20.01.2022 17:00 - 20.01.2022 18:00 (CET/CEST)","n/e","n/e","n/e","n/e","n/e","n/e","n/e","n/e","n/e","n/e","n/e","n/e","n/e","1444","n/e","n/e","19","n/e","0","n/e","n/e","1634"
"BZN|SE1","20.01.2022 18:00 - 20.01.2022 19:00 (CET/CEST)","n/e","n/e","n/e","n/e","n/e","n/e","n/e","n/e","n/e","n/e","n/e","n/e","n/e","1403","n/e","n/e","19","n/e","0","n/e","n/e","1608"
"BZN|SE1","20.01.2022 19:00 - 20.01.2022 20:00 (CET/CEST)","n/e","n/e","n/e","n/e","n/e","n/e","n/e","n/e","n/e","n/e","n/e","n/e","n/e","1412","n/e","n/e","19","n/e","0","n/e","n/e","1615"
"BZN|SE1","20.01.2022 20:00 - 20.01.2022 21:00 (CET/CEST)","n/e","n/e","n/e","n/e","n/e","n/e","n/e","n/e","n/e","n/e","n/e","n/e","n/e","1413","n/e","n/e","19","n/e","0","n/e","n/e","1617"
"BZN|SE1","20.01.2022 21:00 - 20.01.2022 22:00 (CET/CEST)","n/e","n/e","n/e","n/e","n/e","n/e","n/e","n/e","n/e","n/e","n/e","n/e","n/e","1510","n/e","n/e","18","n/e","0","n/e","n/e","1587"
"BZN|SE1","20.01.2022 22:00 - 20.01.2022 23:00 (CET/CEST)","n/e","n/e","n/e","n/e","n/e","n/e","n/e","n/e","n/e","n/e","n/e","n/e","n/e","1443","n/e","n/e","19","n/e","0","n/e","n/e","1594"
"BZN|SE1","20.01.2022 23:00 - 21.01.2022 00:00 (CET/CEST)","n/e","n/e","n/e","n/e","n/e","n/e","n/e","n/e","n/e","n/e","n/e","n/e","n/e","1369","n/e","n/e","19","n/e","0","n/e","n/e","1577"
"BZN|SE1","21.01.2022 00:00 - 21.01.2022 01:00 (CET/CEST)","n/e","n/e","n/e","n/e","n/e","n/e","n/e","n/e","n/e","n/e","n/e","n/e","n/e","1149","n/e","n/e","21","n/e","0","n/e","n/e","1562"
"BZN|SE1","21.01.2022 01:00 - 21.01.2022 02:00 (CET/CEST)","n/e","n/e","n/e","n/e","n/e","n/e","n/e","n/e","n/e","n/e","n/e","n/e","n/e","1120","n/e","n/e","22","n/e","0","n/e","n/e","1523"
"BZN|SE1","21.01.2022 02:00 - 21.01.2022 03:00 (CET/CEST)","n/e","n/e","n/e","n/e","n/e","n/e","n/e","n/e","n/e","n/e","n/e","n/e","n/e","1128","n/e","n/e","22","n/e","0","n/e","n/e","1455"
"BZN|SE1","21.01.2022 03:00 - 21.01.2022 04:00 (CET/CEST)","n/e","n/e","n/e","n/e","n/e","n/e","n/e","n/e","n/e","n/e","n/e","n/e","n/e","1137","n/e","n/e","22","n/e","0","n/e","n/e","1449"
"BZN|SE1","21.01.2022 04:00 - 21.01.2022 05:00 (CET/CEST)","n/e","n/e","n/e","n/e","n/e","n/e","n/e","n/e","n/e","n/e","n/e","n/e","n/e","1203","n/e","n/e","23","n/e","0","n/e","n/e","1430"
"BZN|SE1","21.01.2022 05:00 - 21.01.2022 06:00 (CET/CEST)","n/e","n/e","n/e","n/e","n/e","n/e","n/e","n/e","n/e","n/e","n/e","n/e","n/e","1249","n/e","n/e","23","n/e","0","n/e","n/e","1409"
"BZN|SE1","21.01.2022 06:00 - 21.01.2022 07:00 (CET/CEST)","n/e","n/e","n/e","n/e","n/e","n/e","n/e","n/e","n/e","n/e","n/e","n/e","n/e","1558","n/e","n/e","24","n/e","0","n/e","n/e","1388"
"BZN|SE1","21.01.2022 07:00 - 21.01.2022 08:00 (CET/CEST)","n/e","n/e","n/e","n/e","n/e","n/e","n/e","n/e","n/e","n/e","n/e","n/e","n/e","1763","n/e","n/e","24","n/e","0","n/e","n/e","1366"
"BZN|SE1","21.01.2022 08:00 - 21.01.2022 09:00 (CET/CEST)","n/e","n/e","n/e","n/e","n/e","n/e","n/e","n/e","n/e","n/e","n/e","n/e","n/e","1989","n/e","n/e","23","n/e","0","n/e","n/e","1376"
"BZN|SE1","21.01.2022 09:00 - 21.01.2022 10:00 (CET/CEST)","n/e","n/e","n/e","n/e","n/e","n/e","n/e","n/e","n/e","n/e","n/e","n/e","n/e","2063","n/e","n/e","23","n/e","0","n/e","n/e","1341"
"BZN|SE1","21.01.2022 10:00 - 21.01.2022 11:00 (CET/CEST)","n/e","n/e","n/e","n/e","n/e","n/e","n/e","n/e","n/e","n/e","n/e","n/e","n/e","2202","n/e","n/e","23","n/e","0","n/e","n/e","1289"
"BZN|SE1","21.01.2022 11:00 - 21.01.2022 12:00 (CET/CEST)","n/e","n/e","n/e","n/e","n/e","n/e","n/e","n/e","n/e","n/e","n/e","n/e","n/e","2357","n/e","n/e","23","n/e","0","n/e","n/e","1234"
"BZN|SE1","21.01.2022 12:00 - 21.01.2022 13:00 (CET/CEST)","n/e","n/e","n/e","n/e","n/e","n/e","n/e","n/e","n/e","n/e","n/e","n/e","n/e","2516","n/e","n/e","23","n/e","0","n/e","n/e","1110"
"BZN|SE1","21.01.2022 13:00 - 21.01.2022 14:00 (CET/CEST)","n/e","n/e","n/e","n/e","n/e","n/e","n/e","n/e","n/e","n/e","n/e","n/e","n/e","2740","n/e","n/e","23","n/e","0","n/e","n/e","974"
"BZN|SE1","21.01.2022 14:00 - 21.01.2022 15:00 (CET/CEST)","n/e","n/e","n/e","n/e","n/e","n/e","n/e","n/e","n/e","n/e","n/e","n/e","n/e","2796","n/e","n/e","23","n/e","0","n/e","n/e","915"
"BZN|SE1","21.01.2022 15:00 - 21.01.2022 16:00 (CET/CEST)","n/e","n/e","n/e","n/e","n/e","n/e","n/e","n/e","n/e","n/e","n/e","n/e","n/e","2895","n/e","n/e","23","n/e","0","n/e","n/e","816"
"BZN|SE1","21.01.2022 16:00 - 21.01.2022 17:00 (CET/CEST)","n/e","n/e","n/e","n/e","n/e","n/e","n/e","n/e","n/e","n/e","n/e","n/e","n/e","2896","n/e","n/e","23","n/e","0","n/e","n/e","677"
"BZN|SE1","21.01.2022 17:00 - 21.01.2022 18:00 (CET/CEST)","n/e","n/e","n/e","n/e","n/e","n/e","n/e","n/e","n/e","n/e","n/e","n/e","n/e","2997","n/e","n/e","23","n/e","0","n/e","n/e","504"
"BZN|SE1","21.01.2022 18:00 - 21.01.2022 19:00 (CET/CEST)","n/e","n/e","n/e","n/e","n/e","n/e","n/e","n/e","n/e","n/e","n/e","n/e","n/e","3315","n/e","n/e","23","n/e","0","n/e","n/e","328"
"BZN|SE1","21.01.2022 19:00 - 21.01.2022 20:00 (CET/CEST)","n/e","n/e","n/e","n/e","n/e","n/e","n/e","n/e","n/e","n/e","n/e","n/e","n/e","3328","n/e","n/e","23","n/e","0","n/e","n/e","196"
"BZN|SE1","21.01.2022 20:00 - 21.01.2022 21:00 (CET/CEST)","n/e","n/e","n/e","n/e","n/e","n/e","n/e","n/e","n/e","n/e","n/e","n/e","n/e","3487","n/e","n/e","23","n/e","0","n/e","n/e","152"
"BZN|SE1","21.01.2022 21:00 - 21.01.2022 22:00 (CET/CEST)","n/e","n/e","n/e","n/e","n/e","n/e","n/e","n/e","n/e","n/e","n/e","n/e","n/e","3575","n/e","n/e","23","n/e","0","n/e","n/e","81"
"BZN|SE1","21.01.2022 22:00 - 21.01.2022 23:00 (CET/CEST)","n/e","n/e","n/e","n/e","n/e","n/e","n/e","n/e","n/e","n/e","n/e","n/e","n/e","3316","n/e","n/e","23","n/e","0","n/e","n/e","83"
"BZN|SE1","21.01.2022 23:00 - 22.01.2022 00:00 (CET/CEST)","n/e","n/e","n/e","n/e","n/e","n/e","n/e","n/e","n/e","n/e","n/e","n/e","n/e","3303","n/e","n/e","20","n/e","0","n/e","n/e","154"
"BZN|SE1","22.01.2022 00:00 - 22.01.2022 01:00 (CET/CEST)","n/e","n/e","n/e","n/e","n/e","n/e","n/e","n/e","n/e","n/e","n/e","n/e","n/e","2905","n/e","n/e","13","n/e","0","n/e","n/e","264"
"BZN|SE1","22.01.2022 01:00 - 22.01.2022 02:00 (CET/CEST)","n/e","n/e","n/e","n/e","n/e","n/e","n/e","n/e","n/e","n/e","n/e","n/e","n/e","2522","n/e","n/e","13","n/e","0","n/e","n/e","486"
"BZN|SE1","22.01.2022 02:00 - 22.01.2022 03:00 (CET/CEST)","n/e","n/e","n/e","n/e","n/e","n/e","n/e","n/e","n/e","n/e","n/e","n/e","n/e","2333","n/e","n/e","13","n/e","0","n/e","n/e","700"
"BZN|SE1","22.01.2022 03:00 - 22.01.2022 04:00 (CET/CEST)","n/e","n/e","n/e","n/e","n/e","n/e","n/e","n/e","n/e","n/e","n/e","n/e","n/e","2129","n/e","n/e","13","n/e","0","n/e","n/e","1040"
"BZN|SE1","22.01.2022 04:00 - 22.01.2022 05:00 (CET/CEST)","n/e","n/e","n/e","n/e","n/e","n/e","n/e","n/e","n/e","n/e","n/e","n/e","n/e","1980","n/e","n/e","13","n/e","0","n/e","n/e","1119"
"BZN|SE1","22.01.2022 05:00 - 22.01.2022 06:00 (CET/CEST)","n/e","n/e","n/e","n/e","n/e","n/e","n/e","n/e","n/e","n/e","n/e","n/e","n/e","1803","n/e","n/e","13","n/e","0","n/e","n/e","1273"
"BZN|SE1","22.01.2022 06:00 - 22.01.2022 07:00 (CET/CEST)","n/e","n/e","n/e","n/e","n/e","n/e","n/e","n/e","n/e","n/e","n/e","n/e","n/e","1653","n/e","n/e","13","n/e","0","n/e","n/e","1329"
"BZN|SE1","22.01.2022 07:00 - 22.01.2022 08:00 (CET/CEST)","n/e","n/e","n/e","n/e","n/e","n/e","n/e","n/e","n/e","n/e","n/e","n/e","n/e","1756","n/e","n/e","13","n/e","0","n/e","n/e","1375"
"BZN|SE1","22.01.2022 08:00 - 22.01.2022 09:00 (CET/CEST)","n/e","n/e","n/e","n/e","n/e","n/e","n/e","n/e","n/e","n/e","n/e","n/e","n/e","1646","n/e","n/e","13","n/e","0","n/e","n/e","1434"
"BZN|SE1","22.01.2022 09:00 - 22.01.2022 10:00 (CET/CEST)","n/e","n/e","n/e","n/e","n/e","n/e","n/e","n/e","n/e","n/e","n/e","n/e","n/e","1650","n/e","n/e","13","n/e","0","n/e","n/e","1345"
"BZN|SE1","22.01.2022 10:00 - 22.01.2022 11:00 (CET/CEST)","n/e","n/e","n/e","n/e","n/e","n/e","n/e","n/e","n/e","n/e","n/e","n/e","n/e","1664","n/e","n/e","13","n/e","0","n/e","n/e","1252"
"BZN|SE1","22.01.2022 11:00 - 22.01.2022 12:00 (CET/CEST)","n/e","n/e","n/e","n/e","n/e","n/e","n/e","n/e","n/e","n/e","n/e","n/e","n/e","1663","n/e","n/e","13","n/e","0","n/e","n/e","1179"
"BZN|SE1","22.01.2022 12:00 - 22.01.2022 13:00 (CET/CEST)","n/e","n/e","n/e","n/e","n/e","n/e","n/e","n/e","n/e","n/e","n/e","n/e","n/e","1587","n/e","n/e","13","n/e","0","n/e","n/e","1108"
"BZN|SE1","22.01.2022 13:00 - 22.01.2022 14:00 (CET/CEST)","n/e","n/e","n/e","n/e","n/e","n/e","n/e","n/e","n/e","n/e","n/e","n/e","n/e","1620","n/e","n/e","13","n/e","0","n/e","n/e","1080"
"BZN|SE1","22.01.2022 14:00 - 22.01.2022 15:00 (CET/CEST)","n/e","n/e","n/e","n/e","n/e","n/e","n/e","n/e","n/e","n/e","n/e","n/e","n/e","1739","n/e","n/e","13","n/e","0","n/e","n/e","1075"
"BZN|SE1","22.01.2022 15:00 - 22.01.2022 16:00 (CET/CEST)","n/e","n/e","n/e","n/e","n/e","n/e","n/e","n/e","n/e","n/e","n/e","n/e","n/e","1783","n/e","n/e","13","n/e","0","n/e","n/e","1095"
"BZN|SE1","22.01.2022 16:00 - 22.01.2022 17:00 (CET/CEST)","n/e","n/e","n/e","n/e","n/e","n/e","n/e","n/e","n/e","n/e","n/e","n/e","n/e","1765","n/e","n/e","13","n/e","0","n/e","n/e","1160"
"BZN|SE1","22.01.2022 17:00 - 22.01.2022 18:00 (CET/CEST)","n/e","n/e","n/e","n/e","n/e","n/e","n/e","n/e","n/e","n/e","n/e","n/e","n/e","1732","n/e","n/e","13","n/e","0","n/e","n/e","1235"
"BZN|SE1","22.01.2022 18:00 - 22.01.2022 19:00 (CET/CEST)","n/e","n/e","n/e","n/e","n/e","n/e","n/e","n/e","n/e","n/e","n/e","n/e","n/e","1499","n/e","n/e","13","n/e","0","n/e","n/e","1323"
"BZN|SE1","22.01.2022 19:00 - 22.01.2022 20:00 (CET/CEST)","n/e","n/e","n/e","n/e","n/e","n/e","n/e","n/e","n/e","n/e","n/e","n/e","n/e","1437","n/e","n/e","13","n/e","0","n/e","n/e","1402"
"BZN|SE1","22.01.2022 20:00 - 22.01.2022 21:00 (CET/CEST)","n/e","n/e","n/e","n/e","n/e","n/e","n/e","n/e","n/e","n/e","n/e","n/e","n/e","1407","n/e","n/e","13","n/e","0","n/e","n/e","1515"
"BZN|SE1","22.01.2022 21:00 - 22.01.2022 22:00 (CET/CEST)","n/e","n/e","n/e","n/e","n/e","n/e","n/e","n/e","n/e","n/e","n/e","n/e","n/e","1412","n/e","n/e","13","n/e","0","n/e","n/e","1532"
"BZN|SE1","22.01.2022 22:00 - 22.01.2022 23:00 (CET/CEST)","n/e","n/e","n/e","n/e","n/e","n/e","n/e","n/e","n/e","n/e","n/e","n/e","n/e","1461","n/e","n/e","13","n/e","0","n/e","n/e","1580"
"BZN|SE1","22.01.2022 23:00 - 23.01.2022 00:00 (CET/CEST)","n/e","n/e","n/e","n/e","n/e","n/e","n/e","n/e","n/e","n/e","n/e","n/e","n/e","1365","n/e","n/e","13","n/e","0","n/e","n/e","1611"
"BZN|SE1","23.01.2022 00:00 - 23.01.2022 01:00 (CET/CEST)","n/e","n/e","n/e","n/e","n/e","n/e","n/e","n/e","n/e","n/e","n/e","n/e","n/e","1152","n/e","n/e","15","n/e","0","n/e","n/e","1625"
"BZN|SE1","23.01.2022 01:00 - 23.01.2022 02:00 (CET/CEST)","n/e","n/e","n/e","n/e","n/e","n/e","n/e","n/e","n/e","n/e","n/e","n/e","n/e","1110","n/e","n/e","15","n/e","0","n/e","n/e","1595"
"BZN|SE1","23.01.2022 02:00 - 23.01.2022 03:00 (CET/CEST)","n/e","n/e","n/e","n/e","n/e","n/e","n/e","n/e","n/e","n/e","n/e","n/e","n/e","1110","n/e","n/e","15","n/e","0","n/e","n/e","1560"
"BZN|SE1","23.01.2022 03:00 - 23.01.2022 04:00 (CET/CEST)","n/e","n/e","n/e","n/e","n/e","n/e","n/e","n/e","n/e","n/e","n/e","n/e","n/e","1105","n/e","n/e","15","n/e","0","n/e","n/e","1540"
"BZN|SE1","23.01.2022 04:00 - 23.01.2022 05:00 (CET/CEST)","n/e","n/e","n/e","n/e","n/e","n/e","n/e","n/e","n/e","n/e","n/e","n/e","n/e","1105","n/e","n/e","15","n/e","0","n/e","n/e","1437"
"BZN|SE1","23.01.2022 05:00 - 23.01.2022 06:00 (CET/CEST)","n/e","n/e","n/e","n/e","n/e","n/e","n/e","n/e","n/e","n/e","n/e","n/e","n/e","1110","n/e","n/e","15","n/e","0","n/e","n/e","1385"
"BZN|SE1","23.01.2022 06:00 - 23.01.2022 07:00 (CET/CEST)","n/e","n/e","n/e","n/e","n/e","n/e","n/e","n/e","n/e","n/e","n/e","n/e","n/e","1105","n/e","n/e","15","n/e","0","n/e","n/e","1387"
"BZN|SE1","23.01.2022 07:00 - 23.01.2022 08:00 (CET/CEST)","n/e","n/e","n/e","n/e","n/e","n/e","n/e","n/e","n/e","n/e","n/e","n/e","n/e","1111","n/e","n/e","15","n/e","0","n/e","n/e","1444"
"BZN|SE1","23.01.2022 08:00 - 23.01.2022 09:00 (CET/CEST)","n/e","n/e","n/e","n/e","n/e","n/e","n/e","n/e","n/e","n/e","n/e","n/e","n/e","1006","n/e","n/e","15","n/e","0","n/e","n/e","1380"
"BZN|SE1","23.01.2022 09:00 - 23.01.2022 10:00 (CET/CEST)","n/e","n/e","n/e","n/e","n/e","n/e","n/e","n/e","n/e","n/e","n/e","n/e","n/e","1121","n/e","n/e","15","n/e","0","n/e","n/e","1403"
"BZN|SE1","23.01.2022 10:00 - 23.01.2022 11:00 (CET/CEST)","n/e","n/e","n/e","n/e","n/e","n/e","n/e","n/e","n/e","n/e","n/e","n/e","n/e","1135","n/e","n/e","15","n/e","0","n/e","n/e","1538"
"BZN|SE1","23.01.2022 11:00 - 23.01.2022 12:00 (CET/CEST)","n/e","n/e","n/e","n/e","n/e","n/e","n/e","n/e","n/e","n/e","n/e","n/e","n/e","1163","n/e","n/e","15","n/e","0","n/e","n/e","1651"
"BZN|SE1","23.01.2022 12:00 - 23.01.2022 13:00 (CET/CEST)","n/e","n/e","n/e","n/e","n/e","n/e","n/e","n/e","n/e","n/e","n/e","n/e","n/e","1180","n/e","n/e","15","n/e","0","n/e","n/e","1620"
"BZN|SE1","23.01.2022 13:00 - 23.01.2022 14:00 (CET/CEST)","n/e","n/e","n/e","n/e","n/e","n/e","n/e","n/e","n/e","n/e","n/e","n/e","n/e","1181","n/e","n/e","15","n/e","0","n/e","n/e","1616"
"BZN|SE1","23.01.2022 14:00 - 23.01.2022 15:00 (CET/CEST)","n/e","n/e","n/e","n/e","n/e","n/e","n/e","n/e","n/e","n/e","n/e","n/e","n/e","1181","n/e","n/e","15","n/e","0","n/e","n/e","1604"
"BZN|SE1","23.01.2022 15:00 - 23.01.2022 16:00 (CET/CEST)","n/e","n/e","n/e","n/e","n/e","n/e","n/e","n/e","n/e","n/e","n/e","n/e","n/e","1212","n/e","n/e","15","n/e","0","n/e","n/e","1587"
"BZN|SE1","23.01.2022 16:00 - 23.01.2022 17:00 (CET/CEST)","n/e","n/e","n/e","n/e","n/e","n/e","n/e","n/e","n/e","n/e","n/e","n/e","n/e","1217","n/e","n/e","15","n/e","0","n/e","n/e","1596"
"BZN|SE1","23.01.2022 17:00 - 23.01.2022 18:00 (CET/CEST)","n/e","n/e","n/e","n/e","n/e","n/e","n/e","n/e","n/e","n/e","n/e","n/e","n/e","1218","n/e","n/e","15","n/e","0","n/e","n/e","1607"
"BZN|SE1","23.01.2022 18:00 - 23.01.2022 19:00 (CET/CEST)","n/e","n/e","n/e","n/e","n/e","n/e","n/e","n/e","n/e","n/e","n/e","n/e","n/e","1217","n/e","n/e","15","n/e","0","n/e","n/e","1621"
"BZN|SE1","23.01.2022 19:00 - 23.01.2022 20:00 (CET/CEST)","n/e","n/e","n/e","n/e","n/e","n/e","n/e","n/e","n/e","n/e","n/e","n/e","n/e","1222","n/e","n/e","15","n/e","0","n/e","n/e","1571"
"BZN|SE1","23.01.2022 20:00 - 23.01.2022 21:00 (CET/CEST)","n/e","n/e","n/e","n/e","n/e","n/e","n/e","n/e","n/e","n/e","n/e","n/e","n/e","1222","n/e","n/e","15","n/e","0","n/e","n/e","1624"
"BZN|SE1","23.01.2022 21:00 - 23.01.2022 22:00 (CET/CEST)","n/e","n/e","n/e","n/e","n/e","n/e","n/e","n/e","n/e","n/e","n/e","n/e","n/e","1217","n/e","n/e","15","n/e","0","n/e","n/e","1581"
"BZN|SE1","23.01.2022 22:00 - 23.01.2022 23:00 (CET/CEST)","n/e","n/e","n/e","n/e","n/e","n/e","n/e","n/e","n/e","n/e","n/e","n/e","n/e","1186","n/e","n/e","15","n/e","0","n/e","n/e","1645"
"BZN|SE1","23.01.2022 23:00 - 24.01.2022 00:00 (CET/CEST)","n/e","n/e","n/e","n/e","n/e","n/e","n/e","n/e","n/e","n/e","n/e","n/e","n/e","1176","n/e","n/e","15","n/e","0","n/e","n/e","1563"
"BZN|SE1","24.01.2022 00:00 - 24.01.2022 01:00 (CET/CEST)","n/e","n/e","n/e","n/e","n/e","n/e","n/e","n/e","n/e","n/e","n/e","n/e","n/e","991","n/e","n/e","18","n/e","0","n/e","n/e","1586"
"BZN|SE1","24.01.2022 01:00 - 24.01.2022 02:00 (CET/CEST)","n/e","n/e","n/e","n/e","n/e","n/e","n/e","n/e","n/e","n/e","n/e","n/e","n/e","999","n/e","n/e","18","n/e","0","n/e","n/e","1539"
"BZN|SE1","24.01.2022 02:00 - 24.01.2022 03:00 (CET/CEST)","n/e","n/e","n/e","n/e","n/e","n/e","n/e","n/e","n/e","n/e","n/e","n/e","n/e","982","n/e","n/e","18","n/e","0","n/e","n/e","1485"
"BZN|SE1","24.01.2022 03:00 - 24.01.2022 04:00 (CET/CEST)","n/e","n/e","n/e","n/e","n/e","n/e","n/e","n/e","n/e","n/e","n/e","n/e","n/e","968","n/e","n/e","18","n/e","0","n/e","n/e","1512"
"BZN|SE1","24.01.2022 04:00 - 24.01.2022 05:00 (CET/CEST)","n/e","n/e","n/e","n/e","n/e","n/e","n/e","n/e","n/e","n/e","n/e","n/e","n/e","947","n/e","n/e","18","n/e","0","n/e","n/e","1545"
"BZN|SE1","24.01.2022 05:00 - 24.01.2022 06:00 (CET/CEST)","n/e","n/e","n/e","n/e","n/e","n/e","n/e","n/e","n/e","n/e","n/e","n/e","n/e","1086","n/e","n/e","18","n/e","0","n/e","n/e","1558"
"BZN|SE1","24.01.2022 06:00 - 24.01.2022 07:00 (CET/CEST)","n/e","n/e","n/e","n/e","n/e","n/e","n/e","n/e","n/e","n/e","n/e","n/e","n/e","1322","n/e","n/e","18","n/e","0","n/e","n/e","1531"
"BZN|SE1","24.01.2022 07:00 - 24.01.2022 08:00 (CET/CEST)","n/e","n/e","n/e","n/e","n/e","n/e","n/e","n/e","n/e","n/e","n/e","n/e","n/e","1345","n/e","n/e","18","n/e","0","n/e","n/e","1622"
"BZN|SE1","24.01.2022 08:00 - 24.01.2022 09:00 (CET/CEST)","n/e","n/e","n/e","n/e","n/e","n/e","n/e","n/e","n/e","n/e","n/e","n/e","n/e","1343","n/e","n/e","18","n/e","0","n/e","n/e","1578"
"BZN|SE1","24.01.2022 09:00 - 24.01.2022 10:00 (CET/CEST)","n/e","n/e","n/e","n/e","n/e","n/e","n/e","n/e","n/e","n/e","n/e","n/e","n/e","1373","n/e","n/e","18","n/e","0","n/e","n/e","1561"
"BZN|SE1","24.01.2022 10:00 - 24.01.2022 11:00 (CET/CEST)","n/e","n/e","n/e","n/e","n/e","n/e","n/e","n/e","n/e","n/e","n/e","n/e","n/e","1382","n/e","n/e","18","n/e","0","n/e","n/e","1572"
"BZN|SE1","24.01.2022 11:00 - 24.01.2022 12:00 (CET/CEST)","n/e","n/e","n/e","n/e","n/e","n/e","n/e","n/e","n/e","n/e","n/e","n/e","n/e","1385","n/e","n/e","18","n/e","0","n/e","n/e","1542"
"BZN|SE1","24.01.2022 12:00 - 24.01.2022 13:00 (CET/CEST)","n/e","n/e","n/e","n/e","n/e","n/e","n/e","n/e","n/e","n/e","n/e","n/e","n/e","1395","n/e","n/e","17","n/e","0","n/e","n/e","1444"
"BZN|SE1","24.01.2022 13:00 - 24.01.2022 14:00 (CET/CEST)","n/e","n/e","n/e","n/e","n/e","n/e","n/e","n/e","n/e","n/e","n/e","n/e","n/e","1402","n/e","n/e","17","n/e","0","n/e","n/e","1286"
"BZN|SE1","24.01.2022 14:00 - 24.01.2022 15:00 (CET/CEST)","n/e","n/e","n/e","n/e","n/e","n/e","n/e","n/e","n/e","n/e","n/e","n/e","n/e","1404","n/e","n/e","17","n/e","0","n/e","n/e","1234"
"BZN|SE1","24.01.2022 15:00 - 24.01.2022 16:00 (CET/CEST)","n/e","n/e","n/e","n/e","n/e","n/e","n/e","n/e","n/e","n/e","n/e","n/e","n/e","1403","n/e","n/e","17","n/e","0","n/e","n/e","1266"
"BZN|SE1","24.01.2022 16:00 - 24.01.2022 17:00 (CET/CEST)","n/e","n/e","n/e","n/e","n/e","n/e","n/e","n/e","n/e","n/e","n/e","n/e","n/e","1377","n/e","n/e","17","n/e","0","n/e","n/e","1377"
"BZN|SE1","24.01.2022 17:00 - 24.01.2022 18:00 (CET/CEST)","n/e","n/e","n/e","n/e","n/e","n/e","n/e","n/e","n/e","n/e","n/e","n/e","n/e","1366","n/e","n/e","17","n/e","0","n/e","n/e","1420"
"BZN|SE1","24.01.2022 18:00 - 24.01.2022 19:00 (CET/CEST)","n/e","n/e","n/e","n/e","n/e","n/e","n/e","n/e","n/e","n/e","n/e","n/e","n/e","1372","n/e","n/e","17","n/e","0","n/e","n/e","1438"
"BZN|SE1","24.01.2022 19:00 - 24.01.2022 20:00 (CET/CEST)","n/e","n/e","n/e","n/e","n/e","n/e","n/e","n/e","n/e","n/e","n/e","n/e","n/e","1353","n/e","n/e","17","n/e","0","n/e","n/e","1467"
"BZN|SE1","24.01.2022 20:00 - 24.01.2022 21:00 (CET/CEST)","n/e","n/e","n/e","n/e","n/e","n/e","n/e","n/e","n/e","n/e","n/e","n/e","n/e","1351","n/e","n/e","17","n/e","0","n/e","n/e","1443"
"BZN|SE1","24.01.2022 21:00 - 24.01.2022 22:00 (CET/CEST)","n/e","n/e","n/e","n/e","n/e","n/e","n/e","n/e","n/e","n/e","n/e","n/e","n/e","1351","n/e","n/e","17","n/e","0","n/e","n/e","1494"
"BZN|SE1","24.01.2022 22:00 - 24.01.2022 23:00 (CET/CEST)","n/e","n/e","n/e","n/e","n/e","n/e","n/e","n/e","n/e","n/e","n/e","n/e","n/e","1329","n/e","n/e","17","n/e","0","n/e","n/e","1479"
"BZN|SE1","24.01.2022 23:00 - 25.01.2022 00:00 (CET/CEST)","n/e","n/e","n/e","n/e","n/e","n/e","n/e","n/e","n/e","n/e","n/e","n/e","n/e","1332","n/e","n/e","17","n/e","0","n/e","n/e","1457"
"BZN|SE1","25.01.2022 00:00 - 25.01.2022 01:00 (CET/CEST)","n/e","n/e","n/e","n/e","n/e","n/e","n/e","n/e","n/e","n/e","n/e","n/e","n/e","1160","n/e","n/e","14","n/e","0","n/e","n/e","1446"
"BZN|SE1","25.01.2022 01:00 - 25.01.2022 02:00 (CET/CEST)","n/e","n/e","n/e","n/e","n/e","n/e","n/e","n/e","n/e","n/e","n/e","n/e","n/e","1160","n/e","n/e","14","n/e","0","n/e","n/e","1408"
"BZN|SE1","25.01.2022 02:00 - 25.01.2022 03:00 (CET/CEST)","n/e","n/e","n/e","n/e","n/e","n/e","n/e","n/e","n/e","n/e","n/e","n/e","n/e","1143","n/e","n/e","14","n/e","0","n/e","n/e","1368"
"BZN|SE1","25.01.2022 03:00 - 25.01.2022 04:00 (CET/CEST)","n/e","n/e","n/e","n/e","n/e","n/e","n/e","n/e","n/e","n/e","n/e","n/e","n/e","1280","n/e","n/e","15","n/e","0","n/e","n/e","1321"
"BZN|SE1","25.01.2022 04:00 - 25.01.2022 05:00 (CET/CEST)","n/e","n/e","n/e","n/e","n/e","n/e","n/e","n/e","n/e","n/e","n/e","n/e","n/e","1301","n/e","n/e","14","n/e","0","n/e","n/e","1280"
"BZN|SE1","25.01.2022 05:00 - 25.01.2022 06:00 (CET/CEST)","n/e","n/e","n/e","n/e","n/e","n/e","n/e","n/e","n/e","n/e","n/e","n/e","n/e","1334","n/e","n/e","14","n/e","0","n/e","n/e","1270"
"BZN|SE1","25.01.2022 06:00 - 25.01.2022 07:00 (CET/CEST)","n/e","n/e","n/e","n/e","n/e","n/e","n/e","n/e","n/e","n/e","n/e","n/e","n/e","1766","n/e","n/e","14","n/e","0","n/e","n/e","1276"
"BZN|SE1","25.01.2022 07:00 - 25.01.2022 08:00 (CET/CEST)","n/e","n/e","n/e","n/e","n/e","n/e","n/e","n/e","n/e","n/e","n/e","n/e","n/e","1878","n/e","n/e","15","n/e","0","n/e","n/e","1277"
"BZN|SE1","25.01.2022 08:00 - 25.01.2022 09:00 (CET/CEST)","n/e","n/e","n/e","n/e","n/e","n/e","n/e","n/e","n/e","n/e","n/e","n/e","n/e","1916","n/e","n/e","15","n/e","0","n/e","n/e","1306"
"BZN|SE1","25.01.2022 09:00 - 25.01.2022 10:00 (CET/CEST)","n/e","n/e","n/e","n/e","n/e","n/e","n/e","n/e","n/e","n/e","n/e","n/e","n/e","1915","n/e","n/e","15","n/e","0","n/e","n/e","1330"
"BZN|SE1","25.01.2022 10:00 - 25.01.2022 11:00 (CET/CEST)","n/e","n/e","n/e","n/e","n/e","n/e","n/e","n/e","n/e","n/e","n/e","n/e","n/e","1972","n/e","n/e","15","n/e","0","n/e","n/e","1344"
"BZN|SE1","25.01.2022 11:00 - 25.01.2022 12:00 (CET/CEST)","n/e","n/e","n/e","n/e","n/e","n/e","n/e","n/e","n/e","n/e","n/e","n/e","n/e","1984","n/e","n/e","15","n/e","0","n/e","n/e","1348"
"BZN|SE1","25.01.2022 12:00 - 25.01.2022 13:00 (CET/CEST)","n/e","n/e","n/e","n/e","n/e","n/e","n/e","n/e","n/e","n/e","n/e","n/e","n/e","1965","n/e","n/e","16","n/e","0","n/e","n/e","1361"
"BZN|SE1","25.01.2022 13:00 - 25.01.2022 14:00 (CET/CEST)","n/e","n/e","n/e","n/e","n/e","n/e","n/e","n/e","n/e","n/e","n/e","n/e","n/e","1986","n/e","n/e","16","n/e","0","n/e","n/e","1378"
"BZN|SE1","25.01.2022 14:00 - 25.01.2022 15:00 (CET/CEST)","n/e","n/e","n/e","n/e","n/e","n/e","n/e","n/e","n/e","n/e","n/e","n/e","n/e","1986","n/e","n/e","16","n/e","0","n/e","n/e","1316"
"BZN|SE1","25.01.2022 15:00 - 25.01.2022 16:00 (CET/CEST)","n/e","n/e","n/e","n/e","n/e","n/e","n/e","n/e","n/e","n/e","n/e","n/e","n/e","2050","n/e","n/e","15","n/e","0","n/e","n/e","1350"
"BZN|SE1","25.01.2022 16:00 - 25.01.2022 17:00 (CET/CEST)","n/e","n/e","n/e","n/e","n/e","n/e","n/e","n/e","n/e","n/e","n/e","n/e","n/e","2134","n/e","n/e","15","n/e","0","n/e","n/e","1357"
"BZN|SE1","25.01.2022 17:00 - 25.01.2022 18:00 (CET/CEST)","n/e","n/e","n/e","n/e","n/e","n/e","n/e","n/e","n/e","n/e","n/e","n/e","n/e","2298","n/e","n/e","15","n/e","0","n/e","n/e","1287"
"BZN|SE1","25.01.2022 18:00 - 25.01.2022 19:00 (CET/CEST)","n/e","n/e","n/e","n/e","n/e","n/e","n/e","n/e","n/e","n/e","n/e","n/e","n/e","2187","n/e","n/e","15","n/e","0","n/e","n/e","1205"
"BZN|SE1","25.01.2022 19:00 - 25.01.2022 20:00 (CET/CEST)","n/e","n/e","n/e","n/e","n/e","n/e","n/e","n/e","n/e","n/e","n/e","n/e","n/e","2096","n/e","n/e","15","n/e","0","n/e","n/e","1247"
"BZN|SE1","25.01.2022 20:00 - 25.01.2022 21:00 (CET/CEST)","n/e","n/e","n/e","n/e","n/e","n/e","n/e","n/e","n/e","n/e","n/e","n/e","n/e","2074","n/e","n/e","15","n/e","0","n/e","n/e","1119"
"BZN|SE1","25.01.2022 21:00 - 25.01.2022 22:00 (CET/CEST)","n/e","n/e","n/e","n/e","n/e","n/e","n/e","n/e","n/e","n/e","n/e","n/e","n/e","2061","n/e","n/e","16","n/e","0","n/e","n/e","1047"
"BZN|SE1","25.01.2022 22:00 - 25.01.2022 23:00 (CET/CEST)","n/e","n/e","n/e","n/e","n/e","n/e","n/e","n/e","n/e","n/e","n/e","n/e","n/e","1793","n/e","n/e","15","n/e","0","n/e","n/e","1008"
"BZN|SE1","25.01.2022 23:00 - 26.01.2022 00:00 (CET/CEST)","n/e","n/e","n/e","n/e","n/e","n/e","n/e","n/e","n/e","n/e","n/e","n/e","n/e","1888","n/e","n/e","15","n/e","0","n/e","n/e","935"
"BZN|SE1","26.01.2022 00:00 - 26.01.2022 01:00 (CET/CEST)","n/e","n/e","n/e","n/e","n/e","n/e","n/e","n/e","n/e","n/e","n/e","n/e","n/e","1930","n/e","n/e","16","n/e","0","n/e","n/e","803"
"BZN|SE1","26.01.2022 01:00 - 26.01.2022 02:00 (CET/CEST)","n/e","n/e","n/e","n/e","n/e","n/e","n/e","n/e","n/e","n/e","n/e","n/e","n/e","1843","n/e","n/e","16","n/e","0","n/e","n/e","571"
"BZN|SE1","26.01.2022 02:00 - 26.01.2022 03:00 (CET/CEST)","n/e","n/e","n/e","n/e","n/e","n/e","n/e","n/e","n/e","n/e","n/e","n/e","n/e","1794","n/e","n/e","16","n/e","0","n/e","n/e","523"
"BZN|SE1","26.01.2022 03:00 - 26.01.2022 04:00 (CET/CEST)","n/e","n/e","n/e","n/e","n/e","n/e","n/e","n/e","n/e","n/e","n/e","n/e","n/e","1791","n/e","n/e","16","n/e","0","n/e","n/e","510"
"BZN|SE1","26.01.2022 04:00 - 26.01.2022 05:00 (CET/CEST)","n/e","n/e","n/e","n/e","n/e","n/e","n/e","n/e","n/e","n/e","n/e","n/e","n/e","1982","n/e","n/e","16","n/e","0","n/e","n/e","505"
"BZN|SE1","26.01.2022 05:00 - 26.01.2022 06:00 (CET/CEST)","n/e","n/e","n/e","n/e","n/e","n/e","n/e","n/e","n/e","n/e","n/e","n/e","n/e","2095","n/e","n/e","16","n/e","0","n/e","n/e","590"
"BZN|SE1","26.01.2022 06:00 - 26.01.2022 07:00 (CET/CEST)","n/e","n/e","n/e","n/e","n/e","n/e","n/e","n/e","n/e","n/e","n/e","n/e","n/e","2611","n/e","n/e","16","n/e","0","n/e","n/e","503"
"BZN|SE1","26.01.2022 07:00 - 26.01.2022 08:00 (CET/CEST)","n/e","n/e","n/e","n/e","n/e","n/e","n/e","n/e","n/e","n/e","n/e","n/e","n/e","2700","n/e","n/e","16","n/e","0","n/e","n/e","477"
"BZN|SE1","26.01.2022 08:00 - 26.01.2022 09:00 (CET/CEST)","n/e","n/e","n/e","n/e","n/e","n/e","n/e","n/e","n/e","n/e","n/e","n/e","n/e","2706","n/e","n/e","16","n/e","0","n/e","n/e","504"
"BZN|SE1","26.01.2022 09:00 - 26.01.2022 10:00 (CET/CEST)","n/e","n/e","n/e","n/e","n/e","n/e","n/e","n/e","n/e","n/e","n/e","n/e","n/e","2582","n/e","n/e","16","n/e","0","n/e","n/e","452"
"BZN|SE1","26.01.2022 10:00 - 26.01.2022 11:00 (CET/CEST)","n/e","n/e","n/e","n/e","n/e","n/e","n/e","n/e","n/e","n/e","n/e","n/e","n/e","2580","n/e","n/e","15","n/e","0","n/e","n/e","427"
"BZN|SE1","26.01.2022 11:00 - 26.01.2022 12:00 (CET/CEST)","n/e","n/e","n/e","n/e","n/e","n/e","n/e","n/e","n/e","n/e","n/e","n/e","n/e","2583","n/e","n/e","15","n/e","0","n/e","n/e","397"
"BZN|SE1","26.01.2022 12:00 - 26.01.2022 13:00 (CET/CEST)","n/e","n/e","n/e","n/e","n/e","n/e","n/e","n/e","n/e","n/e","n/e","n/e","n/e","2710","n/e","n/e","15","n/e","0","n/e","n/e","406"
"BZN|SE1","26.01.2022 13:00 - 26.01.2022 14:00 (CET/CEST)","n/e","n/e","n/e","n/e","n/e","n/e","n/e","n/e","n/e","n/e","n/e","n/e","n/e","2704","n/e","n/e","15","n/e","0","n/e","n/e","317"
"BZN|SE1","26.01.2022 14:00 - 26.01.2022 15:00 (CET/CEST)","n/e","n/e","n/e","n/e","n/e","n/e","n/e","n/e","n/e","n/e","n/e","n/e","n/e","2685","n/e","n/e","15","n/e","0","n/e","n/e","223"
"BZN|SE1","26.01.2022 15:00 - 26.01.2022 16:00 (CET/CEST)","n/e","n/e","n/e","n/e","n/e","n/e","n/e","n/e","n/e","n/e","n/e","n/e","n/e","2514","n/e","n/e","15","n/e","0","n/e","n/e","153"
"BZN|SE1","26.01.2022 16:00 - 26.01.2022 17:00 (CET/CEST)","n/e","n/e","n/e","n/e","n/e","n/e","n/e","n/e","n/e","n/e","n/e","n/e","n/e","2424","n/e","n/e","15","n/e","0","n/e","n/e","134"
"BZN|SE1","26.01.2022 17:00 - 26.01.2022 18:00 (CET/CEST)","n/e","n/e","n/e","n/e","n/e","n/e","n/e","n/e","n/e","n/e","n/e","n/e","n/e","2427","n/e","n/e","15","n/e","0","n/e","n/e","127"
"BZN|SE1","26.01.2022 18:00 - 26.01.2022 19:00 (CET/CEST)","n/e","n/e","n/e","n/e","n/e","n/e","n/e","n/e","n/e","n/e","n/e","n/e","n/e","2419","n/e","n/e","15","n/e","0","n/e","n/e","125"
"BZN|SE1","26.01.2022 19:00 - 26.01.2022 20:00 (CET/CEST)","n/e","n/e","n/e","n/e","n/e","n/e","n/e","n/e","n/e","n/e","n/e","n/e","n/e","2407","n/e","n/e","15","n/e","0","n/e","n/e","138"
"BZN|SE1","26.01.2022 20:00 - 26.01.2022 21:00 (CET/CEST)","n/e","n/e","n/e","n/e","n/e","n/e","n/e","n/e","n/e","n/e","n/e","n/e","n/e","2411","n/e","n/e","15","n/e","0","n/e","n/e","143"
"BZN|SE1","26.01.2022 21:00 - 26.01.2022 22:00 (CET/CEST)","n/e","n/e","n/e","n/e","n/e","n/e","n/e","n/e","n/e","n/e","n/e","n/e","n/e","2479","n/e","n/e","15","n/e","0","n/e","n/e","92"
"BZN|SE1","26.01.2022 22:00 - 26.01.2022 23:00 (CET/CEST)","n/e","n/e","n/e","n/e","n/e","n/e","n/e","n/e","n/e","n/e","n/e","n/e","n/e","2183","n/e","n/e","15","n/e","0","n/e","n/e","94"
"BZN|SE1","26.01.2022 23:00 - 27.01.2022 00:00 (CET/CEST)","n/e","n/e","n/e","n/e","n/e","n/e","n/e","n/e","n/e","n/e","n/e","n/e","n/e","1751","n/e","n/e","15","n/e","0","n/e","n/e","44"
"BZN|SE1","27.01.2022 00:00 - 27.01.2022 01:00 (CET/CEST)","n/e","n/e","n/e","n/e","n/e","n/e","n/e","n/e","n/e","n/e","n/e","n/e","n/e","1768","n/e","n/e","13","n/e","0","n/e","n/e","37"
"BZN|SE1","27.01.2022 01:00 - 27.01.2022 02:00 (CET/CEST)","n/e","n/e","n/e","n/e","n/e","n/e","n/e","n/e","n/e","n/e","n/e","n/e","n/e","1560","n/e","n/e","13","n/e","0","n/e","n/e","38"
"BZN|SE1","27.01.2022 02:00 - 27.01.2022 03:00 (CET/CEST)","n/e","n/e","n/e","n/e","n/e","n/e","n/e","n/e","n/e","n/e","n/e","n/e","n/e","1532","n/e","n/e","13","n/e","0","n/e","n/e","36"
"BZN|SE1","27.01.2022 03:00 - 27.01.2022 04:00 (CET/CEST)","n/e","n/e","n/e","n/e","n/e","n/e","n/e","n/e","n/e","n/e","n/e","n/e","n/e","1782","n/e","n/e","18","n/e","0","n/e","n/e","28"
"BZN|SE1","27.01.2022 04:00 - 27.01.2022 05:00 (CET/CEST)","n/e","n/e","n/e","n/e","n/e","n/e","n/e","n/e","n/e","n/e","n/e","n/e","n/e","2142","n/e","n/e","23","n/e","0","n/e","n/e","24"
"BZN|SE1","27.01.2022 05:00 - 27.01.2022 06:00 (CET/CEST)","n/e","n/e","n/e","n/e","n/e","n/e","n/e","n/e","n/e","n/e","n/e","n/e","n/e","2555","n/e","n/e","28","n/e","0","n/e","n/e","23"
"BZN|SE1","27.01.2022 06:00 - 27.01.2022 07:00 (CET/CEST)","n/e","n/e","n/e","n/e","n/e","n/e","n/e","n/e","n/e","n/e","n/e","n/e","n/e","3317","n/e","n/e","32","n/e","0","n/e","n/e","22"
"BZN|SE1","27.01.2022 07:00 - 27.01.2022 08:00 (CET/CEST)","n/e","n/e","n/e","n/e","n/e","n/e","n/e","n/e","n/e","n/e","n/e","n/e","n/e","4311","n/e","n/e","32","n/e","0","n/e","n/e","23"
"BZN|SE1","27.01.2022 08:00 - 27.01.2022 09:00 (CET/CEST)","n/e","n/e","n/e","n/e","n/e","n/e","n/e","n/e","n/e","n/e","n/e","n/e","n/e","4380","n/e","n/e","32","n/e","0","n/e","n/e","20"
"BZN|SE1","27.01.2022 09:00 - 27.01.2022 10:00 (CET/CEST)","n/e","n/e","n/e","n/e","n/e","n/e","n/e","n/e","n/e","n/e","n/e","n/e","n/e","4411","n/e","n/e","32","n/e","0","n/e","n/e","18"
"BZN|SE1","27.01.2022 10:00 - 27.01.2022 11:00 (CET/CEST)","n/e","n/e","n/e","n/e","n/e","n/e","n/e","n/e","n/e","n/e","n/e","n/e","n/e","4434","n/e","n/e","32","n/e","0","n/e","n/e","21"
"BZN|SE1","27.01.2022 11:00 - 27.01.2022 12:00 (CET/CEST)","n/e","n/e","n/e","n/e","n/e","n/e","n/e","n/e","n/e","n/e","n/e","n/e","n/e","4363","n/e","n/e","32","n/e","0","n/e","n/e","22"
"BZN|SE1","27.01.2022 12:00 - 27.01.2022 13:00 (CET/CEST)","n/e","n/e","n/e","n/e","n/e","n/e","n/e","n/e","n/e","n/e","n/e","n/e","n/e","4362","n/e","n/e","31","n/e","0","n/e","n/e","20"
"BZN|SE1","27.01.2022 13:00 - 27.01.2022 14:00 (CET/CEST)","n/e","n/e","n/e","n/e","n/e","n/e","n/e","n/e","n/e","n/e","n/e","n/e","n/e","4076","n/e","n/e","32","n/e","0","n/e","n/e","20"
"BZN|SE1","27.01.2022 14:00 - 27.01.2022 15:00 (CET/CEST)","n/e","n/e","n/e","n/e","n/e","n/e","n/e","n/e","n/e","n/e","n/e","n/e","n/e","3901","n/e","n/e","28","n/e","0","n/e","n/e","23"
"BZN|SE1","27.01.2022 15:00 - 27.01.2022 16:00 (CET/CEST)","n/e","n/e","n/e","n/e","n/e","n/e","n/e","n/e","n/e","n/e","n/e","n/e","n/e","3866","n/e","n/e","23","n/e","0","n/e","n/e","29"
"BZN|SE1","27.01.2022 16:00 - 27.01.2022 17:00 (CET/CEST)","n/e","n/e","n/e","n/e","n/e","n/e","n/e","n/e","n/e","n/e","n/e","n/e","n/e","3903","n/e","n/e","18","n/e","0","n/e","n/e","37"
"BZN|SE1","27.01.2022 17:00 - 27.01.2022 18:00 (CET/CEST)","n/e","n/e","n/e","n/e","n/e","n/e","n/e","n/e","n/e","n/e","n/e","n/e","n/e","3850","n/e","n/e","14","n/e","0","n/e","n/e","34"
"BZN|SE1","27.01.2022 18:00 - 27.01.2022 19:00 (CET/CEST)","n/e","n/e","n/e","n/e","n/e","n/e","n/e","n/e","n/e","n/e","n/e","n/e","n/e","3763","n/e","n/e","14","n/e","0","n/e","n/e","25"
"BZN|SE1","27.01.2022 19:00 - 27.01.2022 20:00 (CET/CEST)","n/e","n/e","n/e","n/e","n/e","n/e","n/e","n/e","n/e","n/e","n/e","n/e","n/e","3534","n/e","n/e","14","n/e","0","n/e","n/e","22"
"BZN|SE1","27.01.2022 20:00 - 27.01.2022 21:00 (CET/CEST)","n/e","n/e","n/e","n/e","n/e","n/e","n/e","n/e","n/e","n/e","n/e","n/e","n/e","3249","n/e","n/e","14","n/e","0","n/e","n/e","23"
"BZN|SE1","27.01.2022 21:00 - 27.01.2022 22:00 (CET/CEST)","n/e","n/e","n/e","n/e","n/e","n/e","n/e","n/e","n/e","n/e","n/e","n/e","n/e","2514","n/e","n/e","14","n/e","0","n/e","n/e","28"
"BZN|SE1","27.01.2022 22:00 - 27.01.2022 23:00 (CET/CEST)","n/e","n/e","n/e","n/e","n/e","n/e","n/e","n/e","n/e","n/e","n/e","n/e","n/e","1511","n/e","n/e","14","n/e","0","n/e","n/e","49"
"BZN|SE1","27.01.2022 23:00 - 28.01.2022 00:00 (CET/CEST)","n/e","n/e","n/e","n/e","n/e","n/e","n/e","n/e","n/e","n/e","n/e","n/e","n/e","1373","n/e","n/e","14","n/e","0","n/e","n/e","102"
"BZN|SE1","28.01.2022 00:00 - 28.01.2022 01:00 (CET/CEST)","n/e","n/e","n/e","n/e","n/e","n/e","n/e","n/e","n/e","n/e","n/e","n/e","n/e","1277","n/e","n/e","17","n/e","0","n/e","n/e","189"
"BZN|SE1","28.01.2022 01:00 - 28.01.2022 02:00 (CET/CEST)","n/e","n/e","n/e","n/e","n/e","n/e","n/e","n/e","n/e","n/e","n/e","n/e","n/e","1160","n/e","n/e","17","n/e","0","n/e","n/e","268"
"BZN|SE1","28.01.2022 02:00 - 28.01.2022 03:00 (CET/CEST)","n/e","n/e","n/e","n/e","n/e","n/e","n/e","n/e","n/e","n/e","n/e","n/e","n/e","1146","n/e","n/e","17","n/e","0","n/e","n/e","352"
"BZN|SE1","28.01.2022 03:00 - 28.01.2022 04:00 (CET/CEST)","n/e","n/e","n/e","n/e","n/e","n/e","n/e","n/e","n/e","n/e","n/e","n/e","n/e","1161","n/e","n/e","17","n/e","0","n/e","n/e","548"
"BZN|SE1","28.01.2022 04:00 - 28.01.2022 05:00 (CET/CEST)","n/e","n/e","n/e","n/e","n/e","n/e","n/e","n/e","n/e","n/e","n/e","n/e","n/e","1164","n/e","n/e","17","n/e","0","n/e","n/e","800"
"BZN|SE1","28.01.2022 05:00 - 28.01.2022 06:00 (CET/CEST)","n/e","n/e","n/e","n/e","n/e","n/e","n/e","n/e","n/e","n/e","n/e","n/e","n/e","1176","n/e","n/e","17","n/e","0","n/e","n/e","1044"
"BZN|SE1","28.01.2022 06:00 - 28.01.2022 07:00 (CET/CEST)","n/e","n/e","n/e","n/e","n/e","n/e","n/e","n/e","n/e","n/e","n/e","n/e","n/e","1243","n/e","n/e","17","n/e","0","n/e","n/e","1263"
"BZN|SE1","28.01.2022 07:00 - 28.01.2022 08:00 (CET/CEST)","n/e","n/e","n/e","n/e","n/e","n/e","n/e","n/e","n/e","n/e","n/e","n/e","n/e","1338","n/e","n/e","17","n/e","0","n/e","n/e","1378"
"BZN|SE1","28.01.2022 08:00 - 28.01.2022 09:00 (CET/CEST)","n/e","n/e","n/e","n/e","n/e","n/e","n/e","n/e","n/e","n/e","n/e","n/e","n/e","1287","n/e","n/e","17","n/e","0","n/e","n/e","1357"
"BZN|SE1","28.01.2022 09:00 - 28.01.2022 10:00 (CET/CEST)","n/e","n/e","n/e","n/e","n/e","n/e","n/e","n/e","n/e","n/e","n/e","n/e","n/e","1384","n/e","n/e","17","n/e","0","n/e","n/e","1391"
"BZN|SE1","28.01.2022 10:00 - 28.01.2022 11:00 (CET/CEST)","n/e","n/e","n/e","n/e","n/e","n/e","n/e","n/e","n/e","n/e","n/e","n/e","n/e","1547","n/e","n/e","17","n/e","0","n/e","n/e","1439"
"BZN|SE1","28.01.2022 11:00 - 28.01.2022 12:00 (CET/CEST)","n/e","n/e","n/e","n/e","n/e","n/e","n/e","n/e","n/e","n/e","n/e","n/e","n/e","1850","n/e","n/e","17","n/e","0","n/e","n/e","1468"
"BZN|SE1","28.01.2022 12:00 - 28.01.2022 13:00 (CET/CEST)","n/e","n/e","n/e","n/e","n/e","n/e","n/e","n/e","n/e","n/e","n/e","n/e","n/e","1857","n/e","n/e","17","n/e","0","n/e","n/e","1378"
"BZN|SE1","28.01.2022 13:00 - 28.01.2022 14:00 (CET/CEST)","n/e","n/e","n/e","n/e","n/e","n/e","n/e","n/e","n/e","n/e","n/e","n/e","n/e","2038","n/e","n/e","17","n/e","0","n/e","n/e","1250"
"BZN|SE1","28.01.2022 14:00 - 28.01.2022 15:00 (CET/CEST)","n/e","n/e","n/e","n/e","n/e","n/e","n/e","n/e","n/e","n/e","n/e","n/e","n/e","2159","n/e","n/e","17","n/e","0","n/e","n/e","1059"
"BZN|SE1","28.01.2022 15:00 - 28.01.2022 16:00 (CET/CEST)","n/e","n/e","n/e","n/e","n/e","n/e","n/e","n/e","n/e","n/e","n/e","n/e","n/e","2179","n/e","n/e","17","n/e","0","n/e","n/e","915"
"BZN|SE1","28.01.2022 16:00 - 28.01.2022 17:00 (CET/CEST)","n/e","n/e","n/e","n/e","n/e","n/e","n/e","n/e","n/e","n/e","n/e","n/e","n/e","2227","n/e","n/e","17","n/e","0","n/e","n/e","922"
"BZN|SE1","28.01.2022 17:00 - 28.01.2022 18:00 (CET/CEST)","n/e","n/e","n/e","n/e","n/e","n/e","n/e","n/e","n/e","n/e","n/e","n/e","n/e","2334","n/e","n/e","17","n/e","0","n/e","n/e","1038"
"BZN|SE1","28.01.2022 18:00 - 28.01.2022 19:00 (CET/CEST)","n/e","n/e","n/e","n/e","n/e","n/e","n/e","n/e","n/e","n/e","n/e","n/e","n/e","2406","n/e","n/e","17","n/e","0","n/e","n/e","1126"
"BZN|SE1","28.01.2022 19:00 - 28.01.2022 20:00 (CET/CEST)","n/e","n/e","n/e","n/e","n/e","n/e","n/e","n/e","n/e","n/e","n/e","n/e","n/e","2572","n/e","n/e","17","n/e","0","n/e","n/e","1083"
"BZN|SE1","28.01.2022 20:00 - 28.01.2022 21:00 (CET/CEST)","n/e","n/e","n/e","n/e","n/e","n/e","n/e","n/e","n/e","n/e","n/e","n/e","n/e","2571","n/e","n/e","17","n/e","0","n/e","n/e","1122"
"BZN|SE1","28.01.2022 21:00 - 28.01.2022 22:00 (CET/CEST)","n/e","n/e","n/e","n/e","n/e","n/e","n/e","n/e","n/e","n/e","n/e","n/e","n/e","2472","n/e","n/e","17","n/e","0","n/e","n/e","1004"
"BZN|SE1","28.01.2022 22:00 - 28.01.2022 23:00 (CET/CEST)","n/e","n/e","n/e","n/e","n/e","n/e","n/e","n/e","n/e","n/e","n/e","n/e","n/e","2042","n/e","n/e","17","n/e","0","n/e","n/e","841"
"BZN|SE1","28.01.2022 23:00 - 29.01.2022 00:00 (CET/CEST)","n/e","n/e","n/e","n/e","n/e","n/e","n/e","n/e","n/e","n/e","n/e","n/e","n/e","1954","n/e","n/e","17","n/e","0","n/e","n/e","485"
"BZN|SE1","29.01.2022 00:00 - 29.01.2022 01:00 (CET/CEST)","n/e","n/e","n/e","n/e","n/e","n/e","n/e","n/e","n/e","n/e","n/e","n/e","n/e","1750","n/e","n/e","17","n/e","0","n/e","n/e","497"
"BZN|SE1","29.01.2022 01:00 - 29.01.2022 02:00 (CET/CEST)","n/e","n/e","n/e","n/e","n/e","n/e","n/e","n/e","n/e","n/e","n/e","n/e","n/e","1864","n/e","n/e","17","n/e","0","n/e","n/e","252"
"BZN|SE1","29.01.2022 02:00 - 29.01.2022 03:00 (CET/CEST)","n/e","n/e","n/e","n/e","n/e","n/e","n/e","n/e","n/e","n/e","n/e","n/e","n/e","1596","n/e","n/e","17","n/e","0","n/e","n/e","142"
"BZN|SE1","29.01.2022 03:00 - 29.01.2022 04:00 (CET/CEST)","n/e","n/e","n/e","n/e","n/e","n/e","n/e","n/e","n/e","n/e","n/e","n/e","n/e","1494","n/e","n/e","17","n/e","0","n/e","n/e","138"
"BZN|SE1","29.01.2022 04:00 - 29.01.2022 05:00 (CET/CEST)","n/e","n/e","n/e","n/e","n/e","n/e","n/e","n/e","n/e","n/e","n/e","n/e","n/e","1238","n/e","n/e","17","n/e","0","n/e","n/e","167"
"BZN|SE1","29.01.2022 05:00 - 29.01.2022 06:00 (CET/CEST)","n/e","n/e","n/e","n/e","n/e","n/e","n/e","n/e","n/e","n/e","n/e","n/e","n/e","1237","n/e","n/e","18","n/e","0","n/e","n/e","176"
"BZN|SE1","29.01.2022 06:00 - 29.01.2022 07:00 (CET/CEST)","n/e","n/e","n/e","n/e","n/e","n/e","n/e","n/e","n/e","n/e","n/e","n/e","n/e","1233","n/e","n/e","17","n/e","0","n/e","n/e","189"
"BZN|SE1","29.01.2022 07:00 - 29.01.2022 08:00 (CET/CEST)","n/e","n/e","n/e","n/e","n/e","n/e","n/e","n/e","n/e","n/e","n/e","n/e","n/e","1446","n/e","n/e","17","n/e","0","n/e","n/e","235"
"BZN|SE1","29.01.2022 08:00 - 29.01.2022 09:00 (CET/CEST)","n/e","n/e","n/e","n/e","n/e","n/e","n/e","n/e","n/e","n/e","n/e","n/e","n/e","1545","n/e","n/e","17","n/e","0","n/e","n/e","311"
"BZN|SE1","29.01.2022 09:00 - 29.01.2022 10:00 (CET/CEST)","n/e","n/e","n/e","n/e","n/e","n/e","n/e","n/e","n/e","n/e","n/e","n/e","n/e","1712","n/e","n/e","16","n/e","0","n/e","n/e","379"
"BZN|SE1","29.01.2022 10:00 - 29.01.2022 11:00 (CET/CEST)","n/e","n/e","n/e","n/e","n/e","n/e","n/e","n/e","n/e","n/e","n/e","n/e","n/e","1963","n/e","n/e","16","n/e","0","n/e","n/e","368"
"BZN|SE1","29.01.2022 11:00 - 29.01.2022 12:00 (CET/CEST)","n/e","n/e","n/e","n/e","n/e","n/e","n/e","n/e","n/e","n/e","n/e","n/e","n/e","2378","n/e","n/e","16","n/e","0","n/e","n/e","316"
"BZN|SE1","29.01.2022 12:00 - 29.01.2022 13:00 (CET/CEST)","n/e","n/e","n/e","n/e","n/e","n/e","n/e","n/e","n/e","n/e","n/e","n/e","n/e","2808","n/e","n/e","17","n/e","0","n/e","n/e","250"
"BZN|SE1","29.01.2022 13:00 - 29.01.2022 14:00 (CET/CEST)","n/e","n/e","n/e","n/e","n/e","n/e","n/e","n/e","n/e","n/e","n/e","n/e","n/e","2757","n/e","n/e","15","n/e","0","n/e","n/e","250"
"BZN|SE1","29.01.2022 14:00 - 29.01.2022 15:00 (CET/CEST)","n/e","n/e","n/e","n/e","n/e","n/e","n/e","n/e","n/e","n/e","n/e","n/e","n/e","2745","n/e","n/e","15","n/e","0","n/e","n/e","243"
"BZN|SE1","29.01.2022 15:00 - 29.01.2022 16:00 (CET/CEST)","n/e","n/e","n/e","n/e","n/e","n/e","n/e","n/e","n/e","n/e","n/e","n/e","n/e","2896","n/e","n/e","16","n/e","0","n/e","n/e","329"
"BZN|SE1","29.01.2022 16:00 - 29.01.2022 17:00 (CET/CEST)","n/e","n/e","n/e","n/e","n/e","n/e","n/e","n/e","n/e","n/e","n/e","n/e","n/e","3198","n/e","n/e","16","n/e","0","n/e","n/e","480"
"BZN|SE1","29.01.2022 17:00 - 29.01.2022 18:00 (CET/CEST)","n/e","n/e","n/e","n/e","n/e","n/e","n/e","n/e","n/e","n/e","n/e","n/e","n/e","3068","n/e","n/e","16","n/e","0","n/e","n/e","586"
"BZN|SE1","29.01.2022 18:00 - 29.01.2022 19:00 (CET/CEST)","n/e","n/e","n/e","n/e","n/e","n/e","n/e","n/e","n/e","n/e","n/e","n/e","n/e","2620","n/e","n/e","16","n/e","0","n/e","n/e","666"
"BZN|SE1","29.01.2022 19:00 - 29.01.2022 20:00 (CET/CEST)","n/e","n/e","n/e","n/e","n/e","n/e","n/e","n/e","n/e","n/e","n/e","n/e","n/e","2036","n/e","n/e","17","n/e","0","n/e","n/e","684"
"BZN|SE1","29.01.2022 20:00 - 29.01.2022 21:00 (CET/CEST)","n/e","n/e","n/e","n/e","n/e","n/e","n/e","n/e","n/e","n/e","n/e","n/e","n/e","1740","n/e","n/e","16","n/e","0","n/e","n/e","699"
"BZN|SE1","29.01.2022 21:00 - 29.01.2022 22:00 (CET/CEST)","n/e","n/e","n/e","n/e","n/e","n/e","n/e","n/e","n/e","n/e","n/e","n/e","n/e","1303","n/e","n/e","16","n/e","0","n/e","n/e","677"
"BZN|SE1","29.01.2022 22:00 - 29.01.2022 23:00 (CET/CEST)","n/e","n/e","n/e","n/e","n/e","n/e","n/e","n/e","n/e","n/e","n/e","n/e","n/e","1218","n/e","n/e","16","n/e","0","n/e","n/e","684"
"BZN|SE1","29.01.2022 23:00 - 30.01.2022 00:00 (CET/CEST)","n/e","n/e","n/e","n/e","n/e","n/e","n/e","n/e","n/e","n/e","n/e","n/e","n/e","1213","n/e","n/e","16","n/e","0","n/e","n/e","672"
"BZN|SE1","30.01.2022 00:00 - 30.01.2022 01:00 (CET/CEST)","n/e","n/e","n/e","n/e","n/e","n/e","n/e","n/e","n/e","n/e","n/e","n/e","n/e","1284","n/e","n/e","15","n/e","0","n/e","n/e","726"
"BZN|SE1","30.01.2022 01:00 - 30.01.2022 02:00 (CET/CEST)","n/e","n/e","n/e","n/e","n/e","n/e","n/e","n/e","n/e","n/e","n/e","n/e","n/e","1262","n/e","n/e","15","n/e","0","n/e","n/e","730"
"BZN|SE1","30.01.2022 02:00 - 30.01.2022 03:00 (CET/CEST)","n/e","n/e","n/e","n/e","n/e","n/e","n/e","n/e","n/e","n/e","n/e","n/e","n/e","1367","n/e","n/e","15","n/e","0","n/e","n/e","716"
"BZN|SE1","30.01.2022 03:00 - 30.01.2022 04:00 (CET/CEST)","n/e","n/e","n/e","n/e","n/e","n/e","n/e","n/e","n/e","n/e","n/e","n/e","n/e","1324","n/e","n/e","15","n/e","0","n/e","n/e","761"
"BZN|SE1","30.01.2022 04:00 - 30.01.2022 05:00 (CET/CEST)","n/e","n/e","n/e","n/e","n/e","n/e","n/e","n/e","n/e","n/e","n/e","n/e","n/e","1323","n/e","n/e","15","n/e","0","n/e","n/e","793"
"BZN|SE1","30.01.2022 05:00 - 30.01.2022 06:00 (CET/CEST)","n/e","n/e","n/e","n/e","n/e","n/e","n/e","n/e","n/e","n/e","n/e","n/e","n/e","1323","n/e","n/e","16","n/e","0","n/e","n/e","778"
"BZN|SE1","30.01.2022 06:00 - 30.01.2022 07:00 (CET/CEST)","n/e","n/e","n/e","n/e","n/e","n/e","n/e","n/e","n/e","n/e","n/e","n/e","n/e","1259","n/e","n/e","15","n/e","0","n/e","n/e","724"
"BZN|SE1","30.01.2022 07:00 - 30.01.2022 08:00 (CET/CEST)","n/e","n/e","n/e","n/e","n/e","n/e","n/e","n/e","n/e","n/e","n/e","n/e","n/e","1290","n/e","n/e","15","n/e","0","n/e","n/e","689"
"BZN|SE1","30.01.2022 08:00 - 30.01.2022 09:00 (CET/CEST)","n/e","n/e","n/e","n/e","n/e","n/e","n/e","n/e","n/e","n/e","n/e","n/e","n/e","1289","n/e","n/e","15","n/e","0","n/e","n/e","656"
"BZN|SE1","30.01.2022 09:00 - 30.01.2022 10:00 (CET/CEST)","n/e","n/e","n/e","n/e","n/e","n/e","n/e","n/e","n/e","n/e","n/e","n/e","n/e","1295","n/e","n/e","14","n/e","0","n/e","n/e","674"
"BZN|SE1","30.01.2022 10:00 - 30.01.2022 11:00 (CET/CEST)","n/e","n/e","n/e","n/e","n/e","n/e","n/e","n/e","n/e","n/e","n/e","n/e","n/e","1315","n/e","n/e","14","n/e","0","n/e","n/e","674"
"BZN|SE1","30.01.2022 11:00 - 30.01.2022 12:00 (CET/CEST)","n/e","n/e","n/e","n/e","n/e","n/e","n/e","n/e","n/e","n/e","n/e","n/e","n/e","1334","n/e","n/e","14","n/e","0","n/e","n/e","627"
"BZN|SE1","30.01.2022 12:00 - 30.01.2022 13:00 (CET/CEST)","n/e","n/e","n/e","n/e","n/e","n/e","n/e","n/e","n/e","n/e","n/e","n/e","n/e","1413","n/e","n/e","16","n/e","0","n/e","n/e","600"
"BZN|SE1","30.01.2022 13:00 - 30.01.2022 14:00 (CET/CEST)","n/e","n/e","n/e","n/e","n/e","n/e","n/e","n/e","n/e","n/e","n/e","n/e","n/e","1412","n/e","n/e","17","n/e","0","n/e","n/e","646"
"BZN|SE1","30.01.2022 14:00 - 30.01.2022 15:00 (CET/CEST)","n/e","n/e","n/e","n/e","n/e","n/e","n/e","n/e","n/e","n/e","n/e","n/e","n/e","1427","n/e","n/e","17","n/e","0","n/e","n/e","576"
"BZN|SE1","30.01.2022 15:00 - 30.01.2022 16:00 (CET/CEST)","n/e","n/e","n/e","n/e","n/e","n/e","n/e","n/e","n/e","n/e","n/e","n/e","n/e","1515","n/e","n/e","18","n/e","0","n/e","n/e","619"
"BZN|SE1","30.01.2022 16:00 - 30.01.2022 17:00 (CET/CEST)","n/e","n/e","n/e","n/e","n/e","n/e","n/e","n/e","n/e","n/e","n/e","n/e","n/e","1806","n/e","n/e","18","n/e","0","n/e","n/e","626"
"BZN|SE1","30.01.2022 17:00 - 30.01.2022 18:00 (CET/CEST)","n/e","n/e","n/e","n/e","n/e","n/e","n/e","n/e","n/e","n/e","n/e","n/e","n/e","1802","n/e","n/e","17","n/e","0","n/e","n/e","576"
"BZN|SE1","30.01.2022 18:00 - 30.01.2022 19:00 (CET/CEST)","n/e","n/e","n/e","n/e","n/e","n/e","n/e","n/e","n/e","n/e","n/e","n/e","n/e","1967","n/e","n/e","18","n/e","0","n/e","n/e","554"
"BZN|SE1","30.01.2022 19:00 - 30.01.2022 20:00 (CET/CEST)","n/e","n/e","n/e","n/e","n/e","n/e","n/e","n/e","n/e","n/e","n/e","n/e","n/e","2172","n/e","n/e","18","n/e","0","n/e","n/e","569"
"BZN|SE1","30.01.2022 20:00 - 30.01.2022 21:00 (CET/CEST)","n/e","n/e","n/e","n/e","n/e","n/e","n/e","n/e","n/e","n/e","n/e","n/e","n/e","2207","n/e","n/e","18","n/e","0","n/e","n/e","584"
"BZN|SE1","30.01.2022 21:00 - 30.01.2022 22:00 (CET/CEST)","n/e","n/e","n/e","n/e","n/e","n/e","n/e","n/e","n/e","n/e","n/e","n/e","n/e","2277","n/e","n/e","17","n/e","0","n/e","n/e","623"
"BZN|SE1","30.01.2022 22:00 - 30.01.2022 23:00 (CET/CEST)","n/e","n/e","n/e","n/e","n/e","n/e","n/e","n/e","n/e","n/e","n/e","n/e","n/e","2336","n/e","n/e","17","n/e","0","n/e","n/e","638"
"BZN|SE1","30.01.2022 23:00 - 31.01.2022 00:00 (CET/CEST)","n/e","n/e","n/e","n/e","n/e","n/e","n/e","n/e","n/e","n/e","n/e","n/e","n/e","2342","n/e","n/e","17","n/e","0","n/e","n/e","641"
"BZN|SE1","31.01.2022 00:00 - 31.01.2022 01:00 (CET/CEST)","n/e","n/e","n/e","n/e","n/e","n/e","n/e","n/e","n/e","n/e","n/e","n/e","n/e","2404","n/e","n/e","17","n/e","0","n/e","n/e","577"
"BZN|SE1","31.01.2022 01:00 - 31.01.2022 02:00 (CET/CEST)","n/e","n/e","n/e","n/e","n/e","n/e","n/e","n/e","n/e","n/e","n/e","n/e","n/e","2515","n/e","n/e","17","n/e","0","n/e","n/e","512"
"BZN|SE1","31.01.2022 02:00 - 31.01.2022 03:00 (CET/CEST)","n/e","n/e","n/e","n/e","n/e","n/e","n/e","n/e","n/e","n/e","n/e","n/e","n/e","2579","n/e","n/e","17","n/e","0","n/e","n/e","525"
"BZN|SE1","31.01.2022 03:00 - 31.01.2022 04:00 (CET/CEST)","n/e","n/e","n/e","n/e","n/e","n/e","n/e","n/e","n/e","n/e","n/e","n/e","n/e","2690","n/e","n/e","17","n/e","0","n/e","n/e","540"
"BZN|SE1","31.01.2022 04:00 - 31.01.2022 05:00 (CET/CEST)","n/e","n/e","n/e","n/e","n/e","n/e","n/e","n/e","n/e","n/e","n/e","n/e","n/e","2872","n/e","n/e","22","n/e","0","n/e","n/e","478"
"BZN|SE1","31.01.2022 05:00 - 31.01.2022 06:00 (CET/CEST)","n/e","n/e","n/e","n/e","n/e","n/e","n/e","n/e","n/e","n/e","n/e","n/e","n/e","3093","n/e","n/e","28","n/e","0","n/e","n/e","418"
"BZN|SE1","31.01.2022 06:00 - 31.01.2022 07:00 (CET/CEST)","n/e","n/e","n/e","n/e","n/e","n/e","n/e","n/e","n/e","n/e","n/e","n/e","n/e","3601","n/e","n/e","28","n/e","0","n/e","n/e","445"
"BZN|SE1","31.01.2022 07:00 - 31.01.2022 08:00 (CET/CEST)","n/e","n/e","n/e","n/e","n/e","n/e","n/e","n/e","n/e","n/e","n/e","n/e","n/e","3716","n/e","n/e","27","n/e","0","n/e","n/e","413"
"BZN|SE1","31.01.2022 08:00 - 31.01.2022 09:00 (CET/CEST)","n/e","n/e","n/e","n/e","n/e","n/e","n/e","n/e","n/e","n/e","n/e","n/e","n/e","4043","n/e","n/e","27","n/e","0","n/e","n/e","362"
"BZN|SE1","31.01.2022 09:00 - 31.01.2022 10:00 (CET/CEST)","n/e","n/e","n/e","n/e","n/e","n/e","n/e","n/e","n/e","n/e","n/e","n/e","n/e","4035","n/e","n/e","26","n/e","0","n/e","n/e","293"
"BZN|SE1","31.01.2022 10:00 - 31.01.2022 11:00 (CET/CEST)","n/e","n/e","n/e","n/e","n/e","n/e","n/e","n/e","n/e","n/e","n/e","n/e","n/e","4065","n/e","n/e","20","n/e","0","n/e","n/e","275"
"BZN|SE1","31.01.2022 11:00 - 31.01.2022 12:00 (CET/CEST)","n/e","n/e","n/e","n/e","n/e","n/e","n/e","n/e","n/e","n/e","n/e","n/e","n/e","4067","n/e","n/e","20","n/e","0","n/e","n/e","258"
"BZN|SE1","31.01.2022 12:00 - 31.01.2022 13:00 (CET/CEST)","n/e","n/e","n/e","n/e","n/e","n/e","n/e","n/e","n/e","n/e","n/e","n/e","n/e","4245","n/e","n/e","20","n/e","0","n/e","n/e","241"
"BZN|SE1","31.01.2022 13:00 - 31.01.2022 14:00 (CET/CEST)","n/e","n/e","n/e","n/e","n/e","n/e","n/e","n/e","n/e","n/e","n/e","n/e","n/e","4242","n/e","n/e","21","n/e","0","n/e","n/e","210"
"BZN|SE1","31.01.2022 14:00 - 31.01.2022 15:00 (CET/CEST)","n/e","n/e","n/e","n/e","n/e","n/e","n/e","n/e","n/e","n/e","n/e","n/e","n/e","4241","n/e","n/e","21","n/e","0","n/e","n/e","257"
"BZN|SE1","31.01.2022 15:00 - 31.01.2022 16:00 (CET/CEST)","n/e","n/e","n/e","n/e","n/e","n/e","n/e","n/e","n/e","n/e","n/e","n/e","n/e","4239","n/e","n/e","22","n/e","0","n/e","n/e","279"
"BZN|SE1","31.01.2022 16:00 - 31.01.2022 17:00 (CET/CEST)","n/e","n/e","n/e","n/e","n/e","n/e","n/e","n/e","n/e","n/e","n/e","n/e","n/e","4092","n/e","n/e","28","n/e","0","n/e","n/e","277"
"BZN|SE1","31.01.2022 17:00 - 31.01.2022 18:00 (CET/CEST)","n/e","n/e","n/e","n/e","n/e","n/e","n/e","n/e","n/e","n/e","n/e","n/e","n/e","3953","n/e","n/e","28","n/e","0","n/e","n/e","279"
"BZN|SE1","31.01.2022 18:00 - 31.01.2022 19:00 (CET/CEST)","n/e","n/e","n/e","n/e","n/e","n/e","n/e","n/e","n/e","n/e","n/e","n/e","n/e","3977","n/e","n/e","28","n/e","0","n/e","n/e","228"
"BZN|SE1","31.01.2022 19:00 - 31.01.2022 20:00 (CET/CEST)","n/e","n/e","n/e","n/e","n/e","n/e","n/e","n/e","n/e","n/e","n/e","n/e","n/e","3946","n/e","n/e","28","n/e","0","n/e","n/e","215"
"BZN|SE1","31.01.2022 20:00 - 31.01.2022 21:00 (CET/CEST)","n/e","n/e","n/e","n/e","n/e","n/e","n/e","n/e","n/e","n/e","n/e","n/e","n/e","3953","n/e","n/e","28","n/e","0","n/e","n/e","186"
"BZN|SE1","31.01.2022 21:00 - 31.01.2022 22:00 (CET/CEST)","n/e","n/e","n/e","n/e","n/e","n/e","n/e","n/e","n/e","n/e","n/e","n/e","n/e","3959","n/e","n/e","27","n/e","0","n/e","n/e","164"
"BZN|SE1","31.01.2022 22:00 - 31.01.2022 23:00 (CET/CEST)","n/e","n/e","n/e","n/e","n/e","n/e","n/e","n/e","n/e","n/e","n/e","n/e","n/e","3615","n/e","n/e","28","n/e","0","n/e","n/e","146"
"BZN|SE1","31.01.2022 23:00 - 01.02.2022 00:00 (CET/CEST)","n/e","n/e","n/e","n/e","n/e","n/e","n/e","n/e","n/e","n/e","n/e","n/e","n/e","3587","n/e","n/e","27","n/e","0","n/e","n/e","135"
"BZN|SE1","01.02.2022 00:00 - 01.02.2022 01:00 (CET/CEST)","n/e","n/e","n/e","n/e","n/e","n/e","n/e","n/e","n/e","n/e","n/e","n/e","n/e","3623","n/e","n/e","28","n/e","0","n/e","n/e","156"
"BZN|SE1","01.02.2022 01:00 - 01.02.2022 02:00 (CET/CEST)","n/e","n/e","n/e","n/e","n/e","n/e","n/e","n/e","n/e","n/e","n/e","n/e","n/e","3655","n/e","n/e","28","n/e","0","n/e","n/e","160"
"BZN|SE1","01.02.2022 02:00 - 01.02.2022 03:00 (CET/CEST)","n/e","n/e","n/e","n/e","n/e","n/e","n/e","n/e","n/e","n/e","n/e","n/e","n/e","3710","n/e","n/e","28","n/e","0","n/e","n/e","140"
"BZN|SE1","01.02.2022 03:00 - 01.02.2022 04:00 (CET/CEST)","n/e","n/e","n/e","n/e","n/e","n/e","n/e","n/e","n/e","n/e","n/e","n/e","n/e","3727","n/e","n/e","31","n/e","0","n/e","n/e","155"
"BZN|SE1","01.02.2022 04:00 - 01.02.2022 05:00 (CET/CEST)","n/e","n/e","n/e","n/e","n/e","n/e","n/e","n/e","n/e","n/e","n/e","n/e","n/e","3766","n/e","n/e","35","n/e","0","n/e","n/e","167"
"BZN|SE1","01.02.2022 05:00 - 01.02.2022 06:00 (CET/CEST)","n/e","n/e","n/e","n/e","n/e","n/e","n/e","n/e","n/e","n/e","n/e","n/e","n/e","3912","n/e","n/e","35","n/e","0","n/e","n/e","239"
"BZN|SE1","01.02.2022 06:00 - 01.02.2022 07:00 (CET/CEST)","n/e","n/e","n/e","n/e","n/e","n/e","n/e","n/e","n/e","n/e","n/e","n/e","n/e","4258","n/e","n/e","35","n/e","0","n/e","n/e","244"
"BZN|SE1","01.02.2022 07:00 - 01.02.2022 08:00 (CET/CEST)","n/e","n/e","n/e","n/e","n/e","n/e","n/e","n/e","n/e","n/e","n/e","n/e","n/e","4322","n/e","n/e","35","n/e","0","n/e","n/e","268"
"BZN|SE1","01.02.2022 08:00 - 01.02.2022 09:00 (CET/CEST)","n/e","n/e","n/e","n/e","n/e","n/e","n/e","n/e","n/e","n/e","n/e","n/e","n/e","4209","n/e","n/e","37","n/e","0","n/e","n/e","279"
"BZN|SE1","01.02.2022 09:00 - 01.02.2022 10:00 (CET/CEST)","n/e","n/e","n/e","n/e","n/e","n/e","n/e","n/e","n/e","n/e","n/e","n/e","n/e","4215","n/e","n/e","37","n/e","0","n/e","n/e","279"
"BZN|SE1","01.02.2022 10:00 - 01.02.2022 11:00 (CET/CEST)","n/e","n/e","n/e","n/e","n/e","n/e","n/e","n/e","n/e","n/e","n/e","n/e","n/e","4258","n/e","n/e","37","n/e","0","n/e","n/e","309"
"BZN|SE1","01.02.2022 11:00 - 01.02.2022 12:00 (CET/CEST)","n/e","n/e","n/e","n/e","n/e","n/e","n/e","n/e","n/e","n/e","n/e","n/e","n/e","4269","n/e","n/e","33","n/e","0","n/e","n/e","316"
"BZN|SE1","01.02.2022 12:00 - 01.02.2022 13:00 (CET/CEST)","n/e","n/e","n/e","n/e","n/e","n/e","n/e","n/e","n/e","n/e","n/e","n/e","n/e","4263","n/e","n/e","37","n/e","0","n/e","n/e","318"
"BZN|SE1","01.02.2022 13:00 - 01.02.2022 14:00 (CET/CEST)","n/e","n/e","n/e","n/e","n/e","n/e","n/e","n/e","n/e","n/e","n/e","n/e","n/e","4252","n/e","n/e","37","n/e","0","n/e","n/e","355"
"BZN|SE1","01.02.2022 14:00 - 01.02.2022 15:00 (CET/CEST)","n/e","n/e","n/e","n/e","n/e","n/e","n/e","n/e","n/e","n/e","n/e","n/e","n/e","4223","n/e","n/e","37","n/e","0","n/e","n/e","433"
"BZN|SE1","01.02.2022 15:00 - 01.02.2022 16:00 (CET/CEST)","n/e","n/e","n/e","n/e","n/e","n/e","n/e","n/e","n/e","n/e","n/e","n/e","n/e","4081","n/e","n/e","35","n/e","0","n/e","n/e","571"
"BZN|SE1","01.02.2022 16:00 - 01.02.2022 17:00 (CET/CEST)","n/e","n/e","n/e","n/e","n/e","n/e","n/e","n/e","n/e","n/e","n/e","n/e","n/e","4085","n/e","n/e","37","n/e","0","n/e","n/e","634"
"BZN|SE1","01.02.2022 17:00 - 01.02.2022 18:00 (CET/CEST)","n/e","n/e","n/e","n/e","n/e","n/e","n/e","n/e","n/e","n/e","n/e","n/e","n/e","4059","n/e","n/e","37","n/e","0","n/e","n/e","637"
"BZN|SE1","01.02.2022 18:00 - 01.02.2022 19:00 (CET/CEST)","n/e","n/e","n/e","n/e","n/e","n/e","n/e","n/e","n/e","n/e","n/e","n/e","n/e","3937","n/e","n/e","37","n/e","0","n/e","n/e","680"
"BZN|SE1","01.02.2022 19:00 - 01.02.2022 20:00 (CET/CEST)","n/e","n/e","n/e","n/e","n/e","n/e","n/e","n/e","n/e","n/e","n/e","n/e","n/e","3950","n/e","n/e","37","n/e","0","n/e","n/e","630"
"BZN|SE1","01.02.2022 20:00 - 01.02.2022 21:00 (CET/CEST)","n/e","n/e","n/e","n/e","n/e","n/e","n/e","n/e","n/e","n/e","n/e","n/e","n/e","3824","n/e","n/e","37","n/e","0","n/e","n/e","699"
"BZN|SE1","01.02.2022 21:00 - 01.02.2022 22:00 (CET/CEST)","n/e","n/e","n/e","n/e","n/e","n/e","n/e","n/e","n/e","n/e","n/e","n/e","n/e","3744","n/e","n/e","37","n/e","0","n/e","n/e","724"
"BZN|SE1","01.02.2022 22:00 - 01.02.2022 23:00 (CET/CEST)","n/e","n/e","n/e","n/e","n/e","n/e","n/e","n/e","n/e","n/e","n/e","n/e","n/e","3247","n/e","n/e","37","n/e","0","n/e","n/e","730"
"BZN|SE1","01.02.2022 23:00 - 02.02.2022 00:00 (CET/CEST)","n/e","n/e","n/e","n/e","n/e","n/e","n/e","n/e","n/e","n/e","n/e","n/e","n/e","3299","n/e","n/e","37","n/e","0","n/e","n/e","692"
"BZN|SE1","02.02.2022 00:00 - 02.02.2022 01:00 (CET/CEST)","n/e","n/e","n/e","n/e","n/e","n/e","n/e","n/e","n/e","n/e","n/e","n/e","n/e","3284","n/e","n/e","36","n/e","0","n/e","n/e","587"
"BZN|SE1","02.02.2022 01:00 - 02.02.2022 02:00 (CET/CEST)","n/e","n/e","n/e","n/e","n/e","n/e","n/e","n/e","n/e","n/e","n/e","n/e","n/e","2943","n/e","n/e","36","n/e","0","n/e","n/e","554"
"BZN|SE1","02.02.2022 02:00 - 02.02.2022 03:00 (CET/CEST)","n/e","n/e","n/e","n/e","n/e","n/e","n/e","n/e","n/e","n/e","n/e","n/e","n/e","2952","n/e","n/e","36","n/e","0","n/e","n/e","569"
"BZN|SE1","02.02.2022 03:00 - 02.02.2022 04:00 (CET/CEST)","n/e","n/e","n/e","n/e","n/e","n/e","n/e","n/e","n/e","n/e","n/e","n/e","n/e","3016","n/e","n/e","38","n/e","0","n/e","n/e","564"
"BZN|SE1","02.02.2022 04:00 - 02.02.2022 05:00 (CET/CEST)","n/e","n/e","n/e","n/e","n/e","n/e","n/e","n/e","n/e","n/e","n/e","n/e","n/e","3290","n/e","n/e","38","n/e","0","n/e","n/e","572"
"BZN|SE1","02.02.2022 05:00 - 02.02.2022 06:00 (CET/CEST)","n/e","n/e","n/e","n/e","n/e","n/e","n/e","n/e","n/e","n/e","n/e","n/e","n/e","3613","n/e","n/e","38","n/e","0","n/e","n/e","547"
"BZN|SE1","02.02.2022 06:00 - 02.02.2022 07:00 (CET/CEST)","n/e","n/e","n/e","n/e","n/e","n/e","n/e","n/e","n/e","n/e","n/e","n/e","n/e","4245","n/e","n/e","38","n/e","0","n/e","n/e","503"
"BZN|SE1","02.02.2022 07:00 - 02.02.2022 08:00 (CET/CEST)","n/e","n/e","n/e","n/e","n/e","n/e","n/e","n/e","n/e","n/e","n/e","n/e","n/e","4293","n/e","n/e","38","n/e","0","n/e","n/e","493"
"BZN|SE1","02.02.2022 08:00 - 02.02.2022 09:00 (CET/CEST)","n/e","n/e","n/e","n/e","n/e","n/e","n/e","n/e","n/e","n/e","n/e","n/e","n/e","4198","n/e","n/e","38","n/e","0","n/e","n/e","449"
"BZN|SE1","02.02.2022 09:00 - 02.02.2022 10:00 (CET/CEST)","n/e","n/e","n/e","n/e","n/e","n/e","n/e","n/e","n/e","n/e","n/e","n/e","n/e","4188","n/e","n/e","38","n/e","0","n/e","n/e","440"
"BZN|SE1","02.02.2022 10:00 - 02.02.2022 11:00 (CET/CEST)","n/e","n/e","n/e","n/e","n/e","n/e","n/e","n/e","n/e","n/e","n/e","n/e","n/e","4191","n/e","n/e","38","n/e","0","n/e","n/e","439"
"BZN|SE1","02.02.2022 11:00 - 02.02.2022 12:00 (CET/CEST)","n/e","n/e","n/e","n/e","n/e","n/e","n/e","n/e","n/e","n/e","n/e","n/e","n/e","4189","n/e","n/e","36","n/e","0","n/e","n/e","359"
"BZN|SE1","02.02.2022 12:00 - 02.02.2022 13:00 (CET/CEST)","n/e","n/e","n/e","n/e","n/e","n/e","n/e","n/e","n/e","n/e","n/e","n/e","n/e","4208","n/e","n/e","38","n/e","0","n/e","n/e","315"
"BZN|SE1","02.02.2022 13:00 - 02.02.2022 14:00 (CET/CEST)","n/e","n/e","n/e","n/e","n/e","n/e","n/e","n/e","n/e","n/e","n/e","n/e","n/e","4202","n/e","n/e","38","n/e","0","n/e","n/e","322"
"BZN|SE1","02.02.2022 14:00 - 02.02.2022 15:00 (CET/CEST)","n/e","n/e","n/e","n/e","n/e","n/e","n/e","n/e","n/e","n/e","n/e","n/e","n/e","4208","n/e","n/e","38","n/e","0","n/e","n/e","360"
"BZN|SE1","02.02.2022 15:00 - 02.02.2022 16:00 (CET/CEST)","n/e","n/e","n/e","n/e","n/e","n/e","n/e","n/e","n/e","n/e","n/e","n/e","n/e","4317","n/e","n/e","38","n/e","0","n/e","n/e","347"
"BZN|SE1","02.02.2022 16:00 - 02.02.2022 17:00 (CET/CEST)","n/e","n/e","n/e","n/e","n/e","n/e","n/e","n/e","n/e","n/e","n/e","n/e","n/e","4246","n/e","n/e","38","n/e","0","n/e","n/e","297"
"BZN|SE1","02.02.2022 17:00 - 02.02.2022 18:00 (CET/CEST)","n/e","n/e","n/e","n/e","n/e","n/e","n/e","n/e","n/e","n/e","n/e","n/e","n/e","4218","n/e","n/e","38","n/e","0","n/e","n/e","295"
"BZN|SE1","02.02.2022 18:00 - 02.02.2022 19:00 (CET/CEST)","n/e","n/e","n/e","n/e","n/e","n/e","n/e","n/e","n/e","n/e","n/e","n/e","n/e","4224","n/e","n/e","38","n/e","0","n/e","n/e","339"
"BZN|SE1","02.02.2022 19:00 - 02.02.2022 20:00 (CET/CEST)","n/e","n/e","n/e","n/e","n/e","n/e","n/e","n/e","n/e","n/e","n/e","n/e","n/e","4213","n/e","n/e","38","n/e","0","n/e","n/e","288"
"BZN|SE1","02.02.2022 20:00 - 02.02.2022 21:00 (CET/CEST)","n/e","n/e","n/e","n/e","n/e","n/e","n/e","n/e","n/e","n/e","n/e","n/e","n/e","4206","n/e","n/e","38","n/e","0","n/e","n/e","273"
"BZN|SE1","02.02.2022 21:00 - 02.02.2022 22:00 (CET/CEST)","n/e","n/e","n/e","n/e","n/e","n/e","n/e","n/e","n/e","n/e","n/e","n/e","n/e","4245","n/e","n/e","38","n/e","0","n/e","n/e","231"
"BZN|SE1","02.02.2022 22:00 - 02.02.2022 23:00 (CET/CEST)","n/e","n/e","n/e","n/e","n/e","n/e","n/e","n/e","n/e","n/e","n/e","n/e","n/e","3952","n/e","n/e","38","n/e","0","n/e","n/e","257"
"BZN|SE1","02.02.2022 23:00 - 03.02.2022 00:00 (CET/CEST)","n/e","n/e","n/e","n/e","n/e","n/e","n/e","n/e","n/e","n/e","n/e","n/e","n/e","3942","n/e","n/e","38","n/e","0","n/e","n/e","204"
"BZN|SE1","03.02.2022 00:00 - 03.02.2022 01:00 (CET/CEST)","n/e","n/e","n/e","n/e","n/e","n/e","n/e","n/e","n/e","n/e","n/e","n/e","n/e","4211","n/e","n/e","36","n/e","0","n/e","n/e","189"
"BZN|SE1","03.02.2022 01:00 - 03.02.2022 02:00 (CET/CEST)","n/e","n/e","n/e","n/e","n/e","n/e","n/e","n/e","n/e","n/e","n/e","n/e","n/e","4202","n/e","n/e","36","n/e","0","n/e","n/e","176"
"BZN|SE1","03.02.2022 02:00 - 03.02.2022 03:00 (CET/CEST)","n/e","n/e","n/e","n/e","n/e","n/e","n/e","n/e","n/e","n/e","n/e","n/e","n/e","4199","n/e","n/e","36","n/e","0","n/e","n/e","180"
"BZN|SE1","03.02.2022 03:00 - 03.02.2022 04:00 (CET/CEST)","n/e","n/e","n/e","n/e","n/e","n/e","n/e","n/e","n/e","n/e","n/e","n/e","n/e","4083","n/e","n/e","38","n/e","0","n/e","n/e","168"
"BZN|SE1","03.02.2022 04:00 - 03.02.2022 05:00 (CET/CEST)","n/e","n/e","n/e","n/e","n/e","n/e","n/e","n/e","n/e","n/e","n/e","n/e","n/e","4123","n/e","n/e","38","n/e","0","n/e","n/e","160"
"BZN|SE1","03.02.2022 05:00 - 03.02.2022 06:00 (CET/CEST)","n/e","n/e","n/e","n/e","n/e","n/e","n/e","n/e","n/e","n/e","n/e","n/e","n/e","4252","n/e","n/e","38","n/e","0","n/e","n/e","133"
"BZN|SE1","03.02.2022 06:00 - 03.02.2022 07:00 (CET/CEST)","n/e","n/e","n/e","n/e","n/e","n/e","n/e","n/e","n/e","n/e","n/e","n/e","n/e","4379","n/e","n/e","38","n/e","0","n/e","n/e","116"
"BZN|SE1","03.02.2022 07:00 - 03.02.2022 08:00 (CET/CEST)","n/e","n/e","n/e","n/e","n/e","n/e","n/e","n/e","n/e","n/e","n/e","n/e","n/e","4381","n/e","n/e","38","n/e","0","n/e","n/e","108"
"BZN|SE1","03.02.2022 08:00 - 03.02.2022 09:00 (CET/CEST)","n/e","n/e","n/e","n/e","n/e","n/e","n/e","n/e","n/e","n/e","n/e","n/e","n/e","4354","n/e","n/e","39","n/e","0","n/e","n/e","76"
"BZN|SE1","03.02.2022 09:00 - 03.02.2022 10:00 (CET/CEST)","n/e","n/e","n/e","n/e","n/e","n/e","n/e","n/e","n/e","n/e","n/e","n/e","n/e","4382","n/e","n/e","39","n/e","0","n/e","n/e","56"
"BZN|SE1","03.02.2022 10:00 - 03.02.2022 11:00 (CET/CEST)","n/e","n/e","n/e","n/e","n/e","n/e","n/e","n/e","n/e","n/e","n/e","n/e","n/e","4386","n/e","n/e","37","n/e","0","n/e","n/e","39"
"BZN|SE1","03.02.2022 11:00 - 03.02.2022 12:00 (CET/CEST)","n/e","n/e","n/e","n/e","n/e","n/e","n/e","n/e","n/e","n/e","n/e","n/e","n/e","4390","n/e","n/e","39","n/e","0","n/e","n/e","26"
"BZN|SE1","03.02.2022 12:00 - 03.02.2022 13:00 (CET/CEST)","n/e","n/e","n/e","n/e","n/e","n/e","n/e","n/e","n/e","n/e","n/e","n/e","n/e","4415","n/e","n/e","39","n/e","0","n/e","n/e","18"
"BZN|SE1","03.02.2022 13:00 - 03.02.2022 14:00 (CET/CEST)","n/e","n/e","n/e","n/e","n/e","n/e","n/e","n/e","n/e","n/e","n/e","n/e","n/e","4405","n/e","n/e","39","n/e","0","n/e","n/e","13"
"BZN|SE1","03.02.2022 14:00 - 03.02.2022 15:00 (CET/CEST)","n/e","n/e","n/e","n/e","n/e","n/e","n/e","n/e","n/e","n/e","n/e","n/e","n/e","4403","n/e","n/e","39","n/e","0","n/e","n/e","10"
"BZN|SE1","03.02.2022 15:00 - 03.02.2022 16:00 (CET/CEST)","n/e","n/e","n/e","n/e","n/e","n/e","n/e","n/e","n/e","n/e","n/e","n/e","n/e","4404","n/e","n/e","39","n/e","0","n/e","n/e","10"
"BZN|SE1","03.02.2022 16:00 - 03.02.2022 17:00 (CET/CEST)","n/e","n/e","n/e","n/e","n/e","n/e","n/e","n/e","n/e","n/e","n/e","n/e","n/e","4285","n/e","n/e","39","n/e","0","n/e","n/e","15"
"BZN|SE1","03.02.2022 17:00 - 03.02.2022 18:00 (CET/CEST)","n/e","n/e","n/e","n/e","n/e","n/e","n/e","n/e","n/e","n/e","n/e","n/e","n/e","3970","n/e","n/e","39","n/e","0","n/e","n/e","25"
"BZN|SE1","03.02.2022 18:00 - 03.02.2022 19:00 (CET/CEST)","n/e","n/e","n/e","n/e","n/e","n/e","n/e","n/e","n/e","n/e","n/e","n/e","n/e","3447","n/e","n/e","38","n/e","0","n/e","n/e","36"
"BZN|SE1","03.02.2022 19:00 - 03.02.2022 20:00 (CET/CEST)","n/e","n/e","n/e","n/e","n/e","n/e","n/e","n/e","n/e","n/e","n/e","n/e","n/e","3256","n/e","n/e","38","n/e","0","n/e","n/e","58"
"BZN|SE1","03.02.2022 20:00 - 03.02.2022 21:00 (CET/CEST)","n/e","n/e","n/e","n/e","n/e","n/e","n/e","n/e","n/e","n/e","n/e","n/e","n/e","2726","n/e","n/e","38","n/e","0","n/e","n/e","93"
"BZN|SE1","03.02.2022 21:00 - 03.02.2022 22:00 (CET/CEST)","n/e","n/e","n/e","n/e","n/e","n/e","n/e","n/e","n/e","n/e","n/e","n/e","n/e","2616","n/e","n/e","38","n/e","0","n/e","n/e","122"
"BZN|SE1","03.02.2022 22:00 - 03.02.2022 23:00 (CET/CEST)","n/e","n/e","n/e","n/e","n/e","n/e","n/e","n/e","n/e","n/e","n/e","n/e","n/e","2086","n/e","n/e","38","n/e","0","n/e","n/e","179"
"BZN|SE1","03.02.2022 23:00 - 04.02.2022 00:00 (CET/CEST)","n/e","n/e","n/e","n/e","n/e","n/e","n/e","n/e","n/e","n/e","n/e","n/e","n/e","1857","n/e","n/e","38","n/e","0","n/e","n/e","216"
"BZN|SE1","04.02.2022 00:00 - 04.02.2022 01:00 (CET/CEST)","n/e","n/e","n/e","n/e","n/e","n/e","n/e","n/e","n/e","n/e","n/e","n/e","n/e","1600","n/e","n/e","37","n/e","0","n/e","n/e","301"
"BZN|SE1","04.02.2022 01:00 - 04.02.2022 02:00 (CET/CEST)","n/e","n/e","n/e","n/e","n/e","n/e","n/e","n/e","n/e","n/e","n/e","n/e","n/e","1541","n/e","n/e","37","n/e","0","n/e","n/e","445"
"BZN|SE1","04.02.2022 02:00 - 04.02.2022 03:00 (CET/CEST)","n/e","n/e","n/e","n/e","n/e","n/e","n/e","n/e","n/e","n/e","n/e","n/e","n/e","1442","n/e","n/e","37","n/e","0","n/e","n/e","581"
"BZN|SE1","04.02.2022 03:00 - 04.02.2022 04:00 (CET/CEST)","n/e","n/e","n/e","n/e","n/e","n/e","n/e","n/e","n/e","n/e","n/e","n/e","n/e","1376","n/e","n/e","37","n/e","0","n/e","n/e","688"
"BZN|SE1","04.02.2022 04:00 - 04.02.2022 05:00 (CET/CEST)","n/e","n/e","n/e","n/e","n/e","n/e","n/e","n/e","n/e","n/e","n/e","n/e","n/e","1377","n/e","n/e","37","n/e","0","n/e","n/e","816"
"BZN|SE1","04.02.2022 05:00 - 04.02.2022 06:00 (CET/CEST)","n/e","n/e","n/e","n/e","n/e","n/e","n/e","n/e","n/e","n/e","n/e","n/e","n/e","1377","n/e","n/e","37","n/e","0","n/e","n/e","1024"
"BZN|SE1","04.02.2022 06:00 - 04.02.2022 07:00 (CET/CEST)","n/e","n/e","n/e","n/e","n/e","n/e","n/e","n/e","n/e","n/e","n/e","n/e","n/e","1473","n/e","n/e","37","n/e","0","n/e","n/e","1107"
"BZN|SE1","04.02.2022 07:00 - 04.02.2022 08:00 (CET/CEST)","n/e","n/e","n/e","n/e","n/e","n/e","n/e","n/e","n/e","n/e","n/e","n/e","n/e","1483","n/e","n/e","37","n/e","0","n/e","n/e","1161"
"BZN|SE1","04.02.2022 08:00 - 04.02.2022 09:00 (CET/CEST)","n/e","n/e","n/e","n/e","n/e","n/e","n/e","n/e","n/e","n/e","n/e","n/e","n/e","1564","n/e","n/e","29","n/e","0","n/e","n/e","1218"
"BZN|SE1","04.02.2022 09:00 - 04.02.2022 10:00 (CET/CEST)","n/e","n/e","n/e","n/e","n/e","n/e","n/e","n/e","n/e","n/e","n/e","n/e","n/e","1758","n/e","n/e","24","n/e","0","n/e","n/e","1290"
"BZN|SE1","04.02.2022 10:00 - 04.02.2022 11:00 (CET/CEST)","n/e","n/e","n/e","n/e","n/e","n/e","n/e","n/e","n/e","n/e","n/e","n/e","n/e","1799","n/e","n/e","19","n/e","0","n/e","n/e","1360"
"BZN|SE1","04.02.2022 11:00 - 04.02.2022 12:00 (CET/CEST)","n/e","n/e","n/e","n/e","n/e","n/e","n/e","n/e","n/e","n/e","n/e","n/e","n/e","2017","n/e","n/e","19","n/e","0","n/e","n/e","1380"
"BZN|SE1","04.02.2022 12:00 - 04.02.2022 13:00 (CET/CEST)","n/e","n/e","n/e","n/e","n/e","n/e","n/e","n/e","n/e","n/e","n/e","n/e","n/e","1870","n/e","n/e","19","n/e","0","n/e","n/e","1400"
"BZN|SE1","04.02.2022 13:00 - 04.02.2022 14:00 (CET/CEST)","n/e","n/e","n/e","n/e","n/e","n/e","n/e","n/e","n/e","n/e","n/e","n/e","n/e","1772","n/e","n/e","19","n/e","0","n/e","n/e","1371"
"BZN|SE1","04.02.2022 14:00 - 04.02.2022 15:00 (CET/CEST)","n/e","n/e","n/e","n/e","n/e","n/e","n/e","n/e","n/e","n/e","n/e","n/e","n/e","1648","n/e","n/e","19","n/e","0","n/e","n/e","1367"
"BZN|SE1","04.02.2022 15:00 - 04.02.2022 16:00 (CET/CEST)","n/e","n/e","n/e","n/e","n/e","n/e","n/e","n/e","n/e","n/e","n/e","n/e","n/e","1800","n/e","n/e","19","n/e","0","n/e","n/e","1400"
"BZN|SE1","04.02.2022 16:00 - 04.02.2022 17:00 (CET/CEST)","n/e","n/e","n/e","n/e","n/e","n/e","n/e","n/e","n/e","n/e","n/e","n/e","n/e","1894","n/e","n/e","19","n/e","0","n/e","n/e","1344"
"BZN|SE1","04.02.2022 17:00 - 04.02.2022 18:00 (CET/CEST)","n/e","n/e","n/e","n/e","n/e","n/e","n/e","n/e","n/e","n/e","n/e","n/e","n/e","2083","n/e","n/e","18","n/e","0","n/e","n/e","1286"
"BZN|SE1","04.02.2022 18:00 - 04.02.2022 19:00 (CET/CEST)","n/e","n/e","n/e","n/e","n/e","n/e","n/e","n/e","n/e","n/e","n/e","n/e","n/e","2207","n/e","n/e","19","n/e","0","n/e","n/e","1137"
"BZN|SE1","04.02.2022 19:00 - 04.02.2022 20:00 (CET/CEST)","n/e","n/e","n/e","n/e","n/e","n/e","n/e","n/e","n/e","n/e","n/e","n/e","n/e","2204","n/e","n/e","19","n/e","0","n/e","n/e","1038"
"BZN|SE1","04.02.2022 20:00 - 04.02.2022 21:00 (CET/CEST)","n/e","n/e","n/e","n/e","n/e","n/e","n/e","n/e","n/e","n/e","n/e","n/e","n/e","2243","n/e","n/e","19","n/e","0","n/e","n/e","862"
"BZN|SE1","04.02.2022 21:00 - 04.02.2022 22:00 (CET/CEST)","n/e","n/e","n/e","n/e","n/e","n/e","n/e","n/e","n/e","n/e","n/e","n/e","n/e","2324","n/e","n/e","18","n/e","0","n/e","n/e","768"
"BZN|SE1","04.02.2022 22:00 - 04.02.2022 23:00 (CET/CEST)","n/e","n/e","n/e","n/e","n/e","n/e","n/e","n/e","n/e","n/e","n/e","n/e","n/e","2097","n/e","n/e","19","n/e","0","n/e","n/e","631"
"BZN|SE1","04.02.2022 23:00 - 05.02.2022 00:00 (CET/CEST)","n/e","n/e","n/e","n/e","n/e","n/e","n/e","n/e","n/e","n/e","n/e","n/e","n/e","1987","n/e","n/e","18","n/e","0","n/e","n/e","528"
"BZN|SE1","05.02.2022 00:00 - 05.02.2022 01:00 (CET/CEST)","n/e","n/e","n/e","n/e","n/e","n/e","n/e","n/e","n/e","n/e","n/e","n/e","n/e","2019","n/e","n/e","25","n/e","0","n/e","n/e","447"
"BZN|SE1","05.02.2022 01:00 - 05.02.2022 02:00 (CET/CEST)","n/e","n/e","n/e","n/e","n/e","n/e","n/e","n/e","n/e","n/e","n/e","n/e","n/e","1927","n/e","n/e","25","n/e","0","n/e","n/e","365"
"BZN|SE1","05.02.2022 02:00 - 05.02.2022 03:00 (CET/CEST)","n/e","n/e","n/e","n/e","n/e","n/e","n/e","n/e","n/e","n/e","n/e","n/e","n/e","1781","n/e","n/e","25","n/e","0","n/e","n/e","329"
"BZN|SE1","05.02.2022 03:00 - 05.02.2022 04:00 (CET/CEST)","n/e","n/e","n/e","n/e","n/e","n/e","n/e","n/e","n/e","n/e","n/e","n/e","n/e","1781","n/e","n/e","25","n/e","0","n/e","n/e","377"
"BZN|SE1","05.02.2022 04:00 - 05.02.2022 05:00 (CET/CEST)","n/e","n/e","n/e","n/e","n/e","n/e","n/e","n/e","n/e","n/e","n/e","n/e","n/e","1776","n/e","n/e","25","n/e","0","n/e","n/e","405"
"BZN|SE1","05.02.2022 05:00 - 05.02.2022 06:00 (CET/CEST)","n/e","n/e","n/e","n/e","n/e","n/e","n/e","n/e","n/e","n/e","n/e","n/e","n/e","1628","n/e","n/e","25","n/e","0","n/e","n/e","407"
"BZN|SE1","05.02.2022 06:00 - 05.02.2022 07:00 (CET/CEST)","n/e","n/e","n/e","n/e","n/e","n/e","n/e","n/e","n/e","n/e","n/e","n/e","n/e","1726","n/e","n/e","25","n/e","0","n/e","n/e","377"
"BZN|SE1","05.02.2022 07:00 - 05.02.2022 08:00 (CET/CEST)","n/e","n/e","n/e","n/e","n/e","n/e","n/e","n/e","n/e","n/e","n/e","n/e","n/e","1924","n/e","n/e","25","n/e","0","n/e","n/e","403"
"BZN|SE1","05.02.2022 08:00 - 05.02.2022 09:00 (CET/CEST)","n/e","n/e","n/e","n/e","n/e","n/e","n/e","n/e","n/e","n/e","n/e","n/e","n/e","2135","n/e","n/e","25","n/e","0","n/e","n/e","422"
"BZN|SE1","05.02.2022 09:00 - 05.02.2022 10:00 (CET/CEST)","n/e","n/e","n/e","n/e","n/e","n/e","n/e","n/e","n/e","n/e","n/e","n/e","n/e","2049","n/e","n/e","25","n/e","0","n/e","n/e","418"
"BZN|SE1","05.02.2022 10:00 - 05.02.2022 11:00 (CET/CEST)","n/e","n/e","n/e","n/e","n/e","n/e","n/e","n/e","n/e","n/e","n/e","n/e","n/e","1973","n/e","n/e","25","n/e","0","n/e","n/e","432"
"BZN|SE1","05.02.2022 11:00 - 05.02.2022 12:00 (CET/CEST)","n/e","n/e","n/e","n/e","n/e","n/e","n/e","n/e","n/e","n/e","n/e","n/e","n/e","1942","n/e","n/e","25","n/e","0","n/e","n/e","459"
"BZN|SE1","05.02.2022 12:00 - 05.02.2022 13:00 (CET/CEST)","n/e","n/e","n/e","n/e","n/e","n/e","n/e","n/e","n/e","n/e","n/e","n/e","n/e","1851","n/e","n/e","25","n/e","0","n/e","n/e","424"
"BZN|SE1","05.02.2022 13:00 - 05.02.2022 14:00 (CET/CEST)","n/e","n/e","n/e","n/e","n/e","n/e","n/e","n/e","n/e","n/e","n/e","n/e","n/e","1724","n/e","n/e","25","n/e","0","n/e","n/e","480"
"BZN|SE1","05.02.2022 14:00 - 05.02.2022 15:00 (CET/CEST)","n/e","n/e","n/e","n/e","n/e","n/e","n/e","n/e","n/e","n/e","n/e","n/e","n/e","1634","n/e","n/e","25","n/e","0","n/e","n/e","607"
"BZN|SE1","05.02.2022 15:00 - 05.02.2022 16:00 (CET/CEST)","n/e","n/e","n/e","n/e","n/e","n/e","n/e","n/e","n/e","n/e","n/e","n/e","n/e","1580","n/e","n/e","25","n/e","0","n/e","n/e","762"
"BZN|SE1","05.02.2022 16:00 - 05.02.2022 17:00 (CET/CEST)","n/e","n/e","n/e","n/e","n/e","n/e","n/e","n/e","n/e","n/e","n/e","n/e","n/e","1903","n/e","n/e","25","n/e","0","n/e","n/e","955"
"BZN|SE1","05.02.2022 17:00 - 05.02.2022 18:00 (CET/CEST)","n/e","n/e","n/e","n/e","n/e","n/e","n/e","n/e","n/e","n/e","n/e","n/e","n/e","1881","n/e","n/e","25","n/e","0","n/e","n/e","1136"
"BZN|SE1","05.02.2022 18:00 - 05.02.2022 19:00 (CET/CEST)","n/e","n/e","n/e","n/e","n/e","n/e","n/e","n/e","n/e","n/e","n/e","n/e","n/e","1798","n/e","n/e","25","n/e","0","n/e","n/e","1251"
"BZN|SE1","05.02.2022 19:00 - 05.02.2022 20:00 (CET/CEST)","n/e","n/e","n/e","n/e","n/e","n/e","n/e","n/e","n/e","n/e","n/e","n/e","n/e","1909","n/e","n/e","25","n/e","0","n/e","n/e","1234"
"BZN|SE1","05.02.2022 20:00 - 05.02.2022 21:00 (CET/CEST)","n/e","n/e","n/e","n/e","n/e","n/e","n/e","n/e","n/e","n/e","n/e","n/e","n/e","1589","n/e","n/e","25","n/e","0","n/e","n/e","1188"
"BZN|SE1","05.02.2022 21:00 - 05.02.2022 22:00 (CET/CEST)","n/e","n/e","n/e","n/e","n/e","n/e","n/e","n/e","n/e","n/e","n/e","n/e","n/e","1553","n/e","n/e","25","n/e","0","n/e","n/e","1151"
"BZN|SE1","05.02.2022 22:00 - 05.02.2022 23:00 (CET/CEST)","n/e","n/e","n/e","n/e","n/e","n/e","n/e","n/e","n/e","n/e","n/e","n/e","n/e","1442","n/e","n/e","25","n/e","0","n/e","n/e","1072"
"BZN|SE1","05.02.2022 23:00 - 06.02.2022 00:00 (CET/CEST)","n/e","n/e","n/e","n/e","n/e","n/e","n/e","n/e","n/e","n/e","n/e","n/e","n/e","1372","n/e","n/e","25","n/e","0","n/e","n/e","1055"
"BZN|SE1","06.02.2022 00:00 - 06.02.2022 01:00 (CET/CEST)","n/e","n/e","n/e","n/e","n/e","n/e","n/e","n/e","n/e","n/e","n/e","n/e","n/e","1442","n/e","n/e","24","n/e","0","n/e","n/e","1008"
"BZN|SE1","06.02.2022 01:00 - 06.02.2022 02:00 (CET/CEST)","n/e","n/e","n/e","n/e","n/e","n/e","n/e","n/e","n/e","n/e","n/e","n/e","n/e","1300","n/e","n/e","24","n/e","0","n/e","n/e","973"
"BZN|SE1","06.02.2022 02:00 - 06.02.2022 03:00 (CET/CEST)","n/e","n/e","n/e","n/e","n/e","n/e","n/e","n/e","n/e","n/e","n/e","n/e","n/e","1290","n/e","n/e","24","n/e","0","n/e","n/e","888"
"BZN|SE1","06.02.2022 03:00 - 06.02.2022 04:00 (CET/CEST)","n/e","n/e","n/e","n/e","n/e","n/e","n/e","n/e","n/e","n/e","n/e","n/e","n/e","1261","n/e","n/e","24","n/e","0","n/e","n/e","901"
"BZN|SE1","06.02.2022 04:00 - 06.02.2022 05:00 (CET/CEST)","n/e","n/e","n/e","n/e","n/e","n/e","n/e","n/e","n/e","n/e","n/e","n/e","n/e","1312","n/e","n/e","24","n/e","0","n/e","n/e","986"
"BZN|SE1","06.02.2022 05:00 - 06.02.2022 06:00 (CET/CEST)","n/e","n/e","n/e","n/e","n/e","n/e","n/e","n/e","n/e","n/e","n/e","n/e","n/e","1334","n/e","n/e","24","n/e","0","n/e","n/e","960"
"BZN|SE1","06.02.2022 06:00 - 06.02.2022 07:00 (CET/CEST)","n/e","n/e","n/e","n/e","n/e","n/e","n/e","n/e","n/e","n/e","n/e","n/e","n/e","1474","n/e","n/e","27","n/e","0","n/e","n/e","1062"
"BZN|SE1","06.02.2022 07:00 - 06.02.2022 08:00 (CET/CEST)","n/e","n/e","n/e","n/e","n/e","n/e","n/e","n/e","n/e","n/e","n/e","n/e","n/e","1572","n/e","n/e","24","n/e","0","n/e","n/e","947"
"BZN|SE1","06.02.2022 08:00 - 06.02.2022 09:00 (CET/CEST)","n/e","n/e","n/e","n/e","n/e","n/e","n/e","n/e","n/e","n/e","n/e","n/e","n/e","1724","n/e","n/e","24","n/e","0","n/e","n/e","835"
"BZN|SE1","06.02.2022 09:00 - 06.02.2022 10:00 (CET/CEST)","n/e","n/e","n/e","n/e","n/e","n/e","n/e","n/e","n/e","n/e","n/e","n/e","n/e","1842","n/e","n/e","24","n/e","0","n/e","n/e","635"
"BZN|SE1","06.02.2022 10:00 - 06.02.2022 11:00 (CET/CEST)","n/e","n/e","n/e","n/e","n/e","n/e","n/e","n/e","n/e","n/e","n/e","n/e","n/e","2054","n/e","n/e","24","n/e","0","n/e","n/e","596"
"BZN|SE1","06.02.2022 11:00 - 06.02.2022 12:00 (CET/CEST)","n/e","n/e","n/e","n/e","n/e","n/e","n/e","n/e","n/e","n/e","n/e","n/e","n/e","2625","n/e","n/e","24","n/e","0","n/e","n/e","634"
"BZN|SE1","06.02.2022 12:00 - 06.02.2022 13:00 (CET/CEST)","n/e","n/e","n/e","n/e","n/e","n/e","n/e","n/e","n/e","n/e","n/e","n/e","n/e","2651","n/e","n/e","24","n/e","0","n/e","n/e","771"
"BZN|SE1","06.02.2022 13:00 - 06.02.2022 14:00 (CET/CEST)","n/e","n/e","n/e","n/e","n/e","n/e","n/e","n/e","n/e","n/e","n/e","n/e","n/e","2638","n/e","n/e","24","n/e","0","n/e","n/e","761"
"BZN|SE1","06.02.2022 14:00 - 06.02.2022 15:00 (CET/CEST)","n/e","n/e","n/e","n/e","n/e","n/e","n/e","n/e","n/e","n/e","n/e","n/e","n/e","2668","n/e","n/e","24","n/e","0","n/e","n/e","698"
"BZN|SE1","06.02.2022 15:00 - 06.02.2022 16:00 (CET/CEST)","n/e","n/e","n/e","n/e","n/e","n/e","n/e","n/e","n/e","n/e","n/e","n/e","n/e","2713","n/e","n/e","24","n/e","0","n/e","n/e","642"
"BZN|SE1","06.02.2022 16:00 - 06.02.2022 17:00 (CET/CEST)","n/e","n/e","n/e","n/e","n/e","n/e","n/e","n/e","n/e","n/e","n/e","n/e","n/e","2701","n/e","n/e","24","n/e","0","n/e","n/e","543"
"BZN|SE1","06.02.2022 17:00 - 06.02.2022 18:00 (CET/CEST)","n/e","n/e","n/e","n/e","n/e","n/e","n/e","n/e","n/e","n/e","n/e","n/e","n/e","2719","n/e","n/e","24","n/e","0","n/e","n/e","471"
"BZN|SE1","06.02.2022 18:00 - 06.02.2022 19:00 (CET/CEST)","n/e","n/e","n/e","n/e","n/e","n/e","n/e","n/e","n/e","n/e","n/e","n/e","n/e","2754","n/e","n/e","24","n/e","0","n/e","n/e","381"
"BZN|SE1","06.02.2022 19:00 - 06.02.2022 20:00 (CET/CEST)","n/e","n/e","n/e","n/e","n/e","n/e","n/e","n/e","n/e","n/e","n/e","n/e","n/e","2873","n/e","n/e","24","n/e","0","n/e","n/e","325"
"BZN|SE1","06.02.2022 20:00 - 06.02.2022 21:00 (CET/CEST)","n/e","n/e","n/e","n/e","n/e","n/e","n/e","n/e","n/e","n/e","n/e","n/e","n/e","2877","n/e","n/e","24","n/e","0","n/e","n/e","275"
"BZN|SE1","06.02.2022 21:00 - 06.02.2022 22:00 (CET/CEST)","n/e","n/e","n/e","n/e","n/e","n/e","n/e","n/e","n/e","n/e","n/e","n/e","n/e","2998","n/e","n/e","24","n/e","0","n/e","n/e","246"
"BZN|SE1","06.02.2022 22:00 - 06.02.2022 23:00 (CET/CEST)","n/e","n/e","n/e","n/e","n/e","n/e","n/e","n/e","n/e","n/e","n/e","n/e","n/e","2999","n/e","n/e","24","n/e","0","n/e","n/e","205"
"BZN|SE1","06.02.2022 23:00 - 07.02.2022 00:00 (CET/CEST)","n/e","n/e","n/e","n/e","n/e","n/e","n/e","n/e","n/e","n/e","n/e","n/e","n/e","2996","n/e","n/e","24","n/e","0","n/e","n/e","173"
"BZN|SE1","07.02.2022 00:00 - 07.02.2022 01:00 (CET/CEST)","n/e","n/e","n/e","n/e","n/e","n/e","n/e","n/e","n/e","n/e","n/e","n/e","n/e","3145","n/e","n/e","13","n/e","0","n/e","n/e","158"
"BZN|SE1","07.02.2022 01:00 - 07.02.2022 02:00 (CET/CEST)","n/e","n/e","n/e","n/e","n/e","n/e","n/e","n/e","n/e","n/e","n/e","n/e","n/e","2963","n/e","n/e","13","n/e","0","n/e","n/e","153"
"BZN|SE1","07.02.2022 02:00 - 07.02.2022 03:00 (CET/CEST)","n/e","n/e","n/e","n/e","n/e","n/e","n/e","n/e","n/e","n/e","n/e","n/e","n/e","2464","n/e","n/e","13","n/e","0","n/e","n/e","130"
"BZN|SE1","07.02.2022 03:00 - 07.02.2022 04:00 (CET/CEST)","n/e","n/e","n/e","n/e","n/e","n/e","n/e","n/e","n/e","n/e","n/e","n/e","n/e","2322","n/e","n/e","13","n/e","0","n/e","n/e","159"
"BZN|SE1","07.02.2022 04:00 - 07.02.2022 05:00 (CET/CEST)","n/e","n/e","n/e","n/e","n/e","n/e","n/e","n/e","n/e","n/e","n/e","n/e","n/e","2348","n/e","n/e","13","n/e","0","n/e","n/e","193"
"BZN|SE1","07.02.2022 05:00 - 07.02.2022 06:00 (CET/CEST)","n/e","n/e","n/e","n/e","n/e","n/e","n/e","n/e","n/e","n/e","n/e","n/e","n/e","2959","n/e","n/e","13","n/e","0","n/e","n/e","239"
"BZN|SE1","07.02.2022 06:00 - 07.02.2022 07:00 (CET/CEST)","n/e","n/e","n/e","n/e","n/e","n/e","n/e","n/e","n/e","n/e","n/e","n/e","n/e","3190","n/e","n/e","13","n/e","0","n/e","n/e","254"
"BZN|SE1","07.02.2022 07:00 - 07.02.2022 08:00 (CET/CEST)","n/e","n/e","n/e","n/e","n/e","n/e","n/e","n/e","n/e","n/e","n/e","n/e","n/e","3152","n/e","n/e","13","n/e","0","n/e","n/e","258"
"BZN|SE1","07.02.2022 08:00 - 07.02.2022 09:00 (CET/CEST)","n/e","n/e","n/e","n/e","n/e","n/e","n/e","n/e","n/e","n/e","n/e","n/e","n/e","2992","n/e","n/e","13","n/e","0","n/e","n/e","267"
"BZN|SE1","07.02.2022 09:00 - 07.02.2022 10:00 (CET/CEST)","n/e","n/e","n/e","n/e","n/e","n/e","n/e","n/e","n/e","n/e","n/e","n/e","n/e","3077","n/e","n/e","13","n/e","0","n/e","n/e","281"
"BZN|SE1","07.02.2022 10:00 - 07.02.2022 11:00 (CET/CEST)","n/e","n/e","n/e","n/e","n/e","n/e","n/e","n/e","n/e","n/e","n/e","n/e","n/e","3068","n/e","n/e","13","n/e","0","n/e","n/e","282"
"BZN|SE1","07.02.2022 11:00 - 07.02.2022 12:00 (CET/CEST)","n/e","n/e","n/e","n/e","n/e","n/e","n/e","n/e","n/e","n/e","n/e","n/e","n/e","2944","n/e","n/e","13","n/e","0","n/e","n/e","244"
"BZN|SE1","07.02.2022 12:00 - 07.02.2022 13:00 (CET/CEST)","n/e","n/e","n/e","n/e","n/e","n/e","n/e","n/e","n/e","n/e","n/e","n/e","n/e","2894","n/e","n/e","13","n/e","0","n/e","n/e","291"
"BZN|SE1","07.02.2022 13:00 - 07.02.2022 14:00 (CET/CEST)","n/e","n/e","n/e","n/e","n/e","n/e","n/e","n/e","n/e","n/e","n/e","n/e","n/e","2901","n/e","n/e","13","n/e","0","n/e","n/e","345"
"BZN|SE1","07.02.2022 14:00 - 07.02.2022 15:00 (CET/CEST)","n/e","n/e","n/e","n/e","n/e","n/e","n/e","n/e","n/e","n/e","n/e","n/e","n/e","2794","n/e","n/e","13","n/e","0","n/e","n/e","371"
"BZN|SE1","07.02.2022 15:00 - 07.02.2022 16:00 (CET/CEST)","n/e","n/e","n/e","n/e","n/e","n/e","n/e","n/e","n/e","n/e","n/e","n/e","n/e","2788","n/e","n/e","13","n/e","0","n/e","n/e","432"
"BZN|SE1","07.02.2022 16:00 - 07.02.2022 17:00 (CET/CEST)","n/e","n/e","n/e","n/e","n/e","n/e","n/e","n/e","n/e","n/e","n/e","n/e","n/e","2796","n/e","n/e","13","n/e","0","n/e","n/e","452"
"BZN|SE1","07.02.2022 17:00 - 07.02.2022 18:00 (CET/CEST)","n/e","n/e","n/e","n/e","n/e","n/e","n/e","n/e","n/e","n/e","n/e","n/e","n/e","2757","n/e","n/e","13","n/e","0","n/e","n/e","429"
"BZN|SE1","07.02.2022 18:00 - 07.02.2022 19:00 (CET/CEST)","n/e","n/e","n/e","n/e","n/e","n/e","n/e","n/e","n/e","n/e","n/e","n/e","n/e","2755","n/e","n/e","13","n/e","0","n/e","n/e","329"
"BZN|SE1","07.02.2022 19:00 - 07.02.2022 20:00 (CET/CEST)","n/e","n/e","n/e","n/e","n/e","n/e","n/e","n/e","n/e","n/e","n/e","n/e","n/e","2796","n/e","n/e","13","n/e","0","n/e","n/e","274"
"BZN|SE1","07.02.2022 20:00 - 07.02.2022 21:00 (CET/CEST)","n/e","n/e","n/e","n/e","n/e","n/e","n/e","n/e","n/e","n/e","n/e","n/e","n/e","2865","n/e","n/e","13","n/e","0","n/e","n/e","188"
"BZN|SE1","07.02.2022 21:00 - 07.02.2022 22:00 (CET/CEST)","n/e","n/e","n/e","n/e","n/e","n/e","n/e","n/e","n/e","n/e","n/e","n/e","n/e","3145","n/e","n/e","13","n/e","0","n/e","n/e","130"
"BZN|SE1","07.02.2022 22:00 - 07.02.2022 23:00 (CET/CEST)","n/e","n/e","n/e","n/e","n/e","n/e","n/e","n/e","n/e","n/e","n/e","n/e","n/e","3013","n/e","n/e","13","n/e","0","n/e","n/e","84"
"BZN|SE1","07.02.2022 23:00 - 08.02.2022 00:00 (CET/CEST)","n/e","n/e","n/e","n/e","n/e","n/e","n/e","n/e","n/e","n/e","n/e","n/e","n/e","2965","n/e","n/e","13","n/e","0","n/e","n/e","67"
"BZN|SE1","08.02.2022 00:00 - 08.02.2022 01:00 (CET/CEST)","n/e","n/e","n/e","n/e","n/e","n/e","n/e","n/e","n/e","n/e","n/e","n/e","n/e","2840","n/e","n/e","14","n/e","0","n/e","n/e","59"
"BZN|SE1","08.02.2022 01:00 - 08.02.2022 02:00 (CET/CEST)","n/e","n/e","n/e","n/e","n/e","n/e","n/e","n/e","n/e","n/e","n/e","n/e","n/e","2736","n/e","n/e","14","n/e","0","n/e","n/e","66"
"BZN|SE1","08.02.2022 02:00 - 08.02.2022 03:00 (CET/CEST)","n/e","n/e","n/e","n/e","n/e","n/e","n/e","n/e","n/e","n/e","n/e","n/e","n/e","2502","n/e","n/e","14","n/e","0","n/e","n/e","78"
"BZN|SE1","08.02.2022 03:00 - 08.02.2022 04:00 (CET/CEST)","n/e","n/e","n/e","n/e","n/e","n/e","n/e","n/e","n/e","n/e","n/e","n/e","n/e","2152","n/e","n/e","14","n/e","0","n/e","n/e","89"
"BZN|SE1","08.02.2022 04:00 - 08.02.2022 05:00 (CET/CEST)","n/e","n/e","n/e","n/e","n/e","n/e","n/e","n/e","n/e","n/e","n/e","n/e","n/e","1963","n/e","n/e","14","n/e","0","n/e","n/e","99"
"BZN|SE1","08.02.2022 05:00 - 08.02.2022 06:00 (CET/CEST)","n/e","n/e","n/e","n/e","n/e","n/e","n/e","n/e","n/e","n/e","n/e","n/e","n/e","1956","n/e","n/e","14","n/e","0","n/e","n/e","160"
"BZN|SE1","08.02.2022 06:00 - 08.02.2022 07:00 (CET/CEST)","n/e","n/e","n/e","n/e","n/e","n/e","n/e","n/e","n/e","n/e","n/e","n/e","n/e","2579","n/e","n/e","14","n/e","0","n/e","n/e","229"
"BZN|SE1","08.02.2022 07:00 - 08.02.2022 08:00 (CET/CEST)","n/e","n/e","n/e","n/e","n/e","n/e","n/e","n/e","n/e","n/e","n/e","n/e","n/e","3027","n/e","n/e","14","n/e","0","n/e","n/e","291"
"BZN|SE1","08.02.2022 08:00 - 08.02.2022 09:00 (CET/CEST)","n/e","n/e","n/e","n/e","n/e","n/e","n/e","n/e","n/e","n/e","n/e","n/e","n/e","3155","n/e","n/e","14","n/e","0","n/e","n/e","423"
"BZN|SE1","08.02.2022 09:00 - 08.02.2022 10:00 (CET/CEST)","n/e","n/e","n/e","n/e","n/e","n/e","n/e","n/e","n/e","n/e","n/e","n/e","n/e","3137","n/e","n/e","14","n/e","0","n/e","n/e","508"
"BZN|SE1","08.02.2022 10:00 - 08.02.2022 11:00 (CET/CEST)","n/e","n/e","n/e","n/e","n/e","n/e","n/e","n/e","n/e","n/e","n/e","n/e","n/e","3017","n/e","n/e","14","n/e","0","n/e","n/e","575"
"BZN|SE1","08.02.2022 11:00 - 08.02.2022 12:00 (CET/CEST)","n/e","n/e","n/e","n/e","n/e","n/e","n/e","n/e","n/e","n/e","n/e","n/e","n/e","2956","n/e","n/e","14","n/e","0","n/e","n/e","459"
"BZN|SE1","08.02.2022 12:00 - 08.02.2022 13:00 (CET/CEST)","n/e","n/e","n/e","n/e","n/e","n/e","n/e","n/e","n/e","n/e","n/e","n/e","n/e","2831","n/e","n/e","14","n/e","0","n/e","n/e","372"
"BZN|SE1","08.02.2022 13:00 - 08.02.2022 14:00 (CET/CEST)","n/e","n/e","n/e","n/e","n/e","n/e","n/e","n/e","n/e","n/e","n/e","n/e","n/e","2485","n/e","n/e","14","n/e","0","n/e","n/e","360"
"BZN|SE1","08.02.2022 14:00 - 08.02.2022 15:00 (CET/CEST)","n/e","n/e","n/e","n/e","n/e","n/e","n/e","n/e","n/e","n/e","n/e","n/e","n/e","2365","n/e","n/e","14","n/e","0","n/e","n/e","271"
"BZN|SE1","08.02.2022 15:00 - 08.02.2022 16:00 (CET/CEST)","n/e","n/e","n/e","n/e","n/e","n/e","n/e","n/e","n/e","n/e","n/e","n/e","n/e","2276","n/e","n/e","14","n/e","0","n/e","n/e","207"
"BZN|SE1","08.02.2022 16:00 - 08.02.2022 17:00 (CET/CEST)","n/e","n/e","n/e","n/e","n/e","n/e","n/e","n/e","n/e","n/e","n/e","n/e","n/e","2271","n/e","n/e","14","n/e","0","n/e","n/e","242"
"BZN|SE1","08.02.2022 17:00 - 08.02.2022 18:00 (CET/CEST)","n/e","n/e","n/e","n/e","n/e","n/e","n/e","n/e","n/e","n/e","n/e","n/e","n/e","2065","n/e","n/e","14","n/e","0","n/e","n/e","370"
"BZN|SE1","08.02.2022 18:00 - 08.02.2022 19:00 (CET/CEST)","n/e","n/e","n/e","n/e","n/e","n/e","n/e","n/e","n/e","n/e","n/e","n/e","n/e","1977","n/e","n/e","14","n/e","0","n/e","n/e","517"
"BZN|SE1","08.02.2022 19:00 - 08.02.2022 20:00 (CET/CEST)","n/e","n/e","n/e","n/e","n/e","n/e","n/e","n/e","n/e","n/e","n/e","n/e","n/e","1934","n/e","n/e","14","n/e","0","n/e","n/e","683"
"BZN|SE1","08.02.2022 20:00 - 08.02.2022 21:00 (CET/CEST)","n/e","n/e","n/e","n/e","n/e","n/e","n/e","n/e","n/e","n/e","n/e","n/e","n/e","1879","n/e","n/e","14","n/e","0","n/e","n/e","787"
"BZN|SE1","08.02.2022 21:00 - 08.02.2022 22:00 (CET/CEST)","n/e","n/e","n/e","n/e","n/e","n/e","n/e","n/e","n/e","n/e","n/e","n/e","n/e","1824","n/e","n/e","14","n/e","0","n/e","n/e","815"
"BZN|SE1","08.02.2022 22:00 - 08.02.2022 23:00 (CET/CEST)","n/e","n/e","n/e","n/e","n/e","n/e","n/e","n/e","n/e","n/e","n/e","n/e","n/e","1629","n/e","n/e","14","n/e","0","n/e","n/e","982"
"BZN|SE1","08.02.2022 23:00 - 09.02.2022 00:00 (CET/CEST)","n/e","n/e","n/e","n/e","n/e","n/e","n/e","n/e","n/e","n/e","n/e","n/e","n/e","1520","n/e","n/e","14","n/e","0","n/e","n/e","1096"
"BZN|SE1","09.02.2022 00:00 - 09.02.2022 01:00 (CET/CEST)","n/e","n/e","n/e","n/e","n/e","n/e","n/e","n/e","n/e","n/e","n/e","n/e","n/e","1348","n/e","n/e","12","n/e","0","n/e","n/e","1208"
"BZN|SE1","09.02.2022 01:00 - 09.02.2022 02:00 (CET/CEST)","n/e","n/e","n/e","n/e","n/e","n/e","n/e","n/e","n/e","n/e","n/e","n/e","n/e","1326","n/e","n/e","12","n/e","0","n/e","n/e","1191"
"BZN|SE1","09.02.2022 02:00 - 09.02.2022 03:00 (CET/CEST)","n/e","n/e","n/e","n/e","n/e","n/e","n/e","n/e","n/e","n/e","n/e","n/e","n/e","1317","n/e","n/e","12","n/e","0","n/e","n/e","1190"
"BZN|SE1","09.02.2022 03:00 - 09.02.2022 04:00 (CET/CEST)","n/e","n/e","n/e","n/e","n/e","n/e","n/e","n/e","n/e","n/e","n/e","n/e","n/e","1315","n/e","n/e","12","n/e","0","n/e","n/e","1195"
"BZN|SE1","09.02.2022 04:00 - 09.02.2022 05:00 (CET/CEST)","n/e","n/e","n/e","n/e","n/e","n/e","n/e","n/e","n/e","n/e","n/e","n/e","n/e","1301","n/e","n/e","17","n/e","0","n/e","n/e","1179"
"BZN|SE1","09.02.2022 05:00 - 09.02.2022 06:00 (CET/CEST)","n/e","n/e","n/e","n/e","n/e","n/e","n/e","n/e","n/e","n/e","n/e","n/e","n/e","1342","n/e","n/e","22","n/e","0","n/e","n/e","1164"
"BZN|SE1","09.02.2022 06:00 - 09.02.2022 07:00 (CET/CEST)","n/e","n/e","n/e","n/e","n/e","n/e","n/e","n/e","n/e","n/e","n/e","n/e","n/e","1438","n/e","n/e","27","n/e","0","n/e","n/e","1177"
"BZN|SE1","09.02.2022 07:00 - 09.02.2022 08:00 (CET/CEST)","n/e","n/e","n/e","n/e","n/e","n/e","n/e","n/e","n/e","n/e","n/e","n/e","n/e","1580","n/e","n/e","27","n/e","0","n/e","n/e","1192"
"BZN|SE1","09.02.2022 08:00 - 09.02.2022 09:00 (CET/CEST)","n/e","n/e","n/e","n/e","n/e","n/e","n/e","n/e","n/e","n/e","n/e","n/e","n/e","1598","n/e","n/e","27","n/e","0","n/e","n/e","1146"
"BZN|SE1","09.02.2022 09:00 - 09.02.2022 10:00 (CET/CEST)","n/e","n/e","n/e","n/e","n/e","n/e","n/e","n/e","n/e","n/e","n/e","n/e","n/e","1789","n/e","n/e","27","n/e","0","n/e","n/e","1133"
"BZN|SE1","09.02.2022 10:00 - 09.02.2022 11:00 (CET/CEST)","n/e","n/e","n/e","n/e","n/e","n/e","n/e","n/e","n/e","n/e","n/e","n/e","n/e","1885","n/e","n/e","27","n/e","0","n/e","n/e","1085"
"BZN|SE1","09.02.2022 11:00 - 09.02.2022 12:00 (CET/CEST)","n/e","n/e","n/e","n/e","n/e","n/e","n/e","n/e","n/e","n/e","n/e","n/e","n/e","1928","n/e","n/e","27","n/e","0","n/e","n/e","975"
"BZN|SE1","09.02.2022 12:00 - 09.02.2022 13:00 (CET/CEST)","n/e","n/e","n/e","n/e","n/e","n/e","n/e","n/e","n/e","n/e","n/e","n/e","n/e","1991","n/e","n/e","27","n/e","0","n/e","n/e","872"
"BZN|SE1","09.02.2022 13:00 - 09.02.2022 14:00 (CET/CEST)","n/e","n/e","n/e","n/e","n/e","n/e","n/e","n/e","n/e","n/e","n/e","n/e","n/e","1987","n/e","n/e","27","n/e","0","n/e","n/e","938"
"BZN|SE1","09.02.2022 14:00 - 09.02.2022 15:00 (CET/CEST)","n/e","n/e","n/e","n/e","n/e","n/e","n/e","n/e","n/e","n/e","n/e","n/e","n/e","1989","n/e","n/e","22","n/e","0","n/e","n/e","1031"
"BZN|SE1","09.02.2022 15:00 - 09.02.2022 16:00 (CET/CEST)","n/e","n/e","n/e","n/e","n/e","n/e","n/e","n/e","n/e","n/e","n/e","n/e","n/e","1785","n/e","n/e","17","n/e","0","n/e","n/e","1028"
"BZN|SE1","09.02.2022 16:00 - 09.02.2022 17:00 (CET/CEST)","n/e","n/e","n/e","n/e","n/e","n/e","n/e","n/e","n/e","n/e","n/e","n/e","n/e","1724","n/e","n/e","12","n/e","0","n/e","n/e","1072"
"BZN|SE1","09.02.2022 17:00 - 09.02.2022 18:00 (CET/CEST)","n/e","n/e","n/e","n/e","n/e","n/e","n/e","n/e","n/e","n/e","n/e","n/e","n/e","1611","n/e","n/e","12","n/e","0","n/e","n/e","1169"
"BZN|SE1","09.02.2022 18:00 - 09.02.2022 19:00 (CET/CEST)","n/e","n/e","n/e","n/e","n/e","n/e","n/e","n/e","n/e","n/e","n/e","n/e","n/e","1587","n/e","n/e","12","n/e","0","n/e","n/e","1227"
"BZN|SE1","09.02.2022 19:00 - 09.02.2022 20:00 (CET/CEST)","n/e","n/e","n/e","n/e","n/e","n/e","n/e","n/e","n/e","n/e","n/e","n/e","n/e","1511","n/e","n/e","12","n/e","0","n/e","n/e","1164"
"BZN|SE1","09.02.2022 20:00 - 09.02.2022 21:00 (CET/CEST)","n/e","n/e","n/e","n/e","n/e","n/e","n/e","n/e","n/e","n/e","n/e","n/e","n/e","1493","n/e","n/e","12","n/e","0","n/e","n/e","1173"
"BZN|SE1","09.02.2022 21:00 - 09.02.2022 22:00 (CET/CEST)","n/e","n/e","n/e","n/e","n/e","n/e","n/e","n/e","n/e","n/e","n/e","n/e","n/e","1461","n/e","n/e","12","n/e","0","n/e","n/e","1151"
"BZN|SE1","09.02.2022 22:00 - 09.02.2022 23:00 (CET/CEST)","n/e","n/e","n/e","n/e","n/e","n/e","n/e","n/e","n/e","n/e","n/e","n/e","n/e","1336","n/e","n/e","12","n/e","0","n/e","n/e","1162"
"BZN|SE1","09.02.2022 23:00 - 10.02.2022 00:00 (CET/CEST)","n/e","n/e","n/e","n/e","n/e","n/e","n/e","n/e","n/e","n/e","n/e","n/e","n/e","1333","n/e","n/e","12","n/e","0","n/e","n/e","1218"
"BZN|SE1","10.02.2022 00:00 - 10.02.2022 01:00 (CET/CEST)","n/e","n/e","n/e","n/e","n/e","n/e","n/e","n/e","n/e","n/e","n/e","n/e","n/e","917","n/e","n/e","11","n/e","0","n/e","n/e","1205"
"BZN|SE1","10.02.2022 01:00 - 10.02.2022 02:00 (CET/CEST)","n/e","n/e","n/e","n/e","n/e","n/e","n/e","n/e","n/e","n/e","n/e","n/e","n/e","920","n/e","n/e","11","n/e","0","n/e","n/e","1227"
"BZN|SE1","10.02.2022 02:00 - 10.02.2022 03:00 (CET/CEST)","n/e","n/e","n/e","n/e","n/e","n/e","n/e","n/e","n/e","n/e","n/e","n/e","n/e","917","n/e","n/e","11","n/e","0","n/e","n/e","1310"
"BZN|SE1","10.02.2022 03:00 - 10.02.2022 04:00 (CET/CEST)","n/e","n/e","n/e","n/e","n/e","n/e","n/e","n/e","n/e","n/e","n/e","n/e","n/e","1013","n/e","n/e","11","n/e","0","n/e","n/e","1324"
"BZN|SE1","10.02.2022 04:00 - 10.02.2022 05:00 (CET/CEST)","n/e","n/e","n/e","n/e","n/e","n/e","n/e","n/e","n/e","n/e","n/e","n/e","n/e","1012","n/e","n/e","11","n/e","0","n/e","n/e","1312"
"BZN|SE1","10.02.2022 05:00 - 10.02.2022 06:00 (CET/CEST)","n/e","n/e","n/e","n/e","n/e","n/e","n/e","n/e","n/e","n/e","n/e","n/e","n/e","1014","n/e","n/e","11","n/e","0","n/e","n/e","1296"
"BZN|SE1","10.02.2022 06:00 - 10.02.2022 07:00 (CET/CEST)","n/e","n/e","n/e","n/e","n/e","n/e","n/e","n/e","n/e","n/e","n/e","n/e","n/e","1410","n/e","n/e","11","n/e","0","n/e","n/e","1272"
"BZN|SE1","10.02.2022 07:00 - 10.02.2022 08:00 (CET/CEST)","n/e","n/e","n/e","n/e","n/e","n/e","n/e","n/e","n/e","n/e","n/e","n/e","n/e","1457","n/e","n/e","12","n/e","0","n/e","n/e","1309"
"BZN|SE1","10.02.2022 08:00 - 10.02.2022 09:00 (CET/CEST)","n/e","n/e","n/e","n/e","n/e","n/e","n/e","n/e","n/e","n/e","n/e","n/e","n/e","1506","n/e","n/e","12","n/e","0","n/e","n/e","1358"
"BZN|SE1","10.02.2022 09:00 - 10.02.2022 10:00 (CET/CEST)","n/e","n/e","n/e","n/e","n/e","n/e","n/e","n/e","n/e","n/e","n/e","n/e","n/e","1508","n/e","n/e","12","n/e","0","n/e","n/e","1381"
"BZN|SE1","10.02.2022 10:00 - 10.02.2022 11:00 (CET/CEST)","n/e","n/e","n/e","n/e","n/e","n/e","n/e","n/e","n/e","n/e","n/e","n/e","n/e","1511","n/e","n/e","12","n/e","0","n/e","n/e","1400"
"BZN|SE1","10.02.2022 11:00 - 10.02.2022 12:00 (CET/CEST)","n/e","n/e","n/e","n/e","n/e","n/e","n/e","n/e","n/e","n/e","n/e","n/e","n/e","1499","n/e","n/e","12","n/e","0","n/e","n/e","1408"
"BZN|SE1","10.02.2022 12:00 - 10.02.2022 13:00 (CET/CEST)","n/e","n/e","n/e","n/e","n/e","n/e","n/e","n/e","n/e","n/e","n/e","n/e","n/e","1474","n/e","n/e","12","n/e","0","n/e","n/e","1362"
"BZN|SE1","10.02.2022 13:00 - 10.02.2022 14:00 (CET/CEST)","n/e","n/e","n/e","n/e","n/e","n/e","n/e","n/e","n/e","n/e","n/e","n/e","n/e","1472","n/e","n/e","12","n/e","0","n/e","n/e","1357"
"BZN|SE1","10.02.2022 14:00 - 10.02.2022 15:00 (CET/CEST)","n/e","n/e","n/e","n/e","n/e","n/e","n/e","n/e","n/e","n/e","n/e","n/e","n/e","1472","n/e","n/e","12","n/e","0","n/e","n/e","1348"
"BZN|SE1","10.02.2022 15:00 - 10.02.2022 16:00 (CET/CEST)","n/e","n/e","n/e","n/e","n/e","n/e","n/e","n/e","n/e","n/e","n/e","n/e","n/e","1497","n/e","n/e","12","n/e","0","n/e","n/e","1381"
"BZN|SE1","10.02.2022 16:00 - 10.02.2022 17:00 (CET/CEST)","n/e","n/e","n/e","n/e","n/e","n/e","n/e","n/e","n/e","n/e","n/e","n/e","n/e","1496","n/e","n/e","12","n/e","0","n/e","n/e","1384"
"BZN|SE1","10.02.2022 17:00 - 10.02.2022 18:00 (CET/CEST)","n/e","n/e","n/e","n/e","n/e","n/e","n/e","n/e","n/e","n/e","n/e","n/e","n/e","1463","n/e","n/e","12","n/e","0","n/e","n/e","1345"
"BZN|SE1","10.02.2022 18:00 - 10.02.2022 19:00 (CET/CEST)","n/e","n/e","n/e","n/e","n/e","n/e","n/e","n/e","n/e","n/e","n/e","n/e","n/e","1467","n/e","n/e","11","n/e","0","n/e","n/e","1309"
"BZN|SE1","10.02.2022 19:00 - 10.02.2022 20:00 (CET/CEST)","n/e","n/e","n/e","n/e","n/e","n/e","n/e","n/e","n/e","n/e","n/e","n/e","n/e","1465","n/e","n/e","11","n/e","0","n/e","n/e","1386"
"BZN|SE1","10.02.2022 20:00 - 10.02.2022 21:00 (CET/CEST)","n/e","n/e","n/e","n/e","n/e","n/e","n/e","n/e","n/e","n/e","n/e","n/e","n/e","1466","n/e","n/e","11","n/e","0","n/e","n/e","1383"
"BZN|SE1","10.02.2022 21:00 - 10.02.2022 22:00 (CET/CEST)","n/e","n/e","n/e","n/e","n/e","n/e","n/e","n/e","n/e","n/e","n/e","n/e","n/e","1580","n/e","n/e","11","n/e","0","n/e","n/e","1410"
"BZN|SE1","10.02.2022 22:00 - 10.02.2022 23:00 (CET/CEST)","n/e","n/e","n/e","n/e","n/e","n/e","n/e","n/e","n/e","n/e","n/e","n/e","n/e","1469","n/e","n/e","11","n/e","0","n/e","n/e","1448"
"BZN|SE1","10.02.2022 23:00 - 11.02.2022 00:00 (CET/CEST)","n/e","n/e","n/e","n/e","n/e","n/e","n/e","n/e","n/e","n/e","n/e","n/e","n/e","1409","n/e","n/e","11","n/e","0","n/e","n/e","1476"
"BZN|SE1","11.02.2022 00:00 - 11.02.2022 01:00 (CET/CEST)","n/e","n/e","n/e","n/e","n/e","n/e","n/e","n/e","n/e","n/e","n/e","n/e","n/e","1057","n/e","n/e","12","n/e","0","n/e","n/e","1501"
"BZN|SE1","11.02.2022 01:00 - 11.02.2022 02:00 (CET/CEST)","n/e","n/e","n/e","n/e","n/e","n/e","n/e","n/e","n/e","n/e","n/e","n/e","n/e","1058","n/e","n/e","12","n/e","0","n/e","n/e","1451"
"BZN|SE1","11.02.2022 02:00 - 11.02.2022 03:00 (CET/CEST)","n/e","n/e","n/e","n/e","n/e","n/e","n/e","n/e","n/e","n/e","n/e","n/e","n/e","1056","n/e","n/e","12","n/e","0","n/e","n/e","1388"
"BZN|SE1","11.02.2022 03:00 - 11.02.2022 04:00 (CET/CEST)","n/e","n/e","n/e","n/e","n/e","n/e","n/e","n/e","n/e","n/e","n/e","n/e","n/e","1056","n/e","n/e","12","n/e","0","n/e","n/e","1378"
"BZN|SE1","11.02.2022 04:00 - 11.02.2022 05:00 (CET/CEST)","n/e","n/e","n/e","n/e","n/e","n/e","n/e","n/e","n/e","n/e","n/e","n/e","n/e","1055","n/e","n/e","12","n/e","0","n/e","n/e","1348"
"BZN|SE1","11.02.2022 05:00 - 11.02.2022 06:00 (CET/CEST)","n/e","n/e","n/e","n/e","n/e","n/e","n/e","n/e","n/e","n/e","n/e","n/e","n/e","1058","n/e","n/e","12","n/e","0","n/e","n/e","1385"
"BZN|SE1","11.02.2022 06:00 - 11.02.2022 07:00 (CET/CEST)","n/e","n/e","n/e","n/e","n/e","n/e","n/e","n/e","n/e","n/e","n/e","n/e","n/e","1604","n/e","n/e","12","n/e","0","n/e","n/e","1363"
"BZN|SE1","11.02.2022 07:00 - 11.02.2022 08:00 (CET/CEST)","n/e","n/e","n/e","n/e","n/e","n/e","n/e","n/e","n/e","n/e","n/e","n/e","n/e","1792","n/e","n/e","12","n/e","0","n/e","n/e","1334"
"BZN|SE1","11.02.2022 08:00 - 11.02.2022 09:00 (CET/CEST)","n/e","n/e","n/e","n/e","n/e","n/e","n/e","n/e","n/e","n/e","n/e","n/e","n/e","1860","n/e","n/e","12","n/e","0","n/e","n/e","1370"
"BZN|SE1","11.02.2022 09:00 - 11.02.2022 10:00 (CET/CEST)","n/e","n/e","n/e","n/e","n/e","n/e","n/e","n/e","n/e","n/e","n/e","n/e","n/e","1959","n/e","n/e","12","n/e","0","n/e","n/e","1382"
"BZN|SE1","11.02.2022 10:00 - 11.02.2022 11:00 (CET/CEST)","n/e","n/e","n/e","n/e","n/e","n/e","n/e","n/e","n/e","n/e","n/e","n/e","n/e","1960","n/e","n/e","12","n/e","0","n/e","n/e","1363"
"BZN|SE1","11.02.2022 11:00 - 11.02.2022 12:00 (CET/CEST)","n/e","n/e","n/e","n/e","n/e","n/e","n/e","n/e","n/e","n/e","n/e","n/e","n/e","1977","n/e","n/e","12","n/e","0","n/e","n/e","1327"
"BZN|SE1","11.02.2022 12:00 - 11.02.2022 13:00 (CET/CEST)","n/e","n/e","n/e","n/e","n/e","n/e","n/e","n/e","n/e","n/e","n/e","n/e","n/e","1975","n/e","n/e","12","n/e","0","n/e","n/e","1295"
"BZN|SE1","11.02.2022 13:00 - 11.02.2022 14:00 (CET/CEST)","n/e","n/e","n/e","n/e","n/e","n/e","n/e","n/e","n/e","n/e","n/e","n/e","n/e","1957","n/e","n/e","12","n/e","0","n/e","n/e","1188"
"BZN|SE1","11.02.2022 14:00 - 11.02.2022 15:00 (CET/CEST)","n/e","n/e","n/e","n/e","n/e","n/e","n/e","n/e","n/e","n/e","n/e","n/e","n/e","1941","n/e","n/e","12","n/e","0","n/e","n/e","1160"
"BZN|SE1","11.02.2022 15:00 - 11.02.2022 16:00 (CET/CEST)","n/e","n/e","n/e","n/e","n/e","n/e","n/e","n/e","n/e","n/e","n/e","n/e","n/e","1944","n/e","n/e","12","n/e","0","n/e","n/e","1170"
"BZN|SE1","11.02.2022 16:00 - 11.02.2022 17:00 (CET/CEST)","n/e","n/e","n/e","n/e","n/e","n/e","n/e","n/e","n/e","n/e","n/e","n/e","n/e","1980","n/e","n/e","12","n/e","0","n/e","n/e","1185"
"BZN|SE1","11.02.2022 17:00 - 11.02.2022 18:00 (CET/CEST)","n/e","n/e","n/e","n/e","n/e","n/e","n/e","n/e","n/e","n/e","n/e","n/e","n/e","1970","n/e","n/e","12","n/e","0","n/e","n/e","1164"
"BZN|SE1","11.02.2022 18:00 - 11.02.2022 19:00 (CET/CEST)","n/e","n/e","n/e","n/e","n/e","n/e","n/e","n/e","n/e","n/e","n/e","n/e","n/e","2011","n/e","n/e","12","n/e","0","n/e","n/e","1146"
"BZN|SE1","11.02.2022 19:00 - 11.02.2022 20:00 (CET/CEST)","n/e","n/e","n/e","n/e","n/e","n/e","n/e","n/e","n/e","n/e","n/e","n/e","n/e","1952","n/e","n/e","12","n/e","0","n/e","n/e","1180"
"BZN|SE1","11.02.2022 20:00 - 11.02.2022 21:00 (CET/CEST)","n/e","n/e","n/e","n/e","n/e","n/e","n/e","n/e","n/e","n/e","n/e","n/e","n/e","1903","n/e","n/e","12","n/e","0","n/e","n/e","1149"
"BZN|SE1","11.02.2022 21:00 - 11.02.2022 22:00 (CET/CEST)","n/e","n/e","n/e","n/e","n/e","n/e","n/e","n/e","n/e","n/e","n/e","n/e","n/e","1882","n/e","n/e","12","n/e","0","n/e","n/e","1214"
"BZN|SE1","11.02.2022 22:00 - 11.02.2022 23:00 (CET/CEST)","n/e","n/e","n/e","n/e","n/e","n/e","n/e","n/e","n/e","n/e","n/e","n/e","n/e","1707","n/e","n/e","12","n/e","0","n/e","n/e","1050"
"BZN|SE1","11.02.2022 23:00 - 12.02.2022 00:00 (CET/CEST)","n/e","n/e","n/e","n/e","n/e","n/e","n/e","n/e","n/e","n/e","n/e","n/e","n/e","1606","n/e","n/e","12","n/e","0","n/e","n/e","919"
"BZN|SE1","12.02.2022 00:00 - 12.02.2022 01:00 (CET/CEST)","n/e","n/e","n/e","n/e","n/e","n/e","n/e","n/e","n/e","n/e","n/e","n/e","n/e","1327","n/e","n/e","19","n/e","0","n/e","n/e","851"
"BZN|SE1","12.02.2022 01:00 - 12.02.2022 02:00 (CET/CEST)","n/e","n/e","n/e","n/e","n/e","n/e","n/e","n/e","n/e","n/e","n/e","n/e","n/e","1227","n/e","n/e","19","n/e","0","n/e","n/e","703"
"BZN|SE1","12.02.2022 02:00 - 12.02.2022 03:00 (CET/CEST)","n/e","n/e","n/e","n/e","n/e","n/e","n/e","n/e","n/e","n/e","n/e","n/e","n/e","1254","n/e","n/e","19","n/e","0","n/e","n/e","686"
"BZN|SE1","12.02.2022 03:00 - 12.02.2022 04:00 (CET/CEST)","n/e","n/e","n/e","n/e","n/e","n/e","n/e","n/e","n/e","n/e","n/e","n/e","n/e","1208","n/e","n/e","19","n/e","0","n/e","n/e","602"
"BZN|SE1","12.02.2022 04:00 - 12.02.2022 05:00 (CET/CEST)","n/e","n/e","n/e","n/e","n/e","n/e","n/e","n/e","n/e","n/e","n/e","n/e","n/e","1190","n/e","n/e","19","n/e","0","n/e","n/e","508"
"BZN|SE1","12.02.2022 05:00 - 12.02.2022 06:00 (CET/CEST)","n/e","n/e","n/e","n/e","n/e","n/e","n/e","n/e","n/e","n/e","n/e","n/e","n/e","1181","n/e","n/e","19","n/e","0","n/e","n/e","529"
"BZN|SE1","12.02.2022 06:00 - 12.02.2022 07:00 (CET/CEST)","n/e","n/e","n/e","n/e","n/e","n/e","n/e","n/e","n/e","n/e","n/e","n/e","n/e","1419","n/e","n/e","19","n/e","0","n/e","n/e","611"
"BZN|SE1","12.02.2022 07:00 - 12.02.2022 08:00 (CET/CEST)","n/e","n/e","n/e","n/e","n/e","n/e","n/e","n/e","n/e","n/e","n/e","n/e","n/e","1482","n/e","n/e","19","n/e","0","n/e","n/e","737"
"BZN|SE1","12.02.2022 08:00 - 12.02.2022 09:00 (CET/CEST)","n/e","n/e","n/e","n/e","n/e","n/e","n/e","n/e","n/e","n/e","n/e","n/e","n/e","1622","n/e","n/e","19","n/e","0","n/e","n/e","764"
"BZN|SE1","12.02.2022 09:00 - 12.02.2022 10:00 (CET/CEST)","n/e","n/e","n/e","n/e","n/e","n/e","n/e","n/e","n/e","n/e","n/e","n/e","n/e","1812","n/e","n/e","19","n/e","0","n/e","n/e","776"
"BZN|SE1","12.02.2022 10:00 - 12.02.2022 11:00 (CET/CEST)","n/e","n/e","n/e","n/e","n/e","n/e","n/e","n/e","n/e","n/e","n/e","n/e","n/e","1983","n/e","n/e","21","n/e","0","n/e","n/e","779"
"BZN|SE1","12.02.2022 11:00 - 12.02.2022 12:00 (CET/CEST)","n/e","n/e","n/e","n/e","n/e","n/e","n/e","n/e","n/e","n/e","n/e","n/e","n/e","1983","n/e","n/e","21","n/e","0","n/e","n/e","654"
"BZN|SE1","12.02.2022 12:00 - 12.02.2022 13:00 (CET/CEST)","n/e","n/e","n/e","n/e","n/e","n/e","n/e","n/e","n/e","n/e","n/e","n/e","n/e","2162","n/e","n/e","21","n/e","0","n/e","n/e","558"
"BZN|SE1","12.02.2022 13:00 - 12.02.2022 14:00 (CET/CEST)","n/e","n/e","n/e","n/e","n/e","n/e","n/e","n/e","n/e","n/e","n/e","n/e","n/e","2263","n/e","n/e","21","n/e","0","n/e","n/e","439"
"BZN|SE1","12.02.2022 14:00 - 12.02.2022 15:00 (CET/CEST)","n/e","n/e","n/e","n/e","n/e","n/e","n/e","n/e","n/e","n/e","n/e","n/e","n/e","2368","n/e","n/e","21","n/e","0","n/e","n/e","313"
"BZN|SE1","12.02.2022 15:00 - 12.02.2022 16:00 (CET/CEST)","n/e","n/e","n/e","n/e","n/e","n/e","n/e","n/e","n/e","n/e","n/e","n/e","n/e","2495","n/e","n/e","21","n/e","0","n/e","n/e","339"
"BZN|SE1","12.02.2022 16:00 - 12.02.2022 17:00 (CET/CEST)","n/e","n/e","n/e","n/e","n/e","n/e","n/e","n/e","n/e","n/e","n/e","n/e","n/e","2765","n/e","n/e","21","n/e","0","n/e","n/e","375"
"BZN|SE1","12.02.2022 17:00 - 12.02.2022 18:00 (CET/CEST)","n/e","n/e","n/e","n/e","n/e","n/e","n/e","n/e","n/e","n/e","n/e","n/e","n/e","2810","n/e","n/e","21","n/e","0","n/e","n/e","378"
"BZN|SE1","12.02.2022 18:00 - 12.02.2022 19:00 (CET/CEST)","n/e","n/e","n/e","n/e","n/e","n/e","n/e","n/e","n/e","n/e","n/e","n/e","n/e","2817","n/e","n/e","21","n/e","0","n/e","n/e","412"
"BZN|SE1","12.02.2022 19:00 - 12.02.2022 20:00 (CET/CEST)","n/e","n/e","n/e","n/e","n/e","n/e","n/e","n/e","n/e","n/e","n/e","n/e","n/e","2886","n/e","n/e","21","n/e","0","n/e","n/e","316"
"BZN|SE1","12.02.2022 20:00 - 12.02.2022 21:00 (CET/CEST)","n/e","n/e","n/e","n/e","n/e","n/e","n/e","n/e","n/e","n/e","n/e","n/e","n/e","2881","n/e","n/e","21","n/e","0","n/e","n/e","263"
"BZN|SE1","12.02.2022 21:00 - 12.02.2022 22:00 (CET/CEST)","n/e","n/e","n/e","n/e","n/e","n/e","n/e","n/e","n/e","n/e","n/e","n/e","n/e","2619","n/e","n/e","21","n/e","0","n/e","n/e","191"
"BZN|SE1","12.02.2022 22:00 - 12.02.2022 23:00 (CET/CEST)","n/e","n/e","n/e","n/e","n/e","n/e","n/e","n/e","n/e","n/e","n/e","n/e","n/e","2202","n/e","n/e","21","n/e","0","n/e","n/e","112"
"BZN|SE1","12.02.2022 23:00 - 13.02.2022 00:00 (CET/CEST)","n/e","n/e","n/e","n/e","n/e","n/e","n/e","n/e","n/e","n/e","n/e","n/e","n/e","2059","n/e","n/e","21","n/e","0","n/e","n/e","123"
"BZN|SE1","13.02.2022 00:00 - 13.02.2022 01:00 (CET/CEST)","n/e","n/e","n/e","n/e","n/e","n/e","n/e","n/e","n/e","n/e","n/e","n/e","n/e","1393","n/e","n/e","21","n/e","0","n/e","n/e","172"
"BZN|SE1","13.02.2022 01:00 - 13.02.2022 02:00 (CET/CEST)","n/e","n/e","n/e","n/e","n/e","n/e","n/e","n/e","n/e","n/e","n/e","n/e","n/e","1169","n/e","n/e","20","n/e","0","n/e","n/e","340"
"BZN|SE1","13.02.2022 02:00 - 13.02.2022 03:00 (CET/CEST)","n/e","n/e","n/e","n/e","n/e","n/e","n/e","n/e","n/e","n/e","n/e","n/e","n/e","1033","n/e","n/e","21","n/e","0","n/e","n/e","581"
"BZN|SE1","13.02.2022 03:00 - 13.02.2022 04:00 (CET/CEST)","n/e","n/e","n/e","n/e","n/e","n/e","n/e","n/e","n/e","n/e","n/e","n/e","n/e","1028","n/e","n/e","21","n/e","0","n/e","n/e","826"
"BZN|SE1","13.02.2022 04:00 - 13.02.2022 05:00 (CET/CEST)","n/e","n/e","n/e","n/e","n/e","n/e","n/e","n/e","n/e","n/e","n/e","n/e","n/e","1026","n/e","n/e","21","n/e","0","n/e","n/e","931"
"BZN|SE1","13.02.2022 05:00 - 13.02.2022 06:00 (CET/CEST)","n/e","n/e","n/e","n/e","n/e","n/e","n/e","n/e","n/e","n/e","n/e","n/e","n/e","1120","n/e","n/e","21","n/e","0","n/e","n/e","1013"
"BZN|SE1","13.02.2022 06:00 - 13.02.2022 07:00 (CET/CEST)","n/e","n/e","n/e","n/e","n/e","n/e","n/e","n/e","n/e","n/e","n/e","n/e","n/e","1430","n/e","n/e","21","n/e","0","n/e","n/e","1046"
"BZN|SE1","13.02.2022 07:00 - 13.02.2022 08:00 (CET/CEST)","n/e","n/e","n/e","n/e","n/e","n/e","n/e","n/e","n/e","n/e","n/e","n/e","n/e","1446","n/e","n/e","21","n/e","0","n/e","n/e","1052"
"BZN|SE1","13.02.2022 08:00 - 13.02.2022 09:00 (CET/CEST)","n/e","n/e","n/e","n/e","n/e","n/e","n/e","n/e","n/e","n/e","n/e","n/e","n/e","1516","n/e","n/e","24","n/e","0","n/e","n/e","937"
"BZN|SE1","13.02.2022 09:00 - 13.02.2022 10:00 (CET/CEST)","n/e","n/e","n/e","n/e","n/e","n/e","n/e","n/e","n/e","n/e","n/e","n/e","n/e","1722","n/e","n/e","23","n/e","0","n/e","n/e","741"
"BZN|SE1","13.02.2022 10:00 - 13.02.2022 11:00 (CET/CEST)","n/e","n/e","n/e","n/e","n/e","n/e","n/e","n/e","n/e","n/e","n/e","n/e","n/e","2056","n/e","n/e","24","n/e","0","n/e","n/e","594"
"BZN|SE1","13.02.2022 11:00 - 13.02.2022 12:00 (CET/CEST)","n/e","n/e","n/e","n/e","n/e","n/e","n/e","n/e","n/e","n/e","n/e","n/e","n/e","2145","n/e","n/e","24","n/e","0","n/e","n/e","481"
"BZN|SE1","13.02.2022 12:00 - 13.02.2022 13:00 (CET/CEST)","n/e","n/e","n/e","n/e","n/e","n/e","n/e","n/e","n/e","n/e","n/e","n/e","n/e","2142","n/e","n/e","24","n/e","0","n/e","n/e","436"
"BZN|SE1","13.02.2022 13:00 - 13.02.2022 14:00 (CET/CEST)","n/e","n/e","n/e","n/e","n/e","n/e","n/e","n/e","n/e","n/e","n/e","n/e","n/e","2066","n/e","n/e","24","n/e","0","n/e","n/e","442"
"BZN|SE1","13.02.2022 14:00 - 13.02.2022 15:00 (CET/CEST)","n/e","n/e","n/e","n/e","n/e","n/e","n/e","n/e","n/e","n/e","n/e","n/e","n/e","1999","n/e","n/e","24","n/e","0","n/e","n/e","439"
"BZN|SE1","13.02.2022 15:00 - 13.02.2022 16:00 (CET/CEST)","n/e","n/e","n/e","n/e","n/e","n/e","n/e","n/e","n/e","n/e","n/e","n/e","n/e","2008","n/e","n/e","24","n/e","0","n/e","n/e","556"
"BZN|SE1","13.02.2022 16:00 - 13.02.2022 17:00 (CET/CEST)","n/e","n/e","n/e","n/e","n/e","n/e","n/e","n/e","n/e","n/e","n/e","n/e","n/e","2059","n/e","n/e","24","n/e","0","n/e","n/e","617"
"BZN|SE1","13.02.2022 17:00 - 13.02.2022 18:00 (CET/CEST)","n/e","n/e","n/e","n/e","n/e","n/e","n/e","n/e","n/e","n/e","n/e","n/e","n/e","2058","n/e","n/e","24","n/e","0","n/e","n/e","738"
"BZN|SE1","13.02.2022 18:00 - 13.02.2022 19:00 (CET/CEST)","n/e","n/e","n/e","n/e","n/e","n/e","n/e","n/e","n/e","n/e","n/e","n/e","n/e","2160","n/e","n/e","24","n/e","0","n/e","n/e","892"
"BZN|SE1","13.02.2022 19:00 - 13.02.2022 20:00 (CET/CEST)","n/e","n/e","n/e","n/e","n/e","n/e","n/e","n/e","n/e","n/e","n/e","n/e","n/e","2165","n/e","n/e","24","n/e","0","n/e","n/e","895"
"BZN|SE1","13.02.2022 20:00 - 13.02.2022 21:00 (CET/CEST)","n/e","n/e","n/e","n/e","n/e","n/e","n/e","n/e","n/e","n/e","n/e","n/e","n/e","2091","n/e","n/e","24","n/e","0","n/e","n/e","846"
"BZN|SE1","13.02.2022 21:00 - 13.02.2022 22:00 (CET/CEST)","n/e","n/e","n/e","n/e","n/e","n/e","n/e","n/e","n/e","n/e","n/e","n/e","n/e","2193","n/e","n/e","24","n/e","0","n/e","n/e","772"
"BZN|SE1","13.02.2022 22:00 - 13.02.2022 23:00 (CET/CEST)","n/e","n/e","n/e","n/e","n/e","n/e","n/e","n/e","n/e","n/e","n/e","n/e","n/e","2240","n/e","n/e","24","n/e","0","n/e","n/e","624"
"BZN|SE1","13.02.2022 23:00 - 14.02.2022 00:00 (CET/CEST)","n/e","n/e","n/e","n/e","n/e","n/e","n/e","n/e","n/e","n/e","n/e","n/e","n/e","1946","n/e","n/e","24","n/e","0","n/e","n/e","941"
"BZN|SE1","14.02.2022 00:00 - 14.02.2022 01:00 (CET/CEST)","n/e","n/e","n/e","n/e","n/e","n/e","n/e","n/e","n/e","n/e","n/e","n/e","n/e","2018","n/e","n/e","24","n/e","0","n/e","n/e","1010"
"BZN|SE1","14.02.2022 01:00 - 14.02.2022 02:00 (CET/CEST)","n/e","n/e","n/e","n/e","n/e","n/e","n/e","n/e","n/e","n/e","n/e","n/e","n/e","2022","n/e","n/e","24","n/e","0","n/e","n/e","1110"
"BZN|SE1","14.02.2022 02:00 - 14.02.2022 03:00 (CET/CEST)","n/e","n/e","n/e","n/e","n/e","n/e","n/e","n/e","n/e","n/e","n/e","n/e","n/e","1975","n/e","n/e","24","n/e","0","n/e","n/e","1087"
"BZN|SE1","14.02.2022 03:00 - 14.02.2022 04:00 (CET/CEST)","n/e","n/e","n/e","n/e","n/e","n/e","n/e","n/e","n/e","n/e","n/e","n/e","n/e","2152","n/e","n/e","24","n/e","0","n/e","n/e","1213"
"BZN|SE1","14.02.2022 04:00 - 14.02.2022 05:00 (CET/CEST)","n/e","n/e","n/e","n/e","n/e","n/e","n/e","n/e","n/e","n/e","n/e","n/e","n/e","2508","n/e","n/e","24","n/e","0","n/e","n/e","1174"
"BZN|SE1","14.02.2022 05:00 - 14.02.2022 06:00 (CET/CEST)","n/e","n/e","n/e","n/e","n/e","n/e","n/e","n/e","n/e","n/e","n/e","n/e","n/e","2808","n/e","n/e","26","n/e","0","n/e","n/e","1112"
"BZN|SE1","14.02.2022 06:00 - 14.02.2022 07:00 (CET/CEST)","n/e","n/e","n/e","n/e","n/e","n/e","n/e","n/e","n/e","n/e","n/e","n/e","n/e","3312","n/e","n/e","26","n/e","0","n/e","n/e","1060"
"BZN|SE1","14.02.2022 07:00 - 14.02.2022 08:00 (CET/CEST)","n/e","n/e","n/e","n/e","n/e","n/e","n/e","n/e","n/e","n/e","n/e","n/e","n/e","2976","n/e","n/e","28","n/e","0","n/e","n/e","1094"
"BZN|SE1","14.02.2022 08:00 - 14.02.2022 09:00 (CET/CEST)","n/e","n/e","n/e","n/e","n/e","n/e","n/e","n/e","n/e","n/e","n/e","n/e","n/e","3506","n/e","n/e","28","n/e","0","n/e","n/e","1038"
"BZN|SE1","14.02.2022 09:00 - 14.02.2022 10:00 (CET/CEST)","n/e","n/e","n/e","n/e","n/e","n/e","n/e","n/e","n/e","n/e","n/e","n/e","n/e","3605","n/e","n/e","28","n/e","0","n/e","n/e","887"
"BZN|SE1","14.02.2022 10:00 - 14.02.2022 11:00 (CET/CEST)","n/e","n/e","n/e","n/e","n/e","n/e","n/e","n/e","n/e","n/e","n/e","n/e","n/e","3637","n/e","n/e","28","n/e","0","n/e","n/e","677"
"BZN|SE1","14.02.2022 11:00 - 14.02.2022 12:00 (CET/CEST)","n/e","n/e","n/e","n/e","n/e","n/e","n/e","n/e","n/e","n/e","n/e","n/e","n/e","3597","n/e","n/e","28","n/e","0","n/e","n/e","448"
"BZN|SE1","14.02.2022 12:00 - 14.02.2022 13:00 (CET/CEST)","n/e","n/e","n/e","n/e","n/e","n/e","n/e","n/e","n/e","n/e","n/e","n/e","n/e","3615","n/e","n/e","28","n/e","0","n/e","n/e","367"
"BZN|SE1","14.02.2022 13:00 - 14.02.2022 14:00 (CET/CEST)","n/e","n/e","n/e","n/e","n/e","n/e","n/e","n/e","n/e","n/e","n/e","n/e","n/e","3622","n/e","n/e","28","n/e","0","n/e","n/e","317"
"BZN|SE1","14.02.2022 14:00 - 14.02.2022 15:00 (CET/CEST)","n/e","n/e","n/e","n/e","n/e","n/e","n/e","n/e","n/e","n/e","n/e","n/e","n/e","3562","n/e","n/e","28","n/e","0","n/e","n/e","329"
"BZN|SE1","14.02.2022 15:00 - 14.02.2022 16:00 (CET/CEST)","n/e","n/e","n/e","n/e","n/e","n/e","n/e","n/e","n/e","n/e","n/e","n/e","n/e","3461","n/e","n/e","28","n/e","0","n/e","n/e","353"
"BZN|SE1","14.02.2022 16:00 - 14.02.2022 17:00 (CET/CEST)","n/e","n/e","n/e","n/e","n/e","n/e","n/e","n/e","n/e","n/e","n/e","n/e","n/e","3434","n/e","n/e","28","n/e","0","n/e","n/e","349"
"BZN|SE1","14.02.2022 17:00 - 14.02.2022 18:00 (CET/CEST)","n/e","n/e","n/e","n/e","n/e","n/e","n/e","n/e","n/e","n/e","n/e","n/e","n/e","3360","n/e","n/e","28","n/e","0","n/e","n/e","348"
"BZN|SE1","14.02.2022 18:00 - 14.02.2022 19:00 (CET/CEST)","n/e","n/e","n/e","n/e","n/e","n/e","n/e","n/e","n/e","n/e","n/e","n/e","n/e","3439","n/e","n/e","28","n/e","0","n/e","n/e","395"
"BZN|SE1","14.02.2022 19:00 - 14.02.2022 20:00 (CET/CEST)","n/e","n/e","n/e","n/e","n/e","n/e","n/e","n/e","n/e","n/e","n/e","n/e","n/e","3435","n/e","n/e","28","n/e","0","n/e","n/e","400"
"BZN|SE1","14.02.2022 20:00 - 14.02.2022 21:00 (CET/CEST)","n/e","n/e","n/e","n/e","n/e","n/e","n/e","n/e","n/e","n/e","n/e","n/e","n/e","3364","n/e","n/e","28","n/e","0","n/e","n/e","490"
"BZN|SE1","14.02.2022 21:00 - 14.02.2022 22:00 (CET/CEST)","n/e","n/e","n/e","n/e","n/e","n/e","n/e","n/e","n/e","n/e","n/e","n/e","n/e","3350","n/e","n/e","28","n/e","0","n/e","n/e","521"
"BZN|SE1","14.02.2022 22:00 - 14.02.2022 23:00 (CET/CEST)","n/e","n/e","n/e","n/e","n/e","n/e","n/e","n/e","n/e","n/e","n/e","n/e","n/e","2900","n/e","n/e","25","n/e","0","n/e","n/e","570"
"BZN|SE1","14.02.2022 23:00 - 15.02.2022 00:00 (CET/CEST)","n/e","n/e","n/e","n/e","n/e","n/e","n/e","n/e","n/e","n/e","n/e","n/e","n/e","2743","n/e","n/e","22","n/e","0","n/e","n/e","565"
"BZN|SE1","15.02.2022 00:00 - 15.02.2022 01:00 (CET/CEST)","n/e","n/e","n/e","n/e","n/e","n/e","n/e","n/e","n/e","n/e","n/e","n/e","n/e","2921","n/e","n/e","18","n/e","0","n/e","n/e","552"
"BZN|SE1","15.02.2022 01:00 - 15.02.2022 02:00 (CET/CEST)","n/e","n/e","n/e","n/e","n/e","n/e","n/e","n/e","n/e","n/e","n/e","n/e","n/e","2599","n/e","n/e","18","n/e","0","n/e","n/e","548"
"BZN|SE1","15.02.2022 02:00 - 15.02.2022 03:00 (CET/CEST)","n/e","n/e","n/e","n/e","n/e","n/e","n/e","n/e","n/e","n/e","n/e","n/e","n/e","2456","n/e","n/e","18","n/e","0","n/e","n/e","525"
"BZN|SE1","15.02.2022 03:00 - 15.02.2022 04:00 (CET/CEST)","n/e","n/e","n/e","n/e","n/e","n/e","n/e","n/e","n/e","n/e","n/e","n/e","n/e","2587","n/e","n/e","18","n/e","0","n/e","n/e","537"
"BZN|SE1","15.02.2022 04:00 - 15.02.2022 05:00 (CET/CEST)","n/e","n/e","n/e","n/e","n/e","n/e","n/e","n/e","n/e","n/e","n/e","n/e","n/e","2487","n/e","n/e","18","n/e","0","n/e","n/e","533"
"BZN|SE1","15.02.2022 05:00 - 15.02.2022 06:00 (CET/CEST)","n/e","n/e","n/e","n/e","n/e","n/e","n/e","n/e","n/e","n/e","n/e","n/e","n/e","2563","n/e","n/e","18","n/e","0","n/e","n/e","564"
"BZN|SE1","15.02.2022 06:00 - 15.02.2022 07:00 (CET/CEST)","n/e","n/e","n/e","n/e","n/e","n/e","n/e","n/e","n/e","n/e","n/e","n/e","n/e","2909","n/e","n/e","18","n/e","0","n/e","n/e","610"
"BZN|SE1","15.02.2022 07:00 - 15.02.2022 08:00 (CET/CEST)","n/e","n/e","n/e","n/e","n/e","n/e","n/e","n/e","n/e","n/e","n/e","n/e","n/e","3012","n/e","n/e","17","n/e","0","n/e","n/e","573"
"BZN|SE1","15.02.2022 08:00 - 15.02.2022 09:00 (CET/CEST)","n/e","n/e","n/e","n/e","n/e","n/e","n/e","n/e","n/e","n/e","n/e","n/e","n/e","2978","n/e","n/e","18","n/e","0","n/e","n/e","544"
"BZN|SE1","15.02.2022 09:00 - 15.02.2022 10:00 (CET/CEST)","n/e","n/e","n/e","n/e","n/e","n/e","n/e","n/e","n/e","n/e","n/e","n/e","n/e","3000","n/e","n/e","18","n/e","0","n/e","n/e","565"
"BZN|SE1","15.02.2022 10:00 - 15.02.2022 11:00 (CET/CEST)","n/e","n/e","n/e","n/e","n/e","n/e","n/e","n/e","n/e","n/e","n/e","n/e","n/e","2986","n/e","n/e","18","n/e","0","n/e","n/e","590"
"BZN|SE1","15.02.2022 11:00 - 15.02.2022 12:00 (CET/CEST)","n/e","n/e","n/e","n/e","n/e","n/e","n/e","n/e","n/e","n/e","n/e","n/e","n/e","2961","n/e","n/e","18","n/e","0","n/e","n/e","577"
"BZN|SE1","15.02.2022 12:00 - 15.02.2022 13:00 (CET/CEST)","n/e","n/e","n/e","n/e","n/e","n/e","n/e","n/e","n/e","n/e","n/e","n/e","n/e","2933","n/e","n/e","18","n/e","0","n/e","n/e","556"
"BZN|SE1","15.02.2022 13:00 - 15.02.2022 14:00 (CET/CEST)","n/e","n/e","n/e","n/e","n/e","n/e","n/e","n/e","n/e","n/e","n/e","n/e","n/e","2760","n/e","n/e","19","n/e","0","n/e","n/e","612"
"BZN|SE1","15.02.2022 14:00 - 15.02.2022 15:00 (CET/CEST)","n/e","n/e","n/e","n/e","n/e","n/e","n/e","n/e","n/e","n/e","n/e","n/e","n/e","2636","n/e","n/e","19","n/e","0","n/e","n/e","689"
"BZN|SE1","15.02.2022 15:00 - 15.02.2022 16:00 (CET/CEST)","n/e","n/e","n/e","n/e","n/e","n/e","n/e","n/e","n/e","n/e","n/e","n/e","n/e","2519","n/e","n/e","19","n/e","0","n/e","n/e","686"
"BZN|SE1","15.02.2022 16:00 - 15.02.2022 17:00 (CET/CEST)","n/e","n/e","n/e","n/e","n/e","n/e","n/e","n/e","n/e","n/e","n/e","n/e","n/e","2549","n/e","n/e","19","n/e","0","n/e","n/e","761"
"BZN|SE1","15.02.2022 17:00 - 15.02.2022 18:00 (CET/CEST)","n/e","n/e","n/e","n/e","n/e","n/e","n/e","n/e","n/e","n/e","n/e","n/e","n/e","2597","n/e","n/e","19","n/e","0","n/e","n/e","774"
"BZN|SE1","15.02.2022 18:00 - 15.02.2022 19:00 (CET/CEST)","n/e","n/e","n/e","n/e","n/e","n/e","n/e","n/e","n/e","n/e","n/e","n/e","n/e","2615","n/e","n/e","19","n/e","0","n/e","n/e","862"
"BZN|SE1","15.02.2022 19:00 - 15.02.2022 20:00 (CET/CEST)","n/e","n/e","n/e","n/e","n/e","n/e","n/e","n/e","n/e","n/e","n/e","n/e","n/e","2611","n/e","n/e","19","n/e","0","n/e","n/e","945"
"BZN|SE1","15.02.2022 20:00 - 15.02.2022 21:00 (CET/CEST)","n/e","n/e","n/e","n/e","n/e","n/e","n/e","n/e","n/e","n/e","n/e","n/e","n/e","2595","n/e","n/e","19","n/e","0","n/e","n/e","988"
"BZN|SE1","15.02.2022 21:00 - 15.02.2022 22:00 (CET/CEST)","n/e","n/e","n/e","n/e","n/e","n/e","n/e","n/e","n/e","n/e","n/e","n/e","n/e","2728","n/e","n/e","18","n/e","0","n/e","n/e","1005"
"BZN|SE1","15.02.2022 22:00 - 15.02.2022 23:00 (CET/CEST)","n/e","n/e","n/e","n/e","n/e","n/e","n/e","n/e","n/e","n/e","n/e","n/e","n/e","2611","n/e","n/e","18","n/e","0","n/e","n/e","1070"
"BZN|SE1","15.02.2022 23:00 - 16.02.2022 00:00 (CET/CEST)","n/e","n/e","n/e","n/e","n/e","n/e","n/e","n/e","n/e","n/e","n/e","n/e","n/e","2609","n/e","n/e","18","n/e","0","n/e","n/e","1076"
"BZN|SE1","16.02.2022 00:00 - 16.02.2022 01:00 (CET/CEST)","n/e","n/e","n/e","n/e","n/e","n/e","n/e","n/e","n/e","n/e","n/e","n/e","n/e","2353","n/e","n/e","18","n/e","0","n/e","n/e","1063"
"BZN|SE1","16.02.2022 01:00 - 16.02.2022 02:00 (CET/CEST)","n/e","n/e","n/e","n/e","n/e","n/e","n/e","n/e","n/e","n/e","n/e","n/e","n/e","2429","n/e","n/e","17","n/e","0","n/e","n/e","1120"
"BZN|SE1","16.02.2022 02:00 - 16.02.2022 03:00 (CET/CEST)","n/e","n/e","n/e","n/e","n/e","n/e","n/e","n/e","n/e","n/e","n/e","n/e","n/e","2601","n/e","n/e","17","n/e","0","n/e","n/e","1129"
"BZN|SE1","16.02.2022 03:00 - 16.02.2022 04:00 (CET/CEST)","n/e","n/e","n/e","n/e","n/e","n/e","n/e","n/e","n/e","n/e","n/e","n/e","n/e","2978","n/e","n/e","17","n/e","0","n/e","n/e","1133"
"BZN|SE1","16.02.2022 04:00 - 16.02.2022 05:00 (CET/CEST)","n/e","n/e","n/e","n/e","n/e","n/e","n/e","n/e","n/e","n/e","n/e","n/e","n/e","3068","n/e","n/e","17","n/e","0","n/e","n/e","1210"
"BZN|SE1","16.02.2022 05:00 - 16.02.2022 06:00 (CET/CEST)","n/e","n/e","n/e","n/e","n/e","n/e","n/e","n/e","n/e","n/e","n/e","n/e","n/e","2740","n/e","n/e","17","n/e","0","n/e","n/e","1209"
"BZN|SE1","16.02.2022 06:00 - 16.02.2022 07:00 (CET/CEST)","n/e","n/e","n/e","n/e","n/e","n/e","n/e","n/e","n/e","n/e","n/e","n/e","n/e","3031","n/e","n/e","17","n/e","0","n/e","n/e","1112"
"BZN|SE1","16.02.2022 07:00 - 16.02.2022 08:00 (CET/CEST)","n/e","n/e","n/e","n/e","n/e","n/e","n/e","n/e","n/e","n/e","n/e","n/e","n/e","3094","n/e","n/e","17","n/e","0","n/e","n/e","1083"
"BZN|SE1","16.02.2022 08:00 - 16.02.2022 09:00 (CET/CEST)","n/e","n/e","n/e","n/e","n/e","n/e","n/e","n/e","n/e","n/e","n/e","n/e","n/e","3318","n/e","n/e","17","n/e","0","n/e","n/e","1011"
"BZN|SE1","16.02.2022 09:00 - 16.02.2022 10:00 (CET/CEST)","n/e","n/e","n/e","n/e","n/e","n/e","n/e","n/e","n/e","n/e","n/e","n/e","n/e","3377","n/e","n/e","17","n/e","0","n/e","n/e","996"
"BZN|SE1","16.02.2022 10:00 - 16.02.2022 11:00 (CET/CEST)","n/e","n/e","n/e","n/e","n/e","n/e","n/e","n/e","n/e","n/e","n/e","n/e","n/e","3391","n/e","n/e","18","n/e","0","n/e","n/e","854"
"BZN|SE1","16.02.2022 11:00 - 16.02.2022 12:00 (CET/CEST)","n/e","n/e","n/e","n/e","n/e","n/e","n/e","n/e","n/e","n/e","n/e","n/e","n/e","3384","n/e","n/e","18","n/e","0","n/e","n/e","748"
"BZN|SE1","16.02.2022 12:00 - 16.02.2022 13:00 (CET/CEST)","n/e","n/e","n/e","n/e","n/e","n/e","n/e","n/e","n/e","n/e","n/e","n/e","n/e","3405","n/e","n/e","18","n/e","0","n/e","n/e","710"
"BZN|SE1","16.02.2022 13:00 - 16.02.2022 14:00 (CET/CEST)","n/e","n/e","n/e","n/e","n/e","n/e","n/e","n/e","n/e","n/e","n/e","n/e","n/e","3249","n/e","n/e","18","n/e","0","n/e","n/e","689"
"BZN|SE1","16.02.2022 14:00 - 16.02.2022 15:00 (CET/CEST)","n/e","n/e","n/e","n/e","n/e","n/e","n/e","n/e","n/e","n/e","n/e","n/e","n/e","3120","n/e","n/e","18","n/e","0","n/e","n/e","731"
"BZN|SE1","16.02.2022 15:00 - 16.02.2022 16:00 (CET/CEST)","n/e","n/e","n/e","n/e","n/e","n/e","n/e","n/e","n/e","n/e","n/e","n/e","n/e","2967","n/e","n/e","19","n/e","0","n/e","n/e","787"
"BZN|SE1","16.02.2022 16:00 - 16.02.2022 17:00 (CET/CEST)","n/e","n/e","n/e","n/e","n/e","n/e","n/e","n/e","n/e","n/e","n/e","n/e","n/e","2783","n/e","n/e","18","n/e","0","n/e","n/e","790"
"BZN|SE1","16.02.2022 17:00 - 16.02.2022 18:00 (CET/CEST)","n/e","n/e","n/e","n/e","n/e","n/e","n/e","n/e","n/e","n/e","n/e","n/e","n/e","2898","n/e","n/e","18","n/e","0","n/e","n/e","739"
"BZN|SE1","16.02.2022 18:00 - 16.02.2022 19:00 (CET/CEST)","n/e","n/e","n/e","n/e","n/e","n/e","n/e","n/e","n/e","n/e","n/e","n/e","n/e","2885","n/e","n/e","18","n/e","0","n/e","n/e","727"
"BZN|SE1","16.02.2022 19:00 - 16.02.2022 20:00 (CET/CEST)","n/e","n/e","n/e","n/e","n/e","n/e","n/e","n/e","n/e","n/e","n/e","n/e","n/e","2774","n/e","n/e","18","n/e","0","n/e","n/e","726"
"BZN|SE1","16.02.2022 20:00 - 16.02.2022 21:00 (CET/CEST)","n/e","n/e","n/e","n/e","n/e","n/e","n/e","n/e","n/e","n/e","n/e","n/e","n/e","2640","n/e","n/e","18","n/e","0","n/e","n/e","821"
"BZN|SE1","16.02.2022 21:00 - 16.02.2022 22:00 (CET/CEST)","n/e","n/e","n/e","n/e","n/e","n/e","n/e","n/e","n/e","n/e","n/e","n/e","n/e","2658","n/e","n/e","17","n/e","0","n/e","n/e","836"
"BZN|SE1","16.02.2022 22:00 - 16.02.2022 23:00 (CET/CEST)","n/e","n/e","n/e","n/e","n/e","n/e","n/e","n/e","n/e","n/e","n/e","n/e","n/e","2424","n/e","n/e","18","n/e","0","n/e","n/e","910"
"BZN|SE1","16.02.2022 23:00 - 17.02.2022 00:00 (CET/CEST)","n/e","n/e","n/e","n/e","n/e","n/e","n/e","n/e","n/e","n/e","n/e","n/e","n/e","2323","n/e","n/e","18","n/e","0","n/e","n/e","923"
"BZN|SE1","17.02.2022 00:00 - 17.02.2022 01:00 (CET/CEST)","n/e","n/e","n/e","n/e","n/e","n/e","n/e","n/e","n/e","n/e","n/e","n/e","n/e","2623","n/e","n/e","18","n/e","0","n/e","n/e","936"
"BZN|SE1","17.02.2022 01:00 - 17.02.2022 02:00 (CET/CEST)","n/e","n/e","n/e","n/e","n/e","n/e","n/e","n/e","n/e","n/e","n/e","n/e","n/e","2625","n/e","n/e","17","n/e","0","n/e","n/e","962"
"BZN|SE1","17.02.2022 02:00 - 17.02.2022 03:00 (CET/CEST)","n/e","n/e","n/e","n/e","n/e","n/e","n/e","n/e","n/e","n/e","n/e","n/e","n/e","2604","n/e","n/e","17","n/e","0","n/e","n/e","920"
"BZN|SE1","17.02.2022 03:00 - 17.02.2022 04:00 (CET/CEST)","n/e","n/e","n/e","n/e","n/e","n/e","n/e","n/e","n/e","n/e","n/e","n/e","n/e","2522","n/e","n/e","18","n/e","0","n/e","n/e","909"
"BZN|SE1","17.02.2022 04:00 - 17.02.2022 05:00 (CET/CEST)","n/e","n/e","n/e","n/e","n/e","n/e","n/e","n/e","n/e","n/e","n/e","n/e","n/e","2704","n/e","n/e","17","n/e","0","n/e","n/e","942"
"BZN|SE1","17.02.2022 05:00 - 17.02.2022 06:00 (CET/CEST)","n/e","n/e","n/e","n/e","n/e","n/e","n/e","n/e","n/e","n/e","n/e","n/e","n/e","2784","n/e","n/e","18","n/e","0","n/e","n/e","946"
"BZN|SE1","17.02.2022 06:00 - 17.02.2022 07:00 (CET/CEST)","n/e","n/e","n/e","n/e","n/e","n/e","n/e","n/e","n/e","n/e","n/e","n/e","n/e","3062","n/e","n/e","17","n/e","0","n/e","n/e","979"
"BZN|SE1","17.02.2022 07:00 - 17.02.2022 08:00 (CET/CEST)","n/e","n/e","n/e","n/e","n/e","n/e","n/e","n/e","n/e","n/e","n/e","n/e","n/e","3075","n/e","n/e","17","n/e","0","n/e","n/e","1012"
"BZN|SE1","17.02.2022 08:00 - 17.02.2022 09:00 (CET/CEST)","n/e","n/e","n/e","n/e","n/e","n/e","n/e","n/e","n/e","n/e","n/e","n/e","n/e","2946","n/e","n/e","18","n/e","0","n/e","n/e","1051"
"BZN|SE1","17.02.2022 09:00 - 17.02.2022 10:00 (CET/CEST)","n/e","n/e","n/e","n/e","n/e","n/e","n/e","n/e","n/e","n/e","n/e","n/e","n/e","3195","n/e","n/e","17","n/e","0","n/e","n/e","1080"
"BZN|SE1","17.02.2022 10:00 - 17.02.2022 11:00 (CET/CEST)","n/e","n/e","n/e","n/e","n/e","n/e","n/e","n/e","n/e","n/e","n/e","n/e","n/e","3233","n/e","n/e","18","n/e","0","n/e","n/e","1044"
"BZN|SE1","17.02.2022 11:00 - 17.02.2022 12:00 (CET/CEST)","n/e","n/e","n/e","n/e","n/e","n/e","n/e","n/e","n/e","n/e","n/e","n/e","n/e","3236","n/e","n/e","18","n/e","0","n/e","n/e","985"
"BZN|SE1","17.02.2022 12:00 - 17.02.2022 13:00 (CET/CEST)","n/e","n/e","n/e","n/e","n/e","n/e","n/e","n/e","n/e","n/e","n/e","n/e","n/e","3046","n/e","n/e","18","n/e","0","n/e","n/e","963"
"BZN|SE1","17.02.2022 13:00 - 17.02.2022 14:00 (CET/CEST)","n/e","n/e","n/e","n/e","n/e","n/e","n/e","n/e","n/e","n/e","n/e","n/e","n/e","2931","n/e","n/e","18","n/e","0","n/e","n/e","949"
"BZN|SE1","17.02.2022 14:00 - 17.02.2022 15:00 (CET/CEST)","n/e","n/e","n/e","n/e","n/e","n/e","n/e","n/e","n/e","n/e","n/e","n/e","n/e","2868","n/e","n/e","18","n/e","0","n/e","n/e","956"
"BZN|SE1","17.02.2022 15:00 - 17.02.2022 16:00 (CET/CEST)","n/e","n/e","n/e","n/e","n/e","n/e","n/e","n/e","n/e","n/e","n/e","n/e","n/e","2778","n/e","n/e","19","n/e","0","n/e","n/e","979"
"BZN|SE1","17.02.2022 16:00 - 17.02.2022 17:00 (CET/CEST)","n/e","n/e","n/e","n/e","n/e","n/e","n/e","n/e","n/e","n/e","n/e","n/e","n/e","2751","n/e","n/e","18","n/e","0","n/e","n/e","1022"
"BZN|SE1","17.02.2022 17:00 - 17.02.2022 18:00 (CET/CEST)","n/e","n/e","n/e","n/e","n/e","n/e","n/e","n/e","n/e","n/e","n/e","n/e","n/e","2730","n/e","n/e","18","n/e","0","n/e","n/e","1065"
"BZN|SE1","17.02.2022 18:00 - 17.02.2022 19:00 (CET/CEST)","n/e","n/e","n/e","n/e","n/e","n/e","n/e","n/e","n/e","n/e","n/e","n/e","n/e","2652","n/e","n/e","18","n/e","0","n/e","n/e","1109"
"BZN|SE1","17.02.2022 19:00 - 17.02.2022 20:00 (CET/CEST)","n/e","n/e","n/e","n/e","n/e","n/e","n/e","n/e","n/e","n/e","n/e","n/e","n/e","2648","n/e","n/e","18","n/e","0","n/e","n/e","1198"
"BZN|SE1","17.02.2022 20:00 - 17.02.2022 21:00 (CET/CEST)","n/e","n/e","n/e","n/e","n/e","n/e","n/e","n/e","n/e","n/e","n/e","n/e","n/e","2645","n/e","n/e","18","n/e","0","n/e","n/e","1227"
"BZN|SE1","17.02.2022 21:00 - 17.02.2022 22:00 (CET/CEST)","n/e","n/e","n/e","n/e","n/e","n/e","n/e","n/e","n/e","n/e","n/e","n/e","n/e","2564","n/e","n/e","17","n/e","0","n/e","n/e","1195"
"BZN|SE1","17.02.2022 22:00 - 17.02.2022 23:00 (CET/CEST)","n/e","n/e","n/e","n/e","n/e","n/e","n/e","n/e","n/e","n/e","n/e","n/e","n/e","2274","n/e","n/e","17","n/e","0","n/e","n/e","1243"
"BZN|SE1","17.02.2022 23:00 - 18.02.2022 00:00 (CET/CEST)","n/e","n/e","n/e","n/e","n/e","n/e","n/e","n/e","n/e","n/e","n/e","n/e","n/e","2224","n/e","n/e","17","n/e","0","n/e","n/e","1330"
"BZN|SE1","18.02.2022 00:00 - 18.02.2022 01:00 (CET/CEST)","n/e","n/e","n/e","n/e","n/e","n/e","n/e","n/e","n/e","n/e","n/e","n/e","n/e","1667","n/e","n/e","17","n/e","0","n/e","n/e","1356"
"BZN|SE1","18.02.2022 01:00 - 18.02.2022 02:00 (CET/CEST)","n/e","n/e","n/e","n/e","n/e","n/e","n/e","n/e","n/e","n/e","n/e","n/e","n/e","1426","n/e","n/e","17","n/e","0","n/e","n/e","1403"
"BZN|SE1","18.02.2022 02:00 - 18.02.2022 03:00 (CET/CEST)","n/e","n/e","n/e","n/e","n/e","n/e","n/e","n/e","n/e","n/e","n/e","n/e","n/e","1426","n/e","n/e","17","n/e","0","n/e","n/e","1414"
"BZN|SE1","18.02.2022 03:00 - 18.02.2022 04:00 (CET/CEST)","n/e","n/e","n/e","n/e","n/e","n/e","n/e","n/e","n/e","n/e","n/e","n/e","n/e","1413","n/e","n/e","17","n/e","0","n/e","n/e","1436"
"BZN|SE1","18.02.2022 04:00 - 18.02.2022 05:00 (CET/CEST)","n/e","n/e","n/e","n/e","n/e","n/e","n/e","n/e","n/e","n/e","n/e","n/e","n/e","1633","n/e","n/e","17","n/e","0","n/e","n/e","1411"
"BZN|SE1","18.02.2022 05:00 - 18.02.2022 06:00 (CET/CEST)","n/e","n/e","n/e","n/e","n/e","n/e","n/e","n/e","n/e","n/e","n/e","n/e","n/e","1820","n/e","n/e","17","n/e","0","n/e","n/e","1421"
"BZN|SE1","18.02.2022 06:00 - 18.02.2022 07:00 (CET/CEST)","n/e","n/e","n/e","n/e","n/e","n/e","n/e","n/e","n/e","n/e","n/e","n/e","n/e","2227","n/e","n/e","17","n/e","0","n/e","n/e","1421"
"BZN|SE1","18.02.2022 07:00 - 18.02.2022 08:00 (CET/CEST)","n/e","n/e","n/e","n/e","n/e","n/e","n/e","n/e","n/e","n/e","n/e","n/e","n/e","2403","n/e","n/e","17","n/e","0","n/e","n/e","1386"
"BZN|SE1","18.02.2022 08:00 - 18.02.2022 09:00 (CET/CEST)","n/e","n/e","n/e","n/e","n/e","n/e","n/e","n/e","n/e","n/e","n/e","n/e","n/e","2403","n/e","n/e","17","n/e","0","n/e","n/e","1379"
"BZN|SE1","18.02.2022 09:00 - 18.02.2022 10:00 (CET/CEST)","n/e","n/e","n/e","n/e","n/e","n/e","n/e","n/e","n/e","n/e","n/e","n/e","n/e","2360","n/e","n/e","17","n/e","0","n/e","n/e","1360"
"BZN|SE1","18.02.2022 10:00 - 18.02.2022 11:00 (CET/CEST)","n/e","n/e","n/e","n/e","n/e","n/e","n/e","n/e","n/e","n/e","n/e","n/e","n/e","2358","n/e","n/e","17","n/e","0","n/e","n/e","1304"
"BZN|SE1","18.02.2022 11:00 - 18.02.2022 12:00 (CET/CEST)","n/e","n/e","n/e","n/e","n/e","n/e","n/e","n/e","n/e","n/e","n/e","n/e","n/e","2448","n/e","n/e","17","n/e","0","n/e","n/e","1250"
"BZN|SE1","18.02.2022 12:00 - 18.02.2022 13:00 (CET/CEST)","n/e","n/e","n/e","n/e","n/e","n/e","n/e","n/e","n/e","n/e","n/e","n/e","n/e","2562","n/e","n/e","17","n/e","0","n/e","n/e","1242"
"BZN|SE1","18.02.2022 13:00 - 18.02.2022 14:00 (CET/CEST)","n/e","n/e","n/e","n/e","n/e","n/e","n/e","n/e","n/e","n/e","n/e","n/e","n/e","2633","n/e","n/e","17","n/e","0","n/e","n/e","1236"
"BZN|SE1","18.02.2022 14:00 - 18.02.2022 15:00 (CET/CEST)","n/e","n/e","n/e","n/e","n/e","n/e","n/e","n/e","n/e","n/e","n/e","n/e","n/e","2632","n/e","n/e","17","n/e","0","n/e","n/e","1263"
"BZN|SE1","18.02.2022 15:00 - 18.02.2022 16:00 (CET/CEST)","n/e","n/e","n/e","n/e","n/e","n/e","n/e","n/e","n/e","n/e","n/e","n/e","n/e","2543","n/e","n/e","17","n/e","0","n/e","n/e","1198"
"BZN|SE1","18.02.2022 16:00 - 18.02.2022 17:00 (CET/CEST)","n/e","n/e","n/e","n/e","n/e","n/e","n/e","n/e","n/e","n/e","n/e","n/e","n/e","2558","n/e","n/e","17","n/e","0","n/e","n/e","1208"
"BZN|SE1","18.02.2022 17:00 - 18.02.2022 18:00 (CET/CEST)","n/e","n/e","n/e","n/e","n/e","n/e","n/e","n/e","n/e","n/e","n/e","n/e","n/e","2556","n/e","n/e","18","n/e","0","n/e","n/e","1177"
"BZN|SE1","18.02.2022 18:00 - 18.02.2022 19:00 (CET/CEST)","n/e","n/e","n/e","n/e","n/e","n/e","n/e","n/e","n/e","n/e","n/e","n/e","n/e","2587","n/e","n/e","17","n/e","0","n/e","n/e","1148"
"BZN|SE1","18.02.2022 19:00 - 18.02.2022 20:00 (CET/CEST)","n/e","n/e","n/e","n/e","n/e","n/e","n/e","n/e","n/e","n/e","n/e","n/e","n/e","2745","n/e","n/e","19","n/e","0","n/e","n/e","1113"
"BZN|SE1","18.02.2022 20:00 - 18.02.2022 21:00 (CET/CEST)","n/e","n/e","n/e","n/e","n/e","n/e","n/e","n/e","n/e","n/e","n/e","n/e","n/e","2769","n/e","n/e","19","n/e","0","n/e","n/e","1062"
"BZN|SE1","18.02.2022 21:00 - 18.02.2022 22:00 (CET/CEST)","n/e","n/e","n/e","n/e","n/e","n/e","n/e","n/e","n/e","n/e","n/e","n/e","n/e","2871","n/e","n/e","19","n/e","0","n/e","n/e","1054"
"BZN|SE1","18.02.2022 22:00 - 18.02.2022 23:00 (CET/CEST)","n/e","n/e","n/e","n/e","n/e","n/e","n/e","n/e","n/e","n/e","n/e","n/e","n/e","2873","n/e","n/e","19","n/e","0","n/e","n/e","963"
"BZN|SE1","18.02.2022 23:00 - 19.02.2022 00:00 (CET/CEST)","n/e","n/e","n/e","n/e","n/e","n/e","n/e","n/e","n/e","n/e","n/e","n/e","n/e","2868","n/e","n/e","19","n/e","0","n/e","n/e","991"
"BZN|SE1","19.02.2022 00:00 - 19.02.2022 01:00 (CET/CEST)","n/e","n/e","n/e","n/e","n/e","n/e","n/e","n/e","n/e","n/e","n/e","n/e","n/e","3320","n/e","n/e","19","n/e","0","n/e","n/e","974"
"BZN|SE1","19.02.2022 01:00 - 19.02.2022 02:00 (CET/CEST)","n/e","n/e","n/e","n/e","n/e","n/e","n/e","n/e","n/e","n/e","n/e","n/e","n/e","3427","n/e","n/e","19","n/e","0","n/e","n/e","949"
"BZN|SE1","19.02.2022 02:00 - 19.02.2022 03:00 (CET/CEST)","n/e","n/e","n/e","n/e","n/e","n/e","n/e","n/e","n/e","n/e","n/e","n/e","n/e","3260","n/e","n/e","19","n/e","0","n/e","n/e","945"
"BZN|SE1","19.02.2022 03:00 - 19.02.2022 04:00 (CET/CEST)","n/e","n/e","n/e","n/e","n/e","n/e","n/e","n/e","n/e","n/e","n/e","n/e","n/e","3011","n/e","n/e","19","n/e","0","n/e","n/e","926"
"BZN|SE1","19.02.2022 04:00 - 19.02.2022 05:00 (CET/CEST)","n/e","n/e","n/e","n/e","n/e","n/e","n/e","n/e","n/e","n/e","n/e","n/e","n/e","2198","n/e","n/e","19","n/e","0","n/e","n/e","917"
"BZN|SE1","19.02.2022 05:00 - 19.02.2022 06:00 (CET/CEST)","n/e","n/e","n/e","n/e","n/e","n/e","n/e","n/e","n/e","n/e","n/e","n/e","n/e","2346","n/e","n/e","19","n/e","0","n/e","n/e","912"
"BZN|SE1","19.02.2022 06:00 - 19.02.2022 07:00 (CET/CEST)","n/e","n/e","n/e","n/e","n/e","n/e","n/e","n/e","n/e","n/e","n/e","n/e","n/e","2459","n/e","n/e","19","n/e","0","n/e","n/e","914"
"BZN|SE1","19.02.2022 07:00 - 19.02.2022 08:00 (CET/CEST)","n/e","n/e","n/e","n/e","n/e","n/e","n/e","n/e","n/e","n/e","n/e","n/e","n/e","2700","n/e","n/e","19","n/e","0","n/e","n/e","855"
"BZN|SE1","19.02.2022 08:00 - 19.02.2022 09:00 (CET/CEST)","n/e","n/e","n/e","n/e","n/e","n/e","n/e","n/e","n/e","n/e","n/e","n/e","n/e","3105","n/e","n/e","19","n/e","0","n/e","n/e","852"
"BZN|SE1","19.02.2022 09:00 - 19.02.2022 10:00 (CET/CEST)","n/e","n/e","n/e","n/e","n/e","n/e","n/e","n/e","n/e","n/e","n/e","n/e","n/e","3195","n/e","n/e","19","n/e","0","n/e","n/e","789"
"BZN|SE1","19.02.2022 10:00 - 19.02.2022 11:00 (CET/CEST)","n/e","n/e","n/e","n/e","n/e","n/e","n/e","n/e","n/e","n/e","n/e","n/e","n/e","3205","n/e","n/e","18","n/e","0","n/e","n/e","747"
"BZN|SE1","19.02.2022 11:00 - 19.02.2022 12:00 (CET/CEST)","n/e","n/e","n/e","n/e","n/e","n/e","n/e","n/e","n/e","n/e","n/e","n/e","n/e","3193","n/e","n/e","18","n/e","0","n/e","n/e","706"
"BZN|SE1","19.02.2022 12:00 - 19.02.2022 13:00 (CET/CEST)","n/e","n/e","n/e","n/e","n/e","n/e","n/e","n/e","n/e","n/e","n/e","n/e","n/e","3324","n/e","n/e","17","n/e","0","n/e","n/e","615"
"BZN|SE1","19.02.2022 13:00 - 19.02.2022 14:00 (CET/CEST)","n/e","n/e","n/e","n/e","n/e","n/e","n/e","n/e","n/e","n/e","n/e","n/e","n/e","3291","n/e","n/e","19","n/e","0","n/e","n/e","604"
"BZN|SE1","19.02.2022 14:00 - 19.02.2022 15:00 (CET/CEST)","n/e","n/e","n/e","n/e","n/e","n/e","n/e","n/e","n/e","n/e","n/e","n/e","n/e","2751","n/e","n/e","19","n/e","0","n/e","n/e","599"
"BZN|SE1","19.02.2022 15:00 - 19.02.2022 16:00 (CET/CEST)","n/e","n/e","n/e","n/e","n/e","n/e","n/e","n/e","n/e","n/e","n/e","n/e","n/e","2608","n/e","n/e","19","n/e","0","n/e","n/e","630"
"BZN|SE1","19.02.2022 16:00 - 19.02.2022 17:00 (CET/CEST)","n/e","n/e","n/e","n/e","n/e","n/e","n/e","n/e","n/e","n/e","n/e","n/e","n/e","2947","n/e","n/e","19","n/e","0","n/e","n/e","649"
"BZN|SE1","19.02.2022 17:00 - 19.02.2022 18:00 (CET/CEST)","n/e","n/e","n/e","n/e","n/e","n/e","n/e","n/e","n/e","n/e","n/e","n/e","n/e","2867","n/e","n/e","19","n/e","0","n/e","n/e","624"
"BZN|SE1","19.02.2022 18:00 - 19.02.2022 19:00 (CET/CEST)","n/e","n/e","n/e","n/e","n/e","n/e","n/e","n/e","n/e","n/e","n/e","n/e","n/e","2679","n/e","n/e","19","n/e","0","n/e","n/e","624"
"BZN|SE1","19.02.2022 19:00 - 19.02.2022 20:00 (CET/CEST)","n/e","n/e","n/e","n/e","n/e","n/e","n/e","n/e","n/e","n/e","n/e","n/e","n/e","2640","n/e","n/e","19","n/e","0","n/e","n/e","592"
"BZN|SE1","19.02.2022 20:00 - 19.02.2022 21:00 (CET/CEST)","n/e","n/e","n/e","n/e","n/e","n/e","n/e","n/e","n/e","n/e","n/e","n/e","n/e","2604","n/e","n/e","19","n/e","0","n/e","n/e","550"
"BZN|SE1","19.02.2022 21:00 - 19.02.2022 22:00 (CET/CEST)","n/e","n/e","n/e","n/e","n/e","n/e","n/e","n/e","n/e","n/e","n/e","n/e","n/e","2607","n/e","n/e","19","n/e","0","n/e","n/e","485"
"BZN|SE1","19.02.2022 22:00 - 19.02.2022 23:00 (CET/CEST)","n/e","n/e","n/e","n/e","n/e","n/e","n/e","n/e","n/e","n/e","n/e","n/e","n/e","2607","n/e","n/e","19","n/e","0","n/e","n/e","440"
"BZN|SE1","19.02.2022 23:00 - 20.02.2022 00:00 (CET/CEST)","n/e","n/e","n/e","n/e","n/e","n/e","n/e","n/e","n/e","n/e","n/e","n/e","n/e","2601","n/e","n/e","19","n/e","0","n/e","n/e","446"
"BZN|SE1","20.02.2022 00:00 - 20.02.2022 01:00 (CET/CEST)","n/e","n/e","n/e","n/e","n/e","n/e","n/e","n/e","n/e","n/e","n/e","n/e","n/e","2820","n/e","n/e","19","n/e","0","n/e","n/e","439"
"BZN|SE1","20.02.2022 01:00 - 20.02.2022 02:00 (CET/CEST)","n/e","n/e","n/e","n/e","n/e","n/e","n/e","n/e","n/e","n/e","n/e","n/e","n/e","3036","n/e","n/e","19","n/e","0","n/e","n/e","379"
"BZN|SE1","20.02.2022 02:00 - 20.02.2022 03:00 (CET/CEST)","n/e","n/e","n/e","n/e","n/e","n/e","n/e","n/e","n/e","n/e","n/e","n/e","n/e","3253","n/e","n/e","19","n/e","0","n/e","n/e","346"
"BZN|SE1","20.02.2022 03:00 - 20.02.2022 04:00 (CET/CEST)","n/e","n/e","n/e","n/e","n/e","n/e","n/e","n/e","n/e","n/e","n/e","n/e","n/e","3449","n/e","n/e","19","n/e","0","n/e","n/e","295"
"BZN|SE1","20.02.2022 04:00 - 20.02.2022 05:00 (CET/CEST)","n/e","n/e","n/e","n/e","n/e","n/e","n/e","n/e","n/e","n/e","n/e","n/e","n/e","3517","n/e","n/e","19","n/e","0","n/e","n/e","296"
"BZN|SE1","20.02.2022 05:00 - 20.02.2022 06:00 (CET/CEST)","n/e","n/e","n/e","n/e","n/e","n/e","n/e","n/e","n/e","n/e","n/e","n/e","n/e","3631","n/e","n/e","19","n/e","0","n/e","n/e","271"
"BZN|SE1","20.02.2022 06:00 - 20.02.2022 07:00 (CET/CEST)","n/e","n/e","n/e","n/e","n/e","n/e","n/e","n/e","n/e","n/e","n/e","n/e","n/e","3477","n/e","n/e","19","n/e","0","n/e","n/e","252"
"BZN|SE1","20.02.2022 07:00 - 20.02.2022 08:00 (CET/CEST)","n/e","n/e","n/e","n/e","n/e","n/e","n/e","n/e","n/e","n/e","n/e","n/e","n/e","3377","n/e","n/e","19","n/e","0","n/e","n/e","194"
"BZN|SE1","20.02.2022 08:00 - 20.02.2022 09:00 (CET/CEST)","n/e","n/e","n/e","n/e","n/e","n/e","n/e","n/e","n/e","n/e","n/e","n/e","n/e","3371","n/e","n/e","19","n/e","0","n/e","n/e","179"
"BZN|SE1","20.02.2022 09:00 - 20.02.2022 10:00 (CET/CEST)","n/e","n/e","n/e","n/e","n/e","n/e","n/e","n/e","n/e","n/e","n/e","n/e","n/e","3393","n/e","n/e","18","n/e","0","n/e","n/e","155"
"BZN|SE1","20.02.2022 10:00 - 20.02.2022 11:00 (CET/CEST)","n/e","n/e","n/e","n/e","n/e","n/e","n/e","n/e","n/e","n/e","n/e","n/e","n/e","3477","n/e","n/e","19","n/e","0","n/e","n/e","128"
"BZN|SE1","20.02.2022 11:00 - 20.02.2022 12:00 (CET/CEST)","n/e","n/e","n/e","n/e","n/e","n/e","n/e","n/e","n/e","n/e","n/e","n/e","n/e","3600","n/e","n/e","19","n/e","0","n/e","n/e","80"
"BZN|SE1","20.02.2022 12:00 - 20.02.2022 13:00 (CET/CEST)","n/e","n/e","n/e","n/e","n/e","n/e","n/e","n/e","n/e","n/e","n/e","n/e","n/e","3708","n/e","n/e","19","n/e","0","n/e","n/e","52"
"BZN|SE1","20.02.2022 13:00 - 20.02.2022 14:00 (CET/CEST)","n/e","n/e","n/e","n/e","n/e","n/e","n/e","n/e","n/e","n/e","n/e","n/e","n/e","3803","n/e","n/e","19","n/e","0","n/e","n/e","38"
"BZN|SE1","20.02.2022 14:00 - 20.02.2022 15:00 (CET/CEST)","n/e","n/e","n/e","n/e","n/e","n/e","n/e","n/e","n/e","n/e","n/e","n/e","n/e","3860","n/e","n/e","19","n/e","0","n/e","n/e","34"
"BZN|SE1","20.02.2022 15:00 - 20.02.2022 16:00 (CET/CEST)","n/e","n/e","n/e","n/e","n/e","n/e","n/e","n/e","n/e","n/e","n/e","n/e","n/e","3867","n/e","n/e","19","n/e","0","n/e","n/e","44"
"BZN|SE1","20.02.2022 16:00 - 20.02.2022 17:00 (CET/CEST)","n/e","n/e","n/e","n/e","n/e","n/e","n/e","n/e","n/e","n/e","n/e","n/e","n/e","3827","n/e","n/e","19","n/e","0","n/e","n/e","66"
"BZN|SE1","20.02.2022 17:00 - 20.02.2022 18:00 (CET/CEST)","n/e","n/e","n/e","n/e","n/e","n/e","n/e","n/e","n/e","n/e","n/e","n/e","n/e","3823","n/e","n/e","19","n/e","0","n/e","n/e","87"
"BZN|SE1","20.02.2022 18:00 - 20.02.2022 19:00 (CET/CEST)","n/e","n/e","n/e","n/e","n/e","n/e","n/e","n/e","n/e","n/e","n/e","n/e","n/e","3669","n/e","n/e","19","n/e","0","n/e","n/e","104"
"BZN|SE1","20.02.2022 19:00 - 20.02.2022 20:00 (CET/CEST)","n/e","n/e","n/e","n/e","n/e","n/e","n/e","n/e","n/e","n/e","n/e","n/e","n/e","3575","n/e","n/e","19","n/e","0","n/e","n/e","88"
"BZN|SE1","20.02.2022 20:00 - 20.02.2022 21:00 (CET/CEST)","n/e","n/e","n/e","n/e","n/e","n/e","n/e","n/e","n/e","n/e","n/e","n/e","n/e","3526","n/e","n/e","19","n/e","0","n/e","n/e","67"
"BZN|SE1","20.02.2022 21:00 - 20.02.2022 22:00 (CET/CEST)","n/e","n/e","n/e","n/e","n/e","n/e","n/e","n/e","n/e","n/e","n/e","n/e","n/e","3266","n/e","n/e","19","n/e","0","n/e","n/e","69"
"BZN|SE1","20.02.2022 22:00 - 20.02.2022 23:00 (CET/CEST)","n/e","n/e","n/e","n/e","n/e","n/e","n/e","n/e","n/e","n/e","n/e","n/e","n/e","3249","n/e","n/e","20","n/e","0","n/e","n/e","69"
"BZN|SE1","20.02.2022 23:00 - 21.02.2022 00:00 (CET/CEST)","n/e","n/e","n/e","n/e","n/e","n/e","n/e","n/e","n/e","n/e","n/e","n/e","n/e","2884","n/e","n/e","20","n/e","0","n/e","n/e","72"
"BZN|SE1","21.02.2022 00:00 - 21.02.2022 01:00 (CET/CEST)","n/e","n/e","n/e","n/e","n/e","n/e","n/e","n/e","n/e","n/e","n/e","n/e","n/e","1834","n/e","n/e","19","n/e","0","n/e","n/e","70"
"BZN|SE1","21.02.2022 01:00 - 21.02.2022 02:00 (CET/CEST)","n/e","n/e","n/e","n/e","n/e","n/e","n/e","n/e","n/e","n/e","n/e","n/e","n/e","1650","n/e","n/e","19","n/e","0","n/e","n/e","76"
"BZN|SE1","21.02.2022 02:00 - 21.02.2022 03:00 (CET/CEST)","n/e","n/e","n/e","n/e","n/e","n/e","n/e","n/e","n/e","n/e","n/e","n/e","n/e","1536","n/e","n/e","19","n/e","0","n/e","n/e","78"
"BZN|SE1","21.02.2022 03:00 - 21.02.2022 04:00 (CET/CEST)","n/e","n/e","n/e","n/e","n/e","n/e","n/e","n/e","n/e","n/e","n/e","n/e","n/e","1478","n/e","n/e","19","n/e","0","n/e","n/e","80"
"BZN|SE1","21.02.2022 04:00 - 21.02.2022 05:00 (CET/CEST)","n/e","n/e","n/e","n/e","n/e","n/e","n/e","n/e","n/e","n/e","n/e","n/e","n/e","1478","n/e","n/e","19","n/e","0","n/e","n/e","97"
"BZN|SE1","21.02.2022 05:00 - 21.02.2022 06:00 (CET/CEST)","n/e","n/e","n/e","n/e","n/e","n/e","n/e","n/e","n/e","n/e","n/e","n/e","n/e","2152","n/e","n/e","19","n/e","0","n/e","n/e","107"
"BZN|SE1","21.02.2022 06:00 - 21.02.2022 07:00 (CET/CEST)","n/e","n/e","n/e","n/e","n/e","n/e","n/e","n/e","n/e","n/e","n/e","n/e","n/e","3170","n/e","n/e","19","n/e","0","n/e","n/e","119"
"BZN|SE1","21.02.2022 07:00 - 21.02.2022 08:00 (CET/CEST)","n/e","n/e","n/e","n/e","n/e","n/e","n/e","n/e","n/e","n/e","n/e","n/e","n/e","3007","n/e","n/e","19","n/e","0","n/e","n/e","144"
"BZN|SE1","21.02.2022 08:00 - 21.02.2022 09:00 (CET/CEST)","n/e","n/e","n/e","n/e","n/e","n/e","n/e","n/e","n/e","n/e","n/e","n/e","n/e","3020","n/e","n/e","19","n/e","0","n/e","n/e","132"
"BZN|SE1","21.02.2022 09:00 - 21.02.2022 10:00 (CET/CEST)","n/e","n/e","n/e","n/e","n/e","n/e","n/e","n/e","n/e","n/e","n/e","n/e","n/e","3010","n/e","n/e","19","n/e","0","n/e","n/e","78"
"BZN|SE1","21.02.2022 10:00 - 21.02.2022 11:00 (CET/CEST)","n/e","n/e","n/e","n/e","n/e","n/e","n/e","n/e","n/e","n/e","n/e","n/e","n/e","3088","n/e","n/e","19","n/e","0","n/e","n/e","58"
"BZN|SE1","21.02.2022 11:00 - 21.02.2022 12:00 (CET/CEST)","n/e","n/e","n/e","n/e","n/e","n/e","n/e","n/e","n/e","n/e","n/e","n/e","n/e","3148","n/e","n/e","19","n/e","0","n/e","n/e","43"
"BZN|SE1","21.02.2022 12:00 - 21.02.2022 13:00 (CET/CEST)","n/e","n/e","n/e","n/e","n/e","n/e","n/e","n/e","n/e","n/e","n/e","n/e","n/e","3237","n/e","n/e","19","n/e","0","n/e","n/e","49"
"BZN|SE1","21.02.2022 13:00 - 21.02.2022 14:00 (CET/CEST)","n/e","n/e","n/e","n/e","n/e","n/e","n/e","n/e","n/e","n/e","n/e","n/e","n/e","3221","n/e","n/e","19","n/e","0","n/e","n/e","62"
"BZN|SE1","21.02.2022 14:00 - 21.02.2022 15:00 (CET/CEST)","n/e","n/e","n/e","n/e","n/e","n/e","n/e","n/e","n/e","n/e","n/e","n/e","n/e","3215","n/e","n/e","19","n/e","0","n/e","n/e","80"
"BZN|SE1","21.02.2022 15:00 - 21.02.2022 16:00 (CET/CEST)","n/e","n/e","n/e","n/e","n/e","n/e","n/e","n/e","n/e","n/e","n/e","n/e","n/e","2938","n/e","n/e","19","n/e","0","n/e","n/e","96"
"BZN|SE1","21.02.2022 16:00 - 21.02.2022 17:00 (CET/CEST)","n/e","n/e","n/e","n/e","n/e","n/e","n/e","n/e","n/e","n/e","n/e","n/e","n/e","3246","n/e","n/e","19","n/e","0","n/e","n/e","131"
"BZN|SE1","21.02.2022 17:00 - 21.02.2022 18:00 (CET/CEST)","n/e","n/e","n/e","n/e","n/e","n/e","n/e","n/e","n/e","n/e","n/e","n/e","n/e","3391","n/e","n/e","19","n/e","0","n/e","n/e","197"
"BZN|SE1","21.02.2022 18:00 - 21.02.2022 19:00 (CET/CEST)","n/e","n/e","n/e","n/e","n/e","n/e","n/e","n/e","n/e","n/e","n/e","n/e","n/e","3438","n/e","n/e","18","n/e","0","n/e","n/e","241"
"BZN|SE1","21.02.2022 19:00 - 21.02.2022 20:00 (CET/CEST)","n/e","n/e","n/e","n/e","n/e","n/e","n/e","n/e","n/e","n/e","n/e","n/e","n/e","3416","n/e","n/e","17","n/e","0","n/e","n/e","302"
"BZN|SE1","21.02.2022 20:00 - 21.02.2022 21:00 (CET/CEST)","n/e","n/e","n/e","n/e","n/e","n/e","n/e","n/e","n/e","n/e","n/e","n/e","n/e","3441","n/e","n/e","17","n/e","0","n/e","n/e","321"
"BZN|SE1","21.02.2022 21:00 - 21.02.2022 22:00 (CET/CEST)","n/e","n/e","n/e","n/e","n/e","n/e","n/e","n/e","n/e","n/e","n/e","n/e","n/e","3487","n/e","n/e","17","n/e","0","n/e","n/e","298"
"BZN|SE1","21.02.2022 22:00 - 21.02.2022 23:00 (CET/CEST)","n/e","n/e","n/e","n/e","n/e","n/e","n/e","n/e","n/e","n/e","n/e","n/e","n/e","3394","n/e","n/e","17","n/e","0","n/e","n/e","279"
"BZN|SE1","21.02.2022 23:00 - 22.02.2022 00:00 (CET/CEST)","n/e","n/e","n/e","n/e","n/e","n/e","n/e","n/e","n/e","n/e","n/e","n/e","n/e","3268","n/e","n/e","22","n/e","0","n/e","n/e","259"
"BZN|SE1","22.02.2022 00:00 - 22.02.2022 01:00 (CET/CEST)","n/e","n/e","n/e","n/e","n/e","n/e","n/e","n/e","n/e","n/e","n/e","n/e","n/e","3519","n/e","n/e","28","n/e","0","n/e","n/e","248"
"BZN|SE1","22.02.2022 01:00 - 22.02.2022 02:00 (CET/CEST)","n/e","n/e","n/e","n/e","n/e","n/e","n/e","n/e","n/e","n/e","n/e","n/e","n/e","3516","n/e","n/e","33","n/e","0","n/e","n/e","240"
"BZN|SE1","22.02.2022 02:00 - 22.02.2022 03:00 (CET/CEST)","n/e","n/e","n/e","n/e","n/e","n/e","n/e","n/e","n/e","n/e","n/e","n/e","n/e","3513","n/e","n/e","33","n/e","0","n/e","n/e","315"
"BZN|SE1","22.02.2022 03:00 - 22.02.2022 04:00 (CET/CEST)","n/e","n/e","n/e","n/e","n/e","n/e","n/e","n/e","n/e","n/e","n/e","n/e","n/e","3514","n/e","n/e","38","n/e","0","n/e","n/e","372"
"BZN|SE1","22.02.2022 04:00 - 22.02.2022 05:00 (CET/CEST)","n/e","n/e","n/e","n/e","n/e","n/e","n/e","n/e","n/e","n/e","n/e","n/e","n/e","3515","n/e","n/e","38","n/e","0","n/e","n/e","371"
"BZN|SE1","22.02.2022 05:00 - 22.02.2022 06:00 (CET/CEST)","n/e","n/e","n/e","n/e","n/e","n/e","n/e","n/e","n/e","n/e","n/e","n/e","n/e","3452","n/e","n/e","38","n/e","0","n/e","n/e","399"
"BZN|SE1","22.02.2022 06:00 - 22.02.2022 07:00 (CET/CEST)","n/e","n/e","n/e","n/e","n/e","n/e","n/e","n/e","n/e","n/e","n/e","n/e","n/e","3639","n/e","n/e","38","n/e","0","n/e","n/e","410"
"BZN|SE1","22.02.2022 07:00 - 22.02.2022 08:00 (CET/CEST)","n/e","n/e","n/e","n/e","n/e","n/e","n/e","n/e","n/e","n/e","n/e","n/e","n/e","3592","n/e","n/e","37","n/e","0","n/e","n/e","421"
"BZN|SE1","22.02.2022 08:00 - 22.02.2022 09:00 (CET/CEST)","n/e","n/e","n/e","n/e","n/e","n/e","n/e","n/e","n/e","n/e","n/e","n/e","n/e","3781","n/e","n/e","37","n/e","0","n/e","n/e","350"
"BZN|SE1","22.02.2022 09:00 - 22.02.2022 10:00 (CET/CEST)","n/e","n/e","n/e","n/e","n/e","n/e","n/e","n/e","n/e","n/e","n/e","n/e","n/e","3738","n/e","n/e","35","n/e","0","n/e","n/e","261"
"BZN|SE1","22.02.2022 10:00 - 22.02.2022 11:00 (CET/CEST)","n/e","n/e","n/e","n/e","n/e","n/e","n/e","n/e","n/e","n/e","n/e","n/e","n/e","4236","n/e","n/e","35","n/e","0","n/e","n/e","183"
"BZN|SE1","22.02.2022 11:00 - 22.02.2022 12:00 (CET/CEST)","n/e","n/e","n/e","n/e","n/e","n/e","n/e","n/e","n/e","n/e","n/e","n/e","n/e","4280","n/e","n/e","34","n/e","0","n/e","n/e","118"
"BZN|SE1","22.02.2022 12:00 - 22.02.2022 13:00 (CET/CEST)","n/e","n/e","n/e","n/e","n/e","n/e","n/e","n/e","n/e","n/e","n/e","n/e","n/e","4284","n/e","n/e","35","n/e","0","n/e","n/e","83"
"BZN|SE1","22.02.2022 13:00 - 22.02.2022 14:00 (CET/CEST)","n/e","n/e","n/e","n/e","n/e","n/e","n/e","n/e","n/e","n/e","n/e","n/e","n/e","4280","n/e","n/e","36","n/e","0","n/e","n/e","72"
"BZN|SE1","22.02.2022 14:00 - 22.02.2022 15:00 (CET/CEST)","n/e","n/e","n/e","n/e","n/e","n/e","n/e","n/e","n/e","n/e","n/e","n/e","n/e","4296","n/e","n/e","36","n/e","0","n/e","n/e","82"
"BZN|SE1","22.02.2022 15:00 - 22.02.2022 16:00 (CET/CEST)","n/e","n/e","n/e","n/e","n/e","n/e","n/e","n/e","n/e","n/e","n/e","n/e","n/e","4286","n/e","n/e","39","n/e","0","n/e","n/e","93"
"BZN|SE1","22.02.2022 16:00 - 22.02.2022 17:00 (CET/CEST)","n/e","n/e","n/e","n/e","n/e","n/e","n/e","n/e","n/e","n/e","n/e","n/e","n/e","4284","n/e","n/e","39","n/e","0","n/e","n/e","119"
"BZN|SE1","22.02.2022 17:00 - 22.02.2022 18:00 (CET/CEST)","n/e","n/e","n/e","n/e","n/e","n/e","n/e","n/e","n/e","n/e","n/e","n/e","n/e","4310","n/e","n/e","39","n/e","0","n/e","n/e","132"
"BZN|SE1","22.02.2022 18:00 - 22.02.2022 19:00 (CET/CEST)","n/e","n/e","n/e","n/e","n/e","n/e","n/e","n/e","n/e","n/e","n/e","n/e","n/e","4256","n/e","n/e","39","n/e","0","n/e","n/e","134"
"BZN|SE1","22.02.2022 19:00 - 22.02.2022 20:00 (CET/CEST)","n/e","n/e","n/e","n/e","n/e","n/e","n/e","n/e","n/e","n/e","n/e","n/e","n/e","4163","n/e","n/e","40","n/e","0","n/e","n/e","104"
"BZN|SE1","22.02.2022 20:00 - 22.02.2022 21:00 (CET/CEST)","n/e","n/e","n/e","n/e","n/e","n/e","n/e","n/e","n/e","n/e","n/e","n/e","n/e","4183","n/e","n/e","40","n/e","0","n/e","n/e","58"
"BZN|SE1","22.02.2022 21:00 - 22.02.2022 22:00 (CET/CEST)","n/e","n/e","n/e","n/e","n/e","n/e","n/e","n/e","n/e","n/e","n/e","n/e","n/e","4072","n/e","n/e","39","n/e","0","n/e","n/e","14"
"BZN|SE1","22.02.2022 22:00 - 22.02.2022 23:00 (CET/CEST)","n/e","n/e","n/e","n/e","n/e","n/e","n/e","n/e","n/e","n/e","n/e","n/e","n/e","3896","n/e","n/e","40","n/e","0","n/e","n/e","10"
"BZN|SE1","22.02.2022 23:00 - 23.02.2022 00:00 (CET/CEST)","n/e","n/e","n/e","n/e","n/e","n/e","n/e","n/e","n/e","n/e","n/e","n/e","n/e","3752","n/e","n/e","40","n/e","0","n/e","n/e","13"
"BZN|SE1","23.02.2022 00:00 - 23.02.2022 01:00 (CET/CEST)","n/e","n/e","n/e","n/e","n/e","n/e","n/e","n/e","n/e","n/e","n/e","n/e","n/e","3420","n/e","n/e","34","n/e","0","n/e","n/e","13"
"BZN|SE1","23.02.2022 01:00 - 23.02.2022 02:00 (CET/CEST)","n/e","n/e","n/e","n/e","n/e","n/e","n/e","n/e","n/e","n/e","n/e","n/e","n/e","3331","n/e","n/e","27","n/e","0","n/e","n/e","20"
"BZN|SE1","23.02.2022 02:00 - 23.02.2022 03:00 (CET/CEST)","n/e","n/e","n/e","n/e","n/e","n/e","n/e","n/e","n/e","n/e","n/e","n/e","n/e","3276","n/e","n/e","21","n/e","0","n/e","n/e","33"
"BZN|SE1","23.02.2022 03:00 - 23.02.2022 04:00 (CET/CEST)","n/e","n/e","n/e","n/e","n/e","n/e","n/e","n/e","n/e","n/e","n/e","n/e","n/e","3242","n/e","n/e","20","n/e","0","n/e","n/e","52"
"BZN|SE1","23.02.2022 04:00 - 23.02.2022 05:00 (CET/CEST)","n/e","n/e","n/e","n/e","n/e","n/e","n/e","n/e","n/e","n/e","n/e","n/e","n/e","3273","n/e","n/e","19","n/e","0","n/e","n/e","88"
"BZN|SE1","23.02.2022 05:00 - 23.02.2022 06:00 (CET/CEST)","n/e","n/e","n/e","n/e","n/e","n/e","n/e","n/e","n/e","n/e","n/e","n/e","n/e","3257","n/e","n/e","20","n/e","0","n/e","n/e","156"
"BZN|SE1","23.02.2022 06:00 - 23.02.2022 07:00 (CET/CEST)","n/e","n/e","n/e","n/e","n/e","n/e","n/e","n/e","n/e","n/e","n/e","n/e","n/e","3706","n/e","n/e","19","n/e","0","n/e","n/e","238"
"BZN|SE1","23.02.2022 07:00 - 23.02.2022 08:00 (CET/CEST)","n/e","n/e","n/e","n/e","n/e","n/e","n/e","n/e","n/e","n/e","n/e","n/e","n/e","3676","n/e","n/e","19","n/e","0","n/e","n/e","350"
"BZN|SE1","23.02.2022 08:00 - 23.02.2022 09:00 (CET/CEST)","n/e","n/e","n/e","n/e","n/e","n/e","n/e","n/e","n/e","n/e","n/e","n/e","n/e","3738","n/e","n/e","19","n/e","0","n/e","n/e","380"
"BZN|SE1","23.02.2022 09:00 - 23.02.2022 10:00 (CET/CEST)","n/e","n/e","n/e","n/e","n/e","n/e","n/e","n/e","n/e","n/e","n/e","n/e","n/e","3704","n/e","n/e","19","n/e","0","n/e","n/e","430"
"BZN|SE1","23.02.2022 10:00 - 23.02.2022 11:00 (CET/CEST)","n/e","n/e","n/e","n/e","n/e","n/e","n/e","n/e","n/e","n/e","n/e","n/e","n/e","3690","n/e","n/e","19","n/e","0","n/e","n/e","484"
"BZN|SE1","23.02.2022 11:00 - 23.02.2022 12:00 (CET/CEST)","n/e","n/e","n/e","n/e","n/e","n/e","n/e","n/e","n/e","n/e","n/e","n/e","n/e","3725","n/e","n/e","19","n/e","0","n/e","n/e","644"
"BZN|SE1","23.02.2022 12:00 - 23.02.2022 13:00 (CET/CEST)","n/e","n/e","n/e","n/e","n/e","n/e","n/e","n/e","n/e","n/e","n/e","n/e","n/e","3733","n/e","n/e","19","n/e","0","n/e","n/e","740"
"BZN|SE1","23.02.2022 13:00 - 23.02.2022 14:00 (CET/CEST)","n/e","n/e","n/e","n/e","n/e","n/e","n/e","n/e","n/e","n/e","n/e","n/e","n/e","3679","n/e","n/e","19","n/e","0","n/e","n/e","873"
"BZN|SE1","23.02.2022 14:00 - 23.02.2022 15:00 (CET/CEST)","n/e","n/e","n/e","n/e","n/e","n/e","n/e","n/e","n/e","n/e","n/e","n/e","n/e","3247","n/e","n/e","19","n/e","0","n/e","n/e","971"
"BZN|SE1","23.02.2022 15:00 - 23.02.2022 16:00 (CET/CEST)","n/e","n/e","n/e","n/e","n/e","n/e","n/e","n/e","n/e","n/e","n/e","n/e","n/e","2794","n/e","n/e","20","n/e","0","n/e","n/e","1093"
"BZN|SE1","23.02.2022 16:00 - 23.02.2022 17:00 (CET/CEST)","n/e","n/e","n/e","n/e","n/e","n/e","n/e","n/e","n/e","n/e","n/e","n/e","n/e","2551","n/e","n/e","20","n/e","0","n/e","n/e","1089"
"BZN|SE1","23.02.2022 17:00 - 23.02.2022 18:00 (CET/CEST)","n/e","n/e","n/e","n/e","n/e","n/e","n/e","n/e","n/e","n/e","n/e","n/e","n/e","2254","n/e","n/e","20","n/e","0","n/e","n/e","1079"
"BZN|SE1","23.02.2022 18:00 - 23.02.2022 19:00 (CET/CEST)","n/e","n/e","n/e","n/e","n/e","n/e","n/e","n/e","n/e","n/e","n/e","n/e","n/e","2110","n/e","n/e","20","n/e","0","n/e","n/e","1013"
"BZN|SE1","23.02.2022 19:00 - 23.02.2022 20:00 (CET/CEST)","n/e","n/e","n/e","n/e","n/e","n/e","n/e","n/e","n/e","n/e","n/e","n/e","n/e","1878","n/e","n/e","20","n/e","0","n/e","n/e","1039"
"BZN|SE1","23.02.2022 20:00 - 23.02.2022 21:00 (CET/CEST)","n/e","n/e","n/e","n/e","n/e","n/e","n/e","n/e","n/e","n/e","n/e","n/e","n/e","1729","n/e","n/e","20","n/e","0","n/e","n/e","1234"
"BZN|SE1","23.02.2022 21:00 - 23.02.2022 22:00 (CET/CEST)","n/e","n/e","n/e","n/e","n/e","n/e","n/e","n/e","n/e","n/e","n/e","n/e","n/e","1662","n/e","n/e","20","n/e","0","n/e","n/e","1337"
"BZN|SE1","23.02.2022 22:00 - 23.02.2022 23:00 (CET/CEST)","n/e","n/e","n/e","n/e","n/e","n/e","n/e","n/e","n/e","n/e","n/e","n/e","n/e","1425","n/e","n/e","20","n/e","0","n/e","n/e","1307"
"BZN|SE1","23.02.2022 23:00 - 24.02.2022 00:00 (CET/CEST)","n/e","n/e","n/e","n/e","n/e","n/e","n/e","n/e","n/e","n/e","n/e","n/e","n/e","1400","n/e","n/e","20","n/e","0","n/e","n/e","1270"
"BZN|SE1","24.02.2022 00:00 - 24.02.2022 01:00 (CET/CEST)","n/e","n/e","n/e","n/e","n/e","n/e","n/e","n/e","n/e","n/e","n/e","n/e","n/e","1335","n/e","n/e","19","n/e","0","n/e","n/e","1314"
"BZN|SE1","24.02.2022 01:00 - 24.02.2022 02:00 (CET/CEST)","n/e","n/e","n/e","n/e","n/e","n/e","n/e","n/e","n/e","n/e","n/e","n/e","n/e","1267","n/e","n/e","19","n/e","0","n/e","n/e","1266"
"BZN|SE1","24.02.2022 02:00 - 24.02.2022 03:00 (CET/CEST)","n/e","n/e","n/e","n/e","n/e","n/e","n/e","n/e","n/e","n/e","n/e","n/e","n/e","1253","n/e","n/e","19","n/e","0","n/e","n/e","1146"
"BZN|SE1","24.02.2022 03:00 - 24.02.2022 04:00 (CET/CEST)","n/e","n/e","n/e","n/e","n/e","n/e","n/e","n/e","n/e","n/e","n/e","n/e","n/e","1253","n/e","n/e","19","n/e","0","n/e","n/e","1119"
"BZN|SE1","24.02.2022 04:00 - 24.02.2022 05:00 (CET/CEST)","n/e","n/e","n/e","n/e","n/e","n/e","n/e","n/e","n/e","n/e","n/e","n/e","n/e","1356","n/e","n/e","19","n/e","0","n/e","n/e","1021"
"BZN|SE1","24.02.2022 05:00 - 24.02.2022 06:00 (CET/CEST)","n/e","n/e","n/e","n/e","n/e","n/e","n/e","n/e","n/e","n/e","n/e","n/e","n/e","1873","n/e","n/e","19","n/e","0","n/e","n/e","970"
"BZN|SE1","24.02.2022 06:00 - 24.02.2022 07:00 (CET/CEST)","n/e","n/e","n/e","n/e","n/e","n/e","n/e","n/e","n/e","n/e","n/e","n/e","n/e","2289","n/e","n/e","19","n/e","0","n/e","n/e","937"
"BZN|SE1","24.02.2022 07:00 - 24.02.2022 08:00 (CET/CEST)","n/e","n/e","n/e","n/e","n/e","n/e","n/e","n/e","n/e","n/e","n/e","n/e","n/e","2516","n/e","n/e","19","n/e","0","n/e","n/e","783"
"BZN|SE1","24.02.2022 08:00 - 24.02.2022 09:00 (CET/CEST)","n/e","n/e","n/e","n/e","n/e","n/e","n/e","n/e","n/e","n/e","n/e","n/e","n/e","2554","n/e","n/e","19","n/e","0","n/e","n/e","657"
"BZN|SE1","24.02.2022 09:00 - 24.02.2022 10:00 (CET/CEST)","n/e","n/e","n/e","n/e","n/e","n/e","n/e","n/e","n/e","n/e","n/e","n/e","n/e","2576","n/e","n/e","19","n/e","0","n/e","n/e","640"
"BZN|SE1","24.02.2022 10:00 - 24.02.2022 11:00 (CET/CEST)","n/e","n/e","n/e","n/e","n/e","n/e","n/e","n/e","n/e","n/e","n/e","n/e","n/e","2560","n/e","n/e","19","n/e","0","n/e","n/e","694"
"BZN|SE1","24.02.2022 11:00 - 24.02.2022 12:00 (CET/CEST)","n/e","n/e","n/e","n/e","n/e","n/e","n/e","n/e","n/e","n/e","n/e","n/e","n/e","2434","n/e","n/e","19","n/e","0","n/e","n/e","881"
"BZN|SE1","24.02.2022 12:00 - 24.02.2022 13:00 (CET/CEST)","n/e","n/e","n/e","n/e","n/e","n/e","n/e","n/e","n/e","n/e","n/e","n/e","n/e","2317","n/e","n/e","20","n/e","0","n/e","n/e","1058"
"BZN|SE1","24.02.2022 13:00 - 24.02.2022 14:00 (CET/CEST)","n/e","n/e","n/e","n/e","n/e","n/e","n/e","n/e","n/e","n/e","n/e","n/e","n/e","2266","n/e","n/e","19","n/e","0","n/e","n/e","1173"
"BZN|SE1","24.02.2022 14:00 - 24.02.2022 15:00 (CET/CEST)","n/e","n/e","n/e","n/e","n/e","n/e","n/e","n/e","n/e","n/e","n/e","n/e","n/e","2275","n/e","n/e","20","n/e","0","n/e","n/e","1428"
"BZN|SE1","24.02.2022 15:00 - 24.02.2022 16:00 (CET/CEST)","n/e","n/e","n/e","n/e","n/e","n/e","n/e","n/e","n/e","n/e","n/e","n/e","n/e","2227","n/e","n/e","20","n/e","0","n/e","n/e","1589"
"BZN|SE1","24.02.2022 16:00 - 24.02.2022 17:00 (CET/CEST)","n/e","n/e","n/e","n/e","n/e","n/e","n/e","n/e","n/e","n/e","n/e","n/e","n/e","2165","n/e","n/e","20","n/e","0","n/e","n/e","1634"
"BZN|SE1","24.02.2022 17:00 - 24.02.2022 18:00 (CET/CEST)","n/e","n/e","n/e","n/e","n/e","n/e","n/e","n/e","n/e","n/e","n/e","n/e","n/e","2160","n/e","n/e","20","n/e","0","n/e","n/e","1702"
"BZN|SE1","24.02.2022 18:00 - 24.02.2022 19:00 (CET/CEST)","n/e","n/e","n/e","n/e","n/e","n/e","n/e","n/e","n/e","n/e","n/e","n/e","n/e","2210","n/e","n/e","20","n/e","0","n/e","n/e","1678"
"BZN|SE1","24.02.2022 19:00 - 24.02.2022 20:00 (CET/CEST)","n/e","n/e","n/e","n/e","n/e","n/e","n/e","n/e","n/e","n/e","n/e","n/e","n/e","2204","n/e","n/e","20","n/e","0","n/e","n/e","1696"
"BZN|SE1","24.02.2022 20:00 - 24.02.2022 21:00 (CET/CEST)","n/e","n/e","n/e","n/e","n/e","n/e","n/e","n/e","n/e","n/e","n/e","n/e","n/e","2192","n/e","n/e","20","n/e","0","n/e","n/e","1654"
"BZN|SE1","24.02.2022 21:00 - 24.02.2022 22:00 (CET/CEST)","n/e","n/e","n/e","n/e","n/e","n/e","n/e","n/e","n/e","n/e","n/e","n/e","n/e","2193","n/e","n/e","20","n/e","0","n/e","n/e","1636"
"BZN|SE1","24.02.2022 22:00 - 24.02.2022 23:00 (CET/CEST)","n/e","n/e","n/e","n/e","n/e","n/e","n/e","n/e","n/e","n/e","n/e","n/e","n/e","2118","n/e","n/e","20","n/e","0","n/e","n/e","1589"
"BZN|SE1","24.02.2022 23:00 - 25.02.2022 00:00 (CET/CEST)","n/e","n/e","n/e","n/e","n/e","n/e","n/e","n/e","n/e","n/e","n/e","n/e","n/e","2137","n/e","n/e","35","n/e","0","n/e","n/e","1514"
"BZN|SE1","25.02.2022 00:00 - 25.02.2022 01:00 (CET/CEST)","n/e","n/e","n/e","n/e","n/e","n/e","n/e","n/e","n/e","n/e","n/e","n/e","n/e","2368","n/e","n/e","30","n/e","0","n/e","n/e","1470"
"BZN|SE1","25.02.2022 01:00 - 25.02.2022 02:00 (CET/CEST)","n/e","n/e","n/e","n/e","n/e","n/e","n/e","n/e","n/e","n/e","n/e","n/e","n/e","2576","n/e","n/e","30","n/e","0","n/e","n/e","1411"
"BZN|SE1","25.02.2022 02:00 - 25.02.2022 03:00 (CET/CEST)","n/e","n/e","n/e","n/e","n/e","n/e","n/e","n/e","n/e","n/e","n/e","n/e","n/e","2673","n/e","n/e","30","n/e","0","n/e","n/e","1407"
"BZN|SE1","25.02.2022 03:00 - 25.02.2022 04:00 (CET/CEST)","n/e","n/e","n/e","n/e","n/e","n/e","n/e","n/e","n/e","n/e","n/e","n/e","n/e","2715","n/e","n/e","30","n/e","0","n/e","n/e","1338"
"BZN|SE1","25.02.2022 04:00 - 25.02.2022 05:00 (CET/CEST)","n/e","n/e","n/e","n/e","n/e","n/e","n/e","n/e","n/e","n/e","n/e","n/e","n/e","2807","n/e","n/e","30","n/e","0","n/e","n/e","1356"
"BZN|SE1","25.02.2022 05:00 - 25.02.2022 06:00 (CET/CEST)","n/e","n/e","n/e","n/e","n/e","n/e","n/e","n/e","n/e","n/e","n/e","n/e","n/e","2777","n/e","n/e","30","n/e","0","n/e","n/e","1363"
"BZN|SE1","25.02.2022 06:00 - 25.02.2022 07:00 (CET/CEST)","n/e","n/e","n/e","n/e","n/e","n/e","n/e","n/e","n/e","n/e","n/e","n/e","n/e","2899","n/e","n/e","30","n/e","0","n/e","n/e","1299"
"BZN|SE1","25.02.2022 07:00 - 25.02.2022 08:00 (CET/CEST)","n/e","n/e","n/e","n/e","n/e","n/e","n/e","n/e","n/e","n/e","n/e","n/e","n/e","2904","n/e","n/e","30","n/e","0","n/e","n/e","1262"
"BZN|SE1","25.02.2022 08:00 - 25.02.2022 09:00 (CET/CEST)","n/e","n/e","n/e","n/e","n/e","n/e","n/e","n/e","n/e","n/e","n/e","n/e","n/e","2898","n/e","n/e","30","n/e","0","n/e","n/e","1194"
"BZN|SE1","25.02.2022 09:00 - 25.02.2022 10:00 (CET/CEST)","n/e","n/e","n/e","n/e","n/e","n/e","n/e","n/e","n/e","n/e","n/e","n/e","n/e","2805","n/e","n/e","30","n/e","0","n/e","n/e","1069"
"BZN|SE1","25.02.2022 10:00 - 25.02.2022 11:00 (CET/CEST)","n/e","n/e","n/e","n/e","n/e","n/e","n/e","n/e","n/e","n/e","n/e","n/e","n/e","2736","n/e","n/e","30","n/e","0","n/e","n/e","1066"
"BZN|SE1","25.02.2022 11:00 - 25.02.2022 12:00 (CET/CEST)","n/e","n/e","n/e","n/e","n/e","n/e","n/e","n/e","n/e","n/e","n/e","n/e","n/e","2711","n/e","n/e","30","n/e","0","n/e","n/e","1124"
"BZN|SE1","25.02.2022 12:00 - 25.02.2022 13:00 (CET/CEST)","n/e","n/e","n/e","n/e","n/e","n/e","n/e","n/e","n/e","n/e","n/e","n/e","n/e","2666","n/e","n/e","30","n/e","0","n/e","n/e","1097"
"BZN|SE1","25.02.2022 13:00 - 25.02.2022 14:00 (CET/CEST)","n/e","n/e","n/e","n/e","n/e","n/e","n/e","n/e","n/e","n/e","n/e","n/e","n/e","2513","n/e","n/e","30","n/e","0","n/e","n/e","1076"
"BZN|SE1","25.02.2022 14:00 - 25.02.2022 15:00 (CET/CEST)","n/e","n/e","n/e","n/e","n/e","n/e","n/e","n/e","n/e","n/e","n/e","n/e","n/e","2368","n/e","n/e","30","n/e","0","n/e","n/e","1123"
"BZN|SE1","25.02.2022 15:00 - 25.02.2022 16:00 (CET/CEST)","n/e","n/e","n/e","n/e","n/e","n/e","n/e","n/e","n/e","n/e","n/e","n/e","n/e","2395","n/e","n/e","30","n/e","0","n/e","n/e","1181"
"BZN|SE1","25.02.2022 16:00 - 25.02.2022 17:00 (CET/CEST)","n/e","n/e","n/e","n/e","n/e","n/e","n/e","n/e","n/e","n/e","n/e","n/e","n/e","2317","n/e","n/e","30","n/e","0","n/e","n/e","1200"
"BZN|SE1","25.02.2022 17:00 - 25.02.2022 18:00 (CET/CEST)","n/e","n/e","n/e","n/e","n/e","n/e","n/e","n/e","n/e","n/e","n/e","n/e","n/e","2354","n/e","n/e","30","n/e","0","n/e","n/e","1054"
"BZN|SE1","25.02.2022 18:00 - 25.02.2022 19:00 (CET/CEST)","n/e","n/e","n/e","n/e","n/e","n/e","n/e","n/e","n/e","n/e","n/e","n/e","n/e","2322","n/e","n/e","30","n/e","0","n/e","n/e","1172"
"BZN|SE1","25.02.2022 19:00 - 25.02.2022 20:00 (CET/CEST)","n/e","n/e","n/e","n/e","n/e","n/e","n/e","n/e","n/e","n/e","n/e","n/e","n/e","2331","n/e","n/e","30","n/e","0","n/e","n/e","1254"
"BZN|SE1","25.02.2022 20:00 - 25.02.2022 21:00 (CET/CEST)","n/e","n/e","n/e","n/e","n/e","n/e","n/e","n/e","n/e","n/e","n/e","n/e","n/e","2287","n/e","n/e","30","n/e","0","n/e","n/e","1341"
"BZN|SE1","25.02.2022 21:00 - 25.02.2022 22:00 (CET/CEST)","n/e","n/e","n/e","n/e","n/e","n/e","n/e","n/e","n/e","n/e","n/e","n/e","n/e","2305","n/e","n/e","30","n/e","0","n/e","n/e","1385"
"BZN|SE1","25.02.2022 22:00 - 25.02.2022 23:00 (CET/CEST)","n/e","n/e","n/e","n/e","n/e","n/e","n/e","n/e","n/e","n/e","n/e","n/e","n/e","2159","n/e","n/e","30","n/e","0","n/e","n/e","1420"
"BZN|SE1","25.02.2022 23:00 - 26.02.2022 00:00 (CET/CEST)","n/e","n/e","n/e","n/e","n/e","n/e","n/e","n/e","n/e","n/e","n/e","n/e","n/e","2160","n/e","n/e","30","n/e","0","n/e","n/e","1434"
"BZN|SE1","26.02.2022 00:00 - 26.02.2022 01:00 (CET/CEST)","n/e","n/e","n/e","n/e","n/e","n/e","n/e","n/e","n/e","n/e","n/e","n/e","n/e","1795","n/e","n/e","35","n/e","0","n/e","n/e","1367"
"BZN|SE1","26.02.2022 01:00 - 26.02.2022 02:00 (CET/CEST)","n/e","n/e","n/e","n/e","n/e","n/e","n/e","n/e","n/e","n/e","n/e","n/e","n/e","1816","n/e","n/e","35","n/e","0","n/e","n/e","1303"
"BZN|SE1","26.02.2022 02:00 - 26.02.2022 03:00 (CET/CEST)","n/e","n/e","n/e","n/e","n/e","n/e","n/e","n/e","n/e","n/e","n/e","n/e","n/e","1907","n/e","n/e","35","n/e","0","n/e","n/e","1222"
"BZN|SE1","26.02.2022 03:00 - 26.02.2022 04:00 (CET/CEST)","n/e","n/e","n/e","n/e","n/e","n/e","n/e","n/e","n/e","n/e","n/e","n/e","n/e","1982","n/e","n/e","35","n/e","0","n/e","n/e","1116"
"BZN|SE1","26.02.2022 04:00 - 26.02.2022 05:00 (CET/CEST)","n/e","n/e","n/e","n/e","n/e","n/e","n/e","n/e","n/e","n/e","n/e","n/e","n/e","2216","n/e","n/e","35","n/e","0","n/e","n/e","1049"
"BZN|SE1","26.02.2022 05:00 - 26.02.2022 06:00 (CET/CEST)","n/e","n/e","n/e","n/e","n/e","n/e","n/e","n/e","n/e","n/e","n/e","n/e","n/e","2326","n/e","n/e","35","n/e","0","n/e","n/e","903"
"BZN|SE1","26.02.2022 06:00 - 26.02.2022 07:00 (CET/CEST)","n/e","n/e","n/e","n/e","n/e","n/e","n/e","n/e","n/e","n/e","n/e","n/e","n/e","2557","n/e","n/e","35","n/e","0","n/e","n/e","686"
"BZN|SE1","26.02.2022 07:00 - 26.02.2022 08:00 (CET/CEST)","n/e","n/e","n/e","n/e","n/e","n/e","n/e","n/e","n/e","n/e","n/e","n/e","n/e","2841","n/e","n/e","34","n/e","0","n/e","n/e","567"
"BZN|SE1","26.02.2022 08:00 - 26.02.2022 09:00 (CET/CEST)","n/e","n/e","n/e","n/e","n/e","n/e","n/e","n/e","n/e","n/e","n/e","n/e","n/e","3287","n/e","n/e","34","n/e","0","n/e","n/e","371"
"BZN|SE1","26.02.2022 09:00 - 26.02.2022 10:00 (CET/CEST)","n/e","n/e","n/e","n/e","n/e","n/e","n/e","n/e","n/e","n/e","n/e","n/e","n/e","3321","n/e","n/e","34","n/e","0","n/e","n/e","303"
"BZN|SE1","26.02.2022 10:00 - 26.02.2022 11:00 (CET/CEST)","n/e","n/e","n/e","n/e","n/e","n/e","n/e","n/e","n/e","n/e","n/e","n/e","n/e","3284","n/e","n/e","34","n/e","0","n/e","n/e","313"
"BZN|SE1","26.02.2022 11:00 - 26.02.2022 12:00 (CET/CEST)","n/e","n/e","n/e","n/e","n/e","n/e","n/e","n/e","n/e","n/e","n/e","n/e","n/e","3328","n/e","n/e","35","n/e","0","n/e","n/e","234"
"BZN|SE1","26.02.2022 12:00 - 26.02.2022 13:00 (CET/CEST)","n/e","n/e","n/e","n/e","n/e","n/e","n/e","n/e","n/e","n/e","n/e","n/e","n/e","3066","n/e","n/e","35","n/e","0","n/e","n/e","228"
"BZN|SE1","26.02.2022 13:00 - 26.02.2022 14:00 (CET/CEST)","n/e","n/e","n/e","n/e","n/e","n/e","n/e","n/e","n/e","n/e","n/e","n/e","n/e","2797","n/e","n/e","35","n/e","0","n/e","n/e","340"
"BZN|SE1","26.02.2022 14:00 - 26.02.2022 15:00 (CET/CEST)","n/e","n/e","n/e","n/e","n/e","n/e","n/e","n/e","n/e","n/e","n/e","n/e","n/e","2268","n/e","n/e","35","n/e","0","n/e","n/e","589"
"BZN|SE1","26.02.2022 15:00 - 26.02.2022 16:00 (CET/CEST)","n/e","n/e","n/e","n/e","n/e","n/e","n/e","n/e","n/e","n/e","n/e","n/e","n/e","1927","n/e","n/e","35","n/e","0","n/e","n/e","791"
"BZN|SE1","26.02.2022 16:00 - 26.02.2022 17:00 (CET/CEST)","n/e","n/e","n/e","n/e","n/e","n/e","n/e","n/e","n/e","n/e","n/e","n/e","n/e","1891","n/e","n/e","37","n/e","0","n/e","n/e","1081"
"BZN|SE1","26.02.2022 17:00 - 26.02.2022 18:00 (CET/CEST)","n/e","n/e","n/e","n/e","n/e","n/e","n/e","n/e","n/e","n/e","n/e","n/e","n/e","1882","n/e","n/e","37","n/e","0","n/e","n/e","1439"
"BZN|SE1","26.02.2022 18:00 - 26.02.2022 19:00 (CET/CEST)","n/e","n/e","n/e","n/e","n/e","n/e","n/e","n/e","n/e","n/e","n/e","n/e","n/e","1866","n/e","n/e","37","n/e","0","n/e","n/e","1708"
"BZN|SE1","26.02.2022 19:00 - 26.02.2022 20:00 (CET/CEST)","n/e","n/e","n/e","n/e","n/e","n/e","n/e","n/e","n/e","n/e","n/e","n/e","n/e","1806","n/e","n/e","35","n/e","0","n/e","n/e","1770"
"BZN|SE1","26.02.2022 20:00 - 26.02.2022 21:00 (CET/CEST)","n/e","n/e","n/e","n/e","n/e","n/e","n/e","n/e","n/e","n/e","n/e","n/e","n/e","1704","n/e","n/e","35","n/e","0","n/e","n/e","1808"
"BZN|SE1","26.02.2022 21:00 - 26.02.2022 22:00 (CET/CEST)","n/e","n/e","n/e","n/e","n/e","n/e","n/e","n/e","n/e","n/e","n/e","n/e","n/e","1704","n/e","n/e","35","n/e","0","n/e","n/e","1767"
"BZN|SE1","26.02.2022 22:00 - 26.02.2022 23:00 (CET/CEST)","n/e","n/e","n/e","n/e","n/e","n/e","n/e","n/e","n/e","n/e","n/e","n/e","n/e","1707","n/e","n/e","35","n/e","0","n/e","n/e","1761"
"BZN|SE1","26.02.2022 23:00 - 27.02.2022 00:00 (CET/CEST)","n/e","n/e","n/e","n/e","n/e","n/e","n/e","n/e","n/e","n/e","n/e","n/e","n/e","1704","n/e","n/e","35","n/e","0","n/e","n/e","1737"
"BZN|SE1","27.02.2022 00:00 - 27.02.2022 01:00 (CET/CEST)","n/e","n/e","n/e","n/e","n/e","n/e","n/e","n/e","n/e","n/e","n/e","n/e","n/e","1692","n/e","n/e","20","n/e","0","n/e","n/e","1740"
"BZN|SE1","27.02.2022 01:00 - 27.02.2022 02:00 (CET/CEST)","n/e","n/e","n/e","n/e","n/e","n/e","n/e","n/e","n/e","n/e","n/e","n/e","n/e","1593","n/e","n/e","20","n/e","0","n/e","n/e","1729"
"BZN|SE1","27.02.2022 02:00 - 27.02.2022 03:00 (CET/CEST)","n/e","n/e","n/e","n/e","n/e","n/e","n/e","n/e","n/e","n/e","n/e","n/e","n/e","1574","n/e","n/e","19","n/e","0","n/e","n/e","1661"
"BZN|SE1","27.02.2022 03:00 - 27.02.2022 04:00 (CET/CEST)","n/e","n/e","n/e","n/e","n/e","n/e","n/e","n/e","n/e","n/e","n/e","n/e","n/e","1612","n/e","n/e","19","n/e","0","n/e","n/e","1643"
"BZN|SE1","27.02.2022 04:00 - 27.02.2022 05:00 (CET/CEST)","n/e","n/e","n/e","n/e","n/e","n/e","n/e","n/e","n/e","n/e","n/e","n/e","n/e","1685","n/e","n/e","19","n/e","0","n/e","n/e","1614"
"BZN|SE1","27.02.2022 05:00 - 27.02.2022 06:00 (CET/CEST)","n/e","n/e","n/e","n/e","n/e","n/e","n/e","n/e","n/e","n/e","n/e","n/e","n/e","1704","n/e","n/e","19","n/e","0","n/e","n/e","1613"
"BZN|SE1","27.02.2022 06:00 - 27.02.2022 07:00 (CET/CEST)","n/e","n/e","n/e","n/e","n/e","n/e","n/e","n/e","n/e","n/e","n/e","n/e","n/e","1731","n/e","n/e","19","n/e","0","n/e","n/e","1530"
"BZN|SE1","27.02.2022 07:00 - 27.02.2022 08:00 (CET/CEST)","n/e","n/e","n/e","n/e","n/e","n/e","n/e","n/e","n/e","n/e","n/e","n/e","n/e","1728","n/e","n/e","18","n/e","0","n/e","n/e","1467"
"BZN|SE1","27.02.2022 08:00 - 27.02.2022 09:00 (CET/CEST)","n/e","n/e","n/e","n/e","n/e","n/e","n/e","n/e","n/e","n/e","n/e","n/e","n/e","1734","n/e","n/e","19","n/e","0","n/e","n/e","1450"
"BZN|SE1","27.02.2022 09:00 - 27.02.2022 10:00 (CET/CEST)","n/e","n/e","n/e","n/e","n/e","n/e","n/e","n/e","n/e","n/e","n/e","n/e","n/e","1823","n/e","n/e","18","n/e","0","n/e","n/e","1351"
"BZN|SE1","27.02.2022 10:00 - 27.02.2022 11:00 (CET/CEST)","n/e","n/e","n/e","n/e","n/e","n/e","n/e","n/e","n/e","n/e","n/e","n/e","n/e","1950","n/e","n/e","19","n/e","0","n/e","n/e","1262"
"BZN|SE1","27.02.2022 11:00 - 27.02.2022 12:00 (CET/CEST)","n/e","n/e","n/e","n/e","n/e","n/e","n/e","n/e","n/e","n/e","n/e","n/e","n/e","2062","n/e","n/e","19","n/e","0","n/e","n/e","1141"
"BZN|SE1","27.02.2022 12:00 - 27.02.2022 13:00 (CET/CEST)","n/e","n/e","n/e","n/e","n/e","n/e","n/e","n/e","n/e","n/e","n/e","n/e","n/e","2106","n/e","n/e","19","n/e","0","n/e","n/e","1066"
"BZN|SE1","27.02.2022 13:00 - 27.02.2022 14:00 (CET/CEST)","n/e","n/e","n/e","n/e","n/e","n/e","n/e","n/e","n/e","n/e","n/e","n/e","n/e","2006","n/e","n/e","19","n/e","0","n/e","n/e","1179"
"BZN|SE1","27.02.2022 14:00 - 27.02.2022 15:00 (CET/CEST)","n/e","n/e","n/e","n/e","n/e","n/e","n/e","n/e","n/e","n/e","n/e","n/e","n/e","1667","n/e","n/e","18","n/e","0","n/e","n/e","1289"
"BZN|SE1","27.02.2022 15:00 - 27.02.2022 16:00 (CET/CEST)","n/e","n/e","n/e","n/e","n/e","n/e","n/e","n/e","n/e","n/e","n/e","n/e","n/e","1508","n/e","n/e","19","n/e","0","n/e","n/e","1554"
"BZN|SE1","27.02.2022 16:00 - 27.02.2022 17:00 (CET/CEST)","n/e","n/e","n/e","n/e","n/e","n/e","n/e","n/e","n/e","n/e","n/e","n/e","n/e","1451","n/e","n/e","19","n/e","0","n/e","n/e","1689"
"BZN|SE1","27.02.2022 17:00 - 27.02.2022 18:00 (CET/CEST)","n/e","n/e","n/e","n/e","n/e","n/e","n/e","n/e","n/e","n/e","n/e","n/e","n/e","1393","n/e","n/e","19","n/e","0","n/e","n/e","1734"
"BZN|SE1","27.02.2022 18:00 - 27.02.2022 19:00 (CET/CEST)","n/e","n/e","n/e","n/e","n/e","n/e","n/e","n/e","n/e","n/e","n/e","n/e","n/e","1357","n/e","n/e","18","n/e","0","n/e","n/e","1780"
"BZN|SE1","27.02.2022 19:00 - 27.02.2022 20:00 (CET/CEST)","n/e","n/e","n/e","n/e","n/e","n/e","n/e","n/e","n/e","n/e","n/e","n/e","n/e","1361","n/e","n/e","19","n/e","0","n/e","n/e","1797"
"BZN|SE1","27.02.2022 20:00 - 27.02.2022 21:00 (CET/CEST)","n/e","n/e","n/e","n/e","n/e","n/e","n/e","n/e","n/e","n/e","n/e","n/e","n/e","1435","n/e","n/e","19","n/e","0","n/e","n/e","1757"
"BZN|SE1","27.02.2022 21:00 - 27.02.2022 22:00 (CET/CEST)","n/e","n/e","n/e","n/e","n/e","n/e","n/e","n/e","n/e","n/e","n/e","n/e","n/e","1511","n/e","n/e","19","n/e","0","n/e","n/e","1679"
"BZN|SE1","27.02.2022 22:00 - 27.02.2022 23:00 (CET/CEST)","n/e","n/e","n/e","n/e","n/e","n/e","n/e","n/e","n/e","n/e","n/e","n/e","n/e","1685","n/e","n/e","19","n/e","0","n/e","n/e","1553"
"BZN|SE1","27.02.2022 23:00 - 28.02.2022 00:00 (CET/CEST)","n/e","n/e","n/e","n/e","n/e","n/e","n/e","n/e","n/e","n/e","n/e","n/e","n/e","1865","n/e","n/e","19","n/e","0","n/e","n/e","1510"
"BZN|SE1","28.02.2022 00:00 - 28.02.2022 01:00 (CET/CEST)","n/e","n/e","n/e","n/e","n/e","n/e","n/e","n/e","n/e","n/e","n/e","n/e","n/e","1960","n/e","n/e","19","n/e","0","n/e","n/e","1445"
"BZN|SE1","28.02.2022 01:00 - 28.02.2022 02:00 (CET/CEST)","n/e","n/e","n/e","n/e","n/e","n/e","n/e","n/e","n/e","n/e","n/e","n/e","n/e","1981","n/e","n/e","19","n/e","0","n/e","n/e","1422"
"BZN|SE1","28.02.2022 02:00 - 28.02.2022 03:00 (CET/CEST)","n/e","n/e","n/e","n/e","n/e","n/e","n/e","n/e","n/e","n/e","n/e","n/e","n/e","2082","n/e","n/e","18","n/e","0","n/e","n/e","1425"
"BZN|SE1","28.02.2022 03:00 - 28.02.2022 04:00 (CET/CEST)","n/e","n/e","n/e","n/e","n/e","n/e","n/e","n/e","n/e","n/e","n/e","n/e","n/e","2291","n/e","n/e","18","n/e","0","n/e","n/e","1329"
"BZN|SE1","28.02.2022 04:00 - 28.02.2022 05:00 (CET/CEST)","n/e","n/e","n/e","n/e","n/e","n/e","n/e","n/e","n/e","n/e","n/e","n/e","n/e","2318","n/e","n/e","18","n/e","0","n/e","n/e","1225"
"BZN|SE1","28.02.2022 05:00 - 28.02.2022 06:00 (CET/CEST)","n/e","n/e","n/e","n/e","n/e","n/e","n/e","n/e","n/e","n/e","n/e","n/e","n/e","2315","n/e","n/e","18","n/e","0","n/e","n/e","1215"
"BZN|SE1","28.02.2022 06:00 - 28.02.2022 07:00 (CET/CEST)","n/e","n/e","n/e","n/e","n/e","n/e","n/e","n/e","n/e","n/e","n/e","n/e","n/e","2644","n/e","n/e","17","n/e","0","n/e","n/e","1114"
"BZN|SE1","28.02.2022 07:00 - 28.02.2022 08:00 (CET/CEST)","n/e","n/e","n/e","n/e","n/e","n/e","n/e","n/e","n/e","n/e","n/e","n/e","n/e","2814","n/e","n/e","17","n/e","0","n/e","n/e","1014"
"BZN|SE1","28.02.2022 08:00 - 28.02.2022 09:00 (CET/CEST)","n/e","n/e","n/e","n/e","n/e","n/e","n/e","n/e","n/e","n/e","n/e","n/e","n/e","3106","n/e","n/e","18","n/e","0","n/e","n/e","908"
"BZN|SE1","28.02.2022 09:00 - 28.02.2022 10:00 (CET/CEST)","n/e","n/e","n/e","n/e","n/e","n/e","n/e","n/e","n/e","n/e","n/e","n/e","n/e","3106","n/e","n/e","17","n/e","0","n/e","n/e","582"
"BZN|SE1","28.02.2022 10:00 - 28.02.2022 11:00 (CET/CEST)","n/e","n/e","n/e","n/e","n/e","n/e","n/e","n/e","n/e","n/e","n/e","n/e","n/e","3163","n/e","n/e","18","n/e","0","n/e","n/e","466"
"BZN|SE1","28.02.2022 11:00 - 28.02.2022 12:00 (CET/CEST)","n/e","n/e","n/e","n/e","n/e","n/e","n/e","n/e","n/e","n/e","n/e","n/e","n/e","3240","n/e","n/e","18","n/e","0","n/e","n/e","270"
"BZN|SE1","28.02.2022 12:00 - 28.02.2022 13:00 (CET/CEST)","n/e","n/e","n/e","n/e","n/e","n/e","n/e","n/e","n/e","n/e","n/e","n/e","n/e","3168","n/e","n/e","18","n/e","0","n/e","n/e","180"
"BZN|SE1","28.02.2022 13:00 - 28.02.2022 14:00 (CET/CEST)","n/e","n/e","n/e","n/e","n/e","n/e","n/e","n/e","n/e","n/e","n/e","n/e","n/e","3140","n/e","n/e","18","n/e","0","n/e","n/e","175"
"BZN|SE1","28.02.2022 14:00 - 28.02.2022 15:00 (CET/CEST)","n/e","n/e","n/e","n/e","n/e","n/e","n/e","n/e","n/e","n/e","n/e","n/e","n/e","2936","n/e","n/e","18","n/e","0","n/e","n/e","231"
"BZN|SE1","28.02.2022 15:00 - 28.02.2022 16:00 (CET/CEST)","n/e","n/e","n/e","n/e","n/e","n/e","n/e","n/e","n/e","n/e","n/e","n/e","n/e","2745","n/e","n/e","18","n/e","0","n/e","n/e","281"
"BZN|SE1","28.02.2022 16:00 - 28.02.2022 17:00 (CET/CEST)","n/e","n/e","n/e","n/e","n/e","n/e","n/e","n/e","n/e","n/e","n/e","n/e","n/e","2556","n/e","n/e","16","n/e","0","n/e","n/e","318"
"BZN|SE1","28.02.2022 17:00 - 28.02.2022 18:00 (CET/CEST)","n/e","n/e","n/e","n/e","n/e","n/e","n/e","n/e","n/e","n/e","n/e","n/e","n/e","2540","n/e","n/e","16","n/e","0","n/e","n/e","399"
"BZN|SE1","28.02.2022 18:00 - 28.02.2022 19:00 (CET/CEST)","n/e","n/e","n/e","n/e","n/e","n/e","n/e","n/e","n/e","n/e","n/e","n/e","n/e","2513","n/e","n/e","16","n/e","0","n/e","n/e","396"
"BZN|SE1","28.02.2022 19:00 - 28.02.2022 20:00 (CET/CEST)","n/e","n/e","n/e","n/e","n/e","n/e","n/e","n/e","n/e","n/e","n/e","n/e","n/e","2432","n/e","n/e","16","n/e","0","n/e","n/e","490"
"BZN|SE1","28.02.2022 20:00 - 28.02.2022 21:00 (CET/CEST)","n/e","n/e","n/e","n/e","n/e","n/e","n/e","n/e","n/e","n/e","n/e","n/e","n/e","2366","n/e","n/e","16","n/e","0","n/e","n/e","614"
"BZN|SE1","28.02.2022 21:00 - 28.02.2022 22:00 (CET/CEST)","n/e","n/e","n/e","n/e","n/e","n/e","n/e","n/e","n/e","n/e","n/e","n/e","n/e","2242","n/e","n/e","16","n/e","0","n/e","n/e","886"
"BZN|SE1","28.02.2022 22:00 - 28.02.2022 23:00 (CET/CEST)","n/e","n/e","n/e","n/e","n/e","n/e","n/e","n/e","n/e","n/e","n/e","n/e","n/e","2038","n/e","n/e","16","n/e","0","n/e","n/e","840"
"BZN|SE1","28.02.2022 23:00 - 01.03.2022 00:00 (CET/CEST)","n/e","n/e","n/e","n/e","n/e","n/e","n/e","n/e","n/e","n/e","n/e","n/e","n/e","1906","n/e","n/e","16","n/e","0","n/e","n/e","672"
"BZN|SE1","01.03.2022 00:00 - 01.03.2022 01:00 (CET/CEST)","n/e","n/e","n/e","n/e","n/e","n/e","n/e","n/e","n/e","n/e","n/e","n/e","n/e","2215","n/e","n/e","19","n/e","0","n/e","n/e","521"
"BZN|SE1","01.03.2022 01:00 - 01.03.2022 02:00 (CET/CEST)","n/e","n/e","n/e","n/e","n/e","n/e","n/e","n/e","n/e","n/e","n/e","n/e","n/e","2207","n/e","n/e","19","n/e","0","n/e","n/e","480"
"BZN|SE1","01.03.2022 02:00 - 01.03.2022 03:00 (CET/CEST)","n/e","n/e","n/e","n/e","n/e","n/e","n/e","n/e","n/e","n/e","n/e","n/e","n/e","1965","n/e","n/e","19","n/e","0","n/e","n/e","361"
"BZN|SE1","01.03.2022 03:00 - 01.03.2022 04:00 (CET/CEST)","n/e","n/e","n/e","n/e","n/e","n/e","n/e","n/e","n/e","n/e","n/e","n/e","n/e","1913","n/e","n/e","18","n/e","0","n/e","n/e","348"
"BZN|SE1","01.03.2022 04:00 - 01.03.2022 05:00 (CET/CEST)","n/e","n/e","n/e","n/e","n/e","n/e","n/e","n/e","n/e","n/e","n/e","n/e","n/e","2097","n/e","n/e","18","n/e","0","n/e","n/e","323"
"BZN|SE1","01.03.2022 05:00 - 01.03.2022 06:00 (CET/CEST)","n/e","n/e","n/e","n/e","n/e","n/e","n/e","n/e","n/e","n/e","n/e","n/e","n/e","2076","n/e","n/e","18","n/e","0","n/e","n/e","448"
"BZN|SE1","01.03.2022 06:00 - 01.03.2022 07:00 (CET/CEST)","n/e","n/e","n/e","n/e","n/e","n/e","n/e","n/e","n/e","n/e","n/e","n/e","n/e","2302","n/e","n/e","18","n/e","0","n/e","n/e","449"
"BZN|SE1","01.03.2022 07:00 - 01.03.2022 08:00 (CET/CEST)","n/e","n/e","n/e","n/e","n/e","n/e","n/e","n/e","n/e","n/e","n/e","n/e","n/e","2506","n/e","n/e","18","n/e","0","n/e","n/e","721"
"BZN|SE1","01.03.2022 08:00 - 01.03.2022 09:00 (CET/CEST)","n/e","n/e","n/e","n/e","n/e","n/e","n/e","n/e","n/e","n/e","n/e","n/e","n/e","2589","n/e","n/e","18","n/e","0","n/e","n/e","1127"
"BZN|SE1","01.03.2022 09:00 - 01.03.2022 10:00 (CET/CEST)","n/e","n/e","n/e","n/e","n/e","n/e","n/e","n/e","n/e","n/e","n/e","n/e","n/e","2541","n/e","n/e","18","n/e","0","n/e","n/e","1148"
"BZN|SE1","01.03.2022 10:00 - 01.03.2022 11:00 (CET/CEST)","n/e","n/e","n/e","n/e","n/e","n/e","n/e","n/e","n/e","n/e","n/e","n/e","n/e","2570","n/e","n/e","18","n/e","0","n/e","n/e","1253"
"BZN|SE1","01.03.2022 11:00 - 01.03.2022 12:00 (CET/CEST)","n/e","n/e","n/e","n/e","n/e","n/e","n/e","n/e","n/e","n/e","n/e","n/e","n/e","2560","n/e","n/e","19","n/e","0","n/e","n/e","1284"
"BZN|SE1","01.03.2022 12:00 - 01.03.2022 13:00 (CET/CEST)","n/e","n/e","n/e","n/e","n/e","n/e","n/e","n/e","n/e","n/e","n/e","n/e","n/e","2573","n/e","n/e","19","n/e","0","n/e","n/e","1390"
"BZN|SE1","01.03.2022 13:00 - 01.03.2022 14:00 (CET/CEST)","n/e","n/e","n/e","n/e","n/e","n/e","n/e","n/e","n/e","n/e","n/e","n/e","n/e","2586","n/e","n/e","20","n/e","0","n/e","n/e","1412"
"BZN|SE1","01.03.2022 14:00 - 01.03.2022 15:00 (CET/CEST)","n/e","n/e","n/e","n/e","n/e","n/e","n/e","n/e","n/e","n/e","n/e","n/e","n/e","2548","n/e","n/e","19","n/e","0","n/e","n/e","1522"
"BZN|SE1","01.03.2022 15:00 - 01.03.2022 16:00 (CET/CEST)","n/e","n/e","n/e","n/e","n/e","n/e","n/e","n/e","n/e","n/e","n/e","n/e","n/e","2542","n/e","n/e","20","n/e","0","n/e","n/e","1621"
"BZN|SE1","01.03.2022 16:00 - 01.03.2022 17:00 (CET/CEST)","n/e","n/e","n/e","n/e","n/e","n/e","n/e","n/e","n/e","n/e","n/e","n/e","n/e","2337","n/e","n/e","20","n/e","0","n/e","n/e","1647"
"BZN|SE1","01.03.2022 17:00 - 01.03.2022 18:00 (CET/CEST)","n/e","n/e","n/e","n/e","n/e","n/e","n/e","n/e","n/e","n/e","n/e","n/e","n/e","2076","n/e","n/e","20","n/e","0","n/e","n/e","1728"
"BZN|SE1","01.03.2022 18:00 - 01.03.2022 19:00 (CET/CEST)","n/e","n/e","n/e","n/e","n/e","n/e","n/e","n/e","n/e","n/e","n/e","n/e","n/e","2011","n/e","n/e","19","n/e","0","n/e","n/e","1760"
"BZN|SE1","01.03.2022 19:00 - 01.03.2022 20:00 (CET/CEST)","n/e","n/e","n/e","n/e","n/e","n/e","n/e","n/e","n/e","n/e","n/e","n/e","n/e","1977","n/e","n/e","20","n/e","0","n/e","n/e","1805"
"BZN|SE1","01.03.2022 20:00 - 01.03.2022 21:00 (CET/CEST)","n/e","n/e","n/e","n/e","n/e","n/e","n/e","n/e","n/e","n/e","n/e","n/e","n/e","1855","n/e","n/e","20","n/e","0","n/e","n/e","1776"
"BZN|SE1","01.03.2022 21:00 - 01.03.2022 22:00 (CET/CEST)","n/e","n/e","n/e","n/e","n/e","n/e","n/e","n/e","n/e","n/e","n/e","n/e","n/e","1756","n/e","n/e","19","n/e","0","n/e","n/e","1797"
"BZN|SE1","01.03.2022 22:00 - 01.03.2022 23:00 (CET/CEST)","n/e","n/e","n/e","n/e","n/e","n/e","n/e","n/e","n/e","n/e","n/e","n/e","n/e","1439","n/e","n/e","20","n/e","0","n/e","n/e","1787"
"BZN|SE1","01.03.2022 23:00 - 02.03.2022 00:00 (CET/CEST)","n/e","n/e","n/e","n/e","n/e","n/e","n/e","n/e","n/e","n/e","n/e","n/e","n/e","1265","n/e","n/e","20","n/e","0","n/e","n/e","1794"
"BZN|SE1","02.03.2022 00:00 - 02.03.2022 01:00 (CET/CEST)","n/e","n/e","n/e","n/e","n/e","n/e","n/e","n/e","n/e","n/e","n/e","n/e","n/e","1249","n/e","n/e","20","n/e","0","n/e","n/e","1802"
"BZN|SE1","02.03.2022 01:00 - 02.03.2022 02:00 (CET/CEST)","n/e","n/e","n/e","n/e","n/e","n/e","n/e","n/e","n/e","n/e","n/e","n/e","n/e","1205","n/e","n/e","20","n/e","0","n/e","n/e","1826"
"BZN|SE1","02.03.2022 02:00 - 02.03.2022 03:00 (CET/CEST)","n/e","n/e","n/e","n/e","n/e","n/e","n/e","n/e","n/e","n/e","n/e","n/e","n/e","1203","n/e","n/e","20","n/e","0","n/e","n/e","1779"
"BZN|SE1","02.03.2022 03:00 - 02.03.2022 04:00 (CET/CEST)","n/e","n/e","n/e","n/e","n/e","n/e","n/e","n/e","n/e","n/e","n/e","n/e","n/e","1203","n/e","n/e","20","n/e","0","n/e","n/e","1786"
"BZN|SE1","02.03.2022 04:00 - 02.03.2022 05:00 (CET/CEST)","n/e","n/e","n/e","n/e","n/e","n/e","n/e","n/e","n/e","n/e","n/e","n/e","n/e","1270","n/e","n/e","20","n/e","0","n/e","n/e","1804"
"BZN|SE1","02.03.2022 05:00 - 02.03.2022 06:00 (CET/CEST)","n/e","n/e","n/e","n/e","n/e","n/e","n/e","n/e","n/e","n/e","n/e","n/e","n/e","1286","n/e","n/e","20","n/e","0","n/e","n/e","1770"
"BZN|SE1","02.03.2022 06:00 - 02.03.2022 07:00 (CET/CEST)","n/e","n/e","n/e","n/e","n/e","n/e","n/e","n/e","n/e","n/e","n/e","n/e","n/e","1639","n/e","n/e","19","n/e","0","n/e","n/e","1779"
"BZN|SE1","02.03.2022 07:00 - 02.03.2022 08:00 (CET/CEST)","n/e","n/e","n/e","n/e","n/e","n/e","n/e","n/e","n/e","n/e","n/e","n/e","n/e","1842","n/e","n/e","20","n/e","0","n/e","n/e","1774"
"BZN|SE1","02.03.2022 08:00 - 02.03.2022 09:00 (CET/CEST)","n/e","n/e","n/e","n/e","n/e","n/e","n/e","n/e","n/e","n/e","n/e","n/e","n/e","1904","n/e","n/e","20","n/e","0","n/e","n/e","1779"
"BZN|SE1","02.03.2022 09:00 - 02.03.2022 10:00 (CET/CEST)","n/e","n/e","n/e","n/e","n/e","n/e","n/e","n/e","n/e","n/e","n/e","n/e","n/e","1934","n/e","n/e","20","n/e","0","n/e","n/e","1764"
"BZN|SE1","02.03.2022 10:00 - 02.03.2022 11:00 (CET/CEST)","n/e","n/e","n/e","n/e","n/e","n/e","n/e","n/e","n/e","n/e","n/e","n/e","n/e","1945","n/e","n/e","19","n/e","0","n/e","n/e","1733"
"BZN|SE1","02.03.2022 11:00 - 02.03.2022 12:00 (CET/CEST)","n/e","n/e","n/e","n/e","n/e","n/e","n/e","n/e","n/e","n/e","n/e","n/e","n/e","2035","n/e","n/e","18","n/e","0","n/e","n/e","1630"
"BZN|SE1","02.03.2022 12:00 - 02.03.2022 13:00 (CET/CEST)","n/e","n/e","n/e","n/e","n/e","n/e","n/e","n/e","n/e","n/e","n/e","n/e","n/e","2082","n/e","n/e","18","n/e","0","n/e","n/e","1591"
"BZN|SE1","02.03.2022 13:00 - 02.03.2022 14:00 (CET/CEST)","n/e","n/e","n/e","n/e","n/e","n/e","n/e","n/e","n/e","n/e","n/e","n/e","n/e","2081","n/e","n/e","18","n/e","0","n/e","n/e","1635"
"BZN|SE1","02.03.2022 14:00 - 02.03.2022 15:00 (CET/CEST)","n/e","n/e","n/e","n/e","n/e","n/e","n/e","n/e","n/e","n/e","n/e","n/e","n/e","2090","n/e","n/e","18","n/e","0","n/e","n/e","1664"
"BZN|SE1","02.03.2022 15:00 - 02.03.2022 16:00 (CET/CEST)","n/e","n/e","n/e","n/e","n/e","n/e","n/e","n/e","n/e","n/e","n/e","n/e","n/e","2109","n/e","n/e","18","n/e","0","n/e","n/e","1703"
"BZN|SE1","02.03.2022 16:00 - 02.03.2022 17:00 (CET/CEST)","n/e","n/e","n/e","n/e","n/e","n/e","n/e","n/e","n/e","n/e","n/e","n/e","n/e","2115","n/e","n/e","18","n/e","0","n/e","n/e","1667"
"BZN|SE1","02.03.2022 17:00 - 02.03.2022 18:00 (CET/CEST)","n/e","n/e","n/e","n/e","n/e","n/e","n/e","n/e","n/e","n/e","n/e","n/e","n/e","2202","n/e","n/e","18","n/e","0","n/e","n/e","1648"
"BZN|SE1","02.03.2022 18:00 - 02.03.2022 19:00 (CET/CEST)","n/e","n/e","n/e","n/e","n/e","n/e","n/e","n/e","n/e","n/e","n/e","n/e","n/e","2204","n/e","n/e","17","n/e","0","n/e","n/e","1642"
"BZN|SE1","02.03.2022 19:00 - 02.03.2022 20:00 (CET/CEST)","n/e","n/e","n/e","n/e","n/e","n/e","n/e","n/e","n/e","n/e","n/e","n/e","n/e","2185","n/e","n/e","18","n/e","0","n/e","n/e","1540"
"BZN|SE1","02.03.2022 20:00 - 02.03.2022 21:00 (CET/CEST)","n/e","n/e","n/e","n/e","n/e","n/e","n/e","n/e","n/e","n/e","n/e","n/e","n/e","2257","n/e","n/e","18","n/e","0","n/e","n/e","1470"
"BZN|SE1","02.03.2022 21:00 - 02.03.2022 22:00 (CET/CEST)","n/e","n/e","n/e","n/e","n/e","n/e","n/e","n/e","n/e","n/e","n/e","n/e","n/e","2265","n/e","n/e","17","n/e","0","n/e","n/e","1381"
"BZN|SE1","02.03.2022 22:00 - 02.03.2022 23:00 (CET/CEST)","n/e","n/e","n/e","n/e","n/e","n/e","n/e","n/e","n/e","n/e","n/e","n/e","n/e","2108","n/e","n/e","18","n/e","0","n/e","n/e","1359"
"BZN|SE1","02.03.2022 23:00 - 03.03.2022 00:00 (CET/CEST)","n/e","n/e","n/e","n/e","n/e","n/e","n/e","n/e","n/e","n/e","n/e","n/e","n/e","2026","n/e","n/e","18","n/e","0","n/e","n/e","1260"
"BZN|SE1","03.03.2022 00:00 - 03.03.2022 01:00 (CET/CEST)","n/e","n/e","n/e","n/e","n/e","n/e","n/e","n/e","n/e","n/e","n/e","n/e","n/e","2054","n/e","n/e","19","n/e","0","n/e","n/e","1235"
"BZN|SE1","03.03.2022 01:00 - 03.03.2022 02:00 (CET/CEST)","n/e","n/e","n/e","n/e","n/e","n/e","n/e","n/e","n/e","n/e","n/e","n/e","n/e","2138","n/e","n/e","19","n/e","0","n/e","n/e","1192"
"BZN|SE1","03.03.2022 02:00 - 03.03.2022 03:00 (CET/CEST)","n/e","n/e","n/e","n/e","n/e","n/e","n/e","n/e","n/e","n/e","n/e","n/e","n/e","2219","n/e","n/e","17","n/e","0","n/e","n/e","1201"
"BZN|SE1","03.03.2022 03:00 - 03.03.2022 04:00 (CET/CEST)","n/e","n/e","n/e","n/e","n/e","n/e","n/e","n/e","n/e","n/e","n/e","n/e","n/e","2310","n/e","n/e","17","n/e","0","n/e","n/e","1202"
"BZN|SE1","03.03.2022 04:00 - 03.03.2022 05:00 (CET/CEST)","n/e","n/e","n/e","n/e","n/e","n/e","n/e","n/e","n/e","n/e","n/e","n/e","n/e","2440","n/e","n/e","18","n/e","0","n/e","n/e","1183"
"BZN|SE1","03.03.2022 05:00 - 03.03.2022 06:00 (CET/CEST)","n/e","n/e","n/e","n/e","n/e","n/e","n/e","n/e","n/e","n/e","n/e","n/e","n/e","2534","n/e","n/e","18","n/e","0","n/e","n/e","1152"
"BZN|SE1","03.03.2022 06:00 - 03.03.2022 07:00 (CET/CEST)","n/e","n/e","n/e","n/e","n/e","n/e","n/e","n/e","n/e","n/e","n/e","n/e","n/e","2944","n/e","n/e","17","n/e","0","n/e","n/e","1092"
"BZN|SE1","03.03.2022 07:00 - 03.03.2022 08:00 (CET/CEST)","n/e","n/e","n/e","n/e","n/e","n/e","n/e","n/e","n/e","n/e","n/e","n/e","n/e","3207","n/e","n/e","18","n/e","0","n/e","n/e","1069"
"BZN|SE1","03.03.2022 08:00 - 03.03.2022 09:00 (CET/CEST)","n/e","n/e","n/e","n/e","n/e","n/e","n/e","n/e","n/e","n/e","n/e","n/e","n/e","3446","n/e","n/e","18","n/e","0","n/e","n/e","1005"
"BZN|SE1","03.03.2022 09:00 - 03.03.2022 10:00 (CET/CEST)","n/e","n/e","n/e","n/e","n/e","n/e","n/e","n/e","n/e","n/e","n/e","n/e","n/e","3578","n/e","n/e","18","n/e","0","n/e","n/e","842"
"BZN|SE1","03.03.2022 10:00 - 03.03.2022 11:00 (CET/CEST)","n/e","n/e","n/e","n/e","n/e","n/e","n/e","n/e","n/e","n/e","n/e","n/e","n/e","3741","n/e","n/e","19","n/e","0","n/e","n/e","502"
"BZN|SE1","03.03.2022 11:00 - 03.03.2022 12:00 (CET/CEST)","n/e","n/e","n/e","n/e","n/e","n/e","n/e","n/e","n/e","n/e","n/e","n/e","n/e","3779","n/e","n/e","19","n/e","0","n/e","n/e","365"
"BZN|SE1","03.03.2022 12:00 - 03.03.2022 13:00 (CET/CEST)","n/e","n/e","n/e","n/e","n/e","n/e","n/e","n/e","n/e","n/e","n/e","n/e","n/e","3890","n/e","n/e","18","n/e","0","n/e","n/e","387"
"BZN|SE1","03.03.2022 13:00 - 03.03.2022 14:00 (CET/CEST)","n/e","n/e","n/e","n/e","n/e","n/e","n/e","n/e","n/e","n/e","n/e","n/e","n/e","3940","n/e","n/e","18","n/e","0","n/e","n/e","333"
"BZN|SE1","03.03.2022 14:00 - 03.03.2022 15:00 (CET/CEST)","n/e","n/e","n/e","n/e","n/e","n/e","n/e","n/e","n/e","n/e","n/e","n/e","n/e","3945","n/e","n/e","18","n/e","0","n/e","n/e","285"
"BZN|SE1","03.03.2022 15:00 - 03.03.2022 16:00 (CET/CEST)","n/e","n/e","n/e","n/e","n/e","n/e","n/e","n/e","n/e","n/e","n/e","n/e","n/e","4125","n/e","n/e","19","n/e","0","n/e","n/e","303"
"BZN|SE1","03.03.2022 16:00 - 03.03.2022 17:00 (CET/CEST)","n/e","n/e","n/e","n/e","n/e","n/e","n/e","n/e","n/e","n/e","n/e","n/e","n/e","3871","n/e","n/e","20","n/e","0","n/e","n/e","379"
"BZN|SE1","03.03.2022 17:00 - 03.03.2022 18:00 (CET/CEST)","n/e","n/e","n/e","n/e","n/e","n/e","n/e","n/e","n/e","n/e","n/e","n/e","n/e","3770","n/e","n/e","29","n/e","0","n/e","n/e","507"
"BZN|SE1","03.03.2022 18:00 - 03.03.2022 19:00 (CET/CEST)","n/e","n/e","n/e","n/e","n/e","n/e","n/e","n/e","n/e","n/e","n/e","n/e","n/e","3745","n/e","n/e","24","n/e","0","n/e","n/e","596"
"BZN|SE1","03.03.2022 19:00 - 03.03.2022 20:00 (CET/CEST)","n/e","n/e","n/e","n/e","n/e","n/e","n/e","n/e","n/e","n/e","n/e","n/e","n/e","3741","n/e","n/e","24","n/e","0","n/e","n/e","601"
"BZN|SE1","03.03.2022 20:00 - 03.03.2022 21:00 (CET/CEST)","n/e","n/e","n/e","n/e","n/e","n/e","n/e","n/e","n/e","n/e","n/e","n/e","n/e","3810","n/e","n/e","25","n/e","0","n/e","n/e","596"
"BZN|SE1","03.03.2022 21:00 - 03.03.2022 22:00 (CET/CEST)","n/e","n/e","n/e","n/e","n/e","n/e","n/e","n/e","n/e","n/e","n/e","n/e","n/e","3950","n/e","n/e","24","n/e","0","n/e","n/e","621"
"BZN|SE1","03.03.2022 22:00 - 03.03.2022 23:00 (CET/CEST)","n/e","n/e","n/e","n/e","n/e","n/e","n/e","n/e","n/e","n/e","n/e","n/e","n/e","3693","n/e","n/e","24","n/e","0","n/e","n/e","568"
"BZN|SE1","03.03.2022 23:00 - 04.03.2022 00:00 (CET/CEST)","n/e","n/e","n/e","n/e","n/e","n/e","n/e","n/e","n/e","n/e","n/e","n/e","n/e","3709","n/e","n/e","24","n/e","0","n/e","n/e","458"
"BZN|SE1","04.03.2022 00:00 - 04.03.2022 01:00 (CET/CEST)","n/e","n/e","n/e","n/e","n/e","n/e","n/e","n/e","n/e","n/e","n/e","n/e","n/e","3865","n/e","n/e","25","n/e","0","n/e","n/e","417"
"BZN|SE1","04.03.2022 01:00 - 04.03.2022 02:00 (CET/CEST)","n/e","n/e","n/e","n/e","n/e","n/e","n/e","n/e","n/e","n/e","n/e","n/e","n/e","3932","n/e","n/e","25","n/e","0","n/e","n/e","315"
"BZN|SE1","04.03.2022 02:00 - 04.03.2022 03:00 (CET/CEST)","n/e","n/e","n/e","n/e","n/e","n/e","n/e","n/e","n/e","n/e","n/e","n/e","n/e","3932","n/e","n/e","25","n/e","0","n/e","n/e","240"
"BZN|SE1","04.03.2022 03:00 - 04.03.2022 04:00 (CET/CEST)","n/e","n/e","n/e","n/e","n/e","n/e","n/e","n/e","n/e","n/e","n/e","n/e","n/e","3964","n/e","n/e","24","n/e","0","n/e","n/e","150"
"BZN|SE1","04.03.2022 04:00 - 04.03.2022 05:00 (CET/CEST)","n/e","n/e","n/e","n/e","n/e","n/e","n/e","n/e","n/e","n/e","n/e","n/e","n/e","3973","n/e","n/e","25","n/e","0","n/e","n/e","86"
"BZN|SE1","04.03.2022 05:00 - 04.03.2022 06:00 (CET/CEST)","n/e","n/e","n/e","n/e","n/e","n/e","n/e","n/e","n/e","n/e","n/e","n/e","n/e","3837","n/e","n/e","30","n/e","0","n/e","n/e","51"
"BZN|SE1","04.03.2022 06:00 - 04.03.2022 07:00 (CET/CEST)","n/e","n/e","n/e","n/e","n/e","n/e","n/e","n/e","n/e","n/e","n/e","n/e","n/e","4132","n/e","n/e","29","n/e","0","n/e","n/e","32"
"BZN|SE1","04.03.2022 07:00 - 04.03.2022 08:00 (CET/CEST)","n/e","n/e","n/e","n/e","n/e","n/e","n/e","n/e","n/e","n/e","n/e","n/e","n/e","4108","n/e","n/e","29","n/e","0","n/e","n/e","23"
"BZN|SE1","04.03.2022 08:00 - 04.03.2022 09:00 (CET/CEST)","n/e","n/e","n/e","n/e","n/e","n/e","n/e","n/e","n/e","n/e","n/e","n/e","n/e","4040","n/e","n/e","30","n/e","0","n/e","n/e","47"
"BZN|SE1","04.03.2022 09:00 - 04.03.2022 10:00 (CET/CEST)","n/e","n/e","n/e","n/e","n/e","n/e","n/e","n/e","n/e","n/e","n/e","n/e","n/e","3965","n/e","n/e","30","n/e","0","n/e","n/e","99"
"BZN|SE1","04.03.2022 10:00 - 04.03.2022 11:00 (CET/CEST)","n/e","n/e","n/e","n/e","n/e","n/e","n/e","n/e","n/e","n/e","n/e","n/e","n/e","3964","n/e","n/e","30","n/e","0","n/e","n/e","135"
"BZN|SE1","04.03.2022 11:00 - 04.03.2022 12:00 (CET/CEST)","n/e","n/e","n/e","n/e","n/e","n/e","n/e","n/e","n/e","n/e","n/e","n/e","n/e","3998","n/e","n/e","30","n/e","0","n/e","n/e","156"
"BZN|SE1","04.03.2022 12:00 - 04.03.2022 13:00 (CET/CEST)","n/e","n/e","n/e","n/e","n/e","n/e","n/e","n/e","n/e","n/e","n/e","n/e","n/e","3988","n/e","n/e","30","n/e","0","n/e","n/e","145"
"BZN|SE1","04.03.2022 13:00 - 04.03.2022 14:00 (CET/CEST)","n/e","n/e","n/e","n/e","n/e","n/e","n/e","n/e","n/e","n/e","n/e","n/e","n/e","4015","n/e","n/e","30","n/e","0","n/e","n/e","126"
"BZN|SE1","04.03.2022 14:00 - 04.03.2022 15:00 (CET/CEST)","n/e","n/e","n/e","n/e","n/e","n/e","n/e","n/e","n/e","n/e","n/e","n/e","n/e","3993","n/e","n/e","30","n/e","0","n/e","n/e","131"
"BZN|SE1","04.03.2022 15:00 - 04.03.2022 16:00 (CET/CEST)","n/e","n/e","n/e","n/e","n/e","n/e","n/e","n/e","n/e","n/e","n/e","n/e","n/e","3907","n/e","n/e","30","n/e","0","n/e","n/e","172"
"BZN|SE1","04.03.2022 16:00 - 04.03.2022 17:00 (CET/CEST)","n/e","n/e","n/e","n/e","n/e","n/e","n/e","n/e","n/e","n/e","n/e","n/e","n/e","3895","n/e","n/e","30","n/e","0","n/e","n/e","278"
"BZN|SE1","04.03.2022 17:00 - 04.03.2022 18:00 (CET/CEST)","n/e","n/e","n/e","n/e","n/e","n/e","n/e","n/e","n/e","n/e","n/e","n/e","n/e","3589","n/e","n/e","30","n/e","0","n/e","n/e","426"
"BZN|SE1","04.03.2022 18:00 - 04.03.2022 19:00 (CET/CEST)","n/e","n/e","n/e","n/e","n/e","n/e","n/e","n/e","n/e","n/e","n/e","n/e","n/e","3263","n/e","n/e","25","n/e","0","n/e","n/e","548"
"BZN|SE1","04.03.2022 19:00 - 04.03.2022 20:00 (CET/CEST)","n/e","n/e","n/e","n/e","n/e","n/e","n/e","n/e","n/e","n/e","n/e","n/e","n/e","3135","n/e","n/e","23","n/e","0","n/e","n/e","615"
"BZN|SE1","04.03.2022 20:00 - 04.03.2022 21:00 (CET/CEST)","n/e","n/e","n/e","n/e","n/e","n/e","n/e","n/e","n/e","n/e","n/e","n/e","n/e","3132","n/e","n/e","24","n/e","0","n/e","n/e","669"
"BZN|SE1","04.03.2022 21:00 - 04.03.2022 22:00 (CET/CEST)","n/e","n/e","n/e","n/e","n/e","n/e","n/e","n/e","n/e","n/e","n/e","n/e","n/e","3090","n/e","n/e","23","n/e","0","n/e","n/e","714"
"BZN|SE1","04.03.2022 22:00 - 04.03.2022 23:00 (CET/CEST)","n/e","n/e","n/e","n/e","n/e","n/e","n/e","n/e","n/e","n/e","n/e","n/e","n/e","2978","n/e","n/e","23","n/e","0","n/e","n/e","768"
"BZN|SE1","04.03.2022 23:00 - 05.03.2022 00:00 (CET/CEST)","n/e","n/e","n/e","n/e","n/e","n/e","n/e","n/e","n/e","n/e","n/e","n/e","n/e","2976","n/e","n/e","23","n/e","0","n/e","n/e","787"
"BZN|SE1","05.03.2022 00:00 - 05.03.2022 01:00 (CET/CEST)","n/e","n/e","n/e","n/e","n/e","n/e","n/e","n/e","n/e","n/e","n/e","n/e","n/e","2965","n/e","n/e","23","n/e","0","n/e","n/e","745"
"BZN|SE1","05.03.2022 01:00 - 05.03.2022 02:00 (CET/CEST)","n/e","n/e","n/e","n/e","n/e","n/e","n/e","n/e","n/e","n/e","n/e","n/e","n/e","3004","n/e","n/e","23","n/e","0","n/e","n/e","762"
"BZN|SE1","05.03.2022 02:00 - 05.03.2022 03:00 (CET/CEST)","n/e","n/e","n/e","n/e","n/e","n/e","n/e","n/e","n/e","n/e","n/e","n/e","n/e","3002","n/e","n/e","23","n/e","0","n/e","n/e","876"
"BZN|SE1","05.03.2022 03:00 - 05.03.2022 04:00 (CET/CEST)","n/e","n/e","n/e","n/e","n/e","n/e","n/e","n/e","n/e","n/e","n/e","n/e","n/e","3004","n/e","n/e","22","n/e","0","n/e","n/e","945"
"BZN|SE1","05.03.2022 04:00 - 05.03.2022 05:00 (CET/CEST)","n/e","n/e","n/e","n/e","n/e","n/e","n/e","n/e","n/e","n/e","n/e","n/e","n/e","2983","n/e","n/e","22","n/e","0","n/e","n/e","1056"
"BZN|SE1","05.03.2022 05:00 - 05.03.2022 06:00 (CET/CEST)","n/e","n/e","n/e","n/e","n/e","n/e","n/e","n/e","n/e","n/e","n/e","n/e","n/e","2910","n/e","n/e","23","n/e","0","n/e","n/e","1100"
"BZN|SE1","05.03.2022 06:00 - 05.03.2022 07:00 (CET/CEST)","n/e","n/e","n/e","n/e","n/e","n/e","n/e","n/e","n/e","n/e","n/e","n/e","n/e","2912","n/e","n/e","22","n/e","0","n/e","n/e","1209"
"BZN|SE1","05.03.2022 07:00 - 05.03.2022 08:00 (CET/CEST)","n/e","n/e","n/e","n/e","n/e","n/e","n/e","n/e","n/e","n/e","n/e","n/e","n/e","2897","n/e","n/e","22","n/e","0","n/e","n/e","1286"
"BZN|SE1","05.03.2022 08:00 - 05.03.2022 09:00 (CET/CEST)","n/e","n/e","n/e","n/e","n/e","n/e","n/e","n/e","n/e","n/e","n/e","n/e","n/e","2934","n/e","n/e","22","n/e","0","n/e","n/e","1249"
"BZN|SE1","05.03.2022 09:00 - 05.03.2022 10:00 (CET/CEST)","n/e","n/e","n/e","n/e","n/e","n/e","n/e","n/e","n/e","n/e","n/e","n/e","n/e","2945","n/e","n/e","22","n/e","0","n/e","n/e","1224"
"BZN|SE1","05.03.2022 10:00 - 05.03.2022 11:00 (CET/CEST)","n/e","n/e","n/e","n/e","n/e","n/e","n/e","n/e","n/e","n/e","n/e","n/e","n/e","2954","n/e","n/e","23","n/e","0","n/e","n/e","1123"
"BZN|SE1","05.03.2022 11:00 - 05.03.2022 12:00 (CET/CEST)","n/e","n/e","n/e","n/e","n/e","n/e","n/e","n/e","n/e","n/e","n/e","n/e","n/e","2934","n/e","n/e","23","n/e","0","n/e","n/e","1002"
"BZN|SE1","05.03.2022 12:00 - 05.03.2022 13:00 (CET/CEST)","n/e","n/e","n/e","n/e","n/e","n/e","n/e","n/e","n/e","n/e","n/e","n/e","n/e","2880","n/e","n/e","23","n/e","0","n/e","n/e","801"
"BZN|SE1","05.03.2022 13:00 - 05.03.2022 14:00 (CET/CEST)","n/e","n/e","n/e","n/e","n/e","n/e","n/e","n/e","n/e","n/e","n/e","n/e","n/e","2809","n/e","n/e","22","n/e","0","n/e","n/e","713"
"BZN|SE1","05.03.2022 14:00 - 05.03.2022 15:00 (CET/CEST)","n/e","n/e","n/e","n/e","n/e","n/e","n/e","n/e","n/e","n/e","n/e","n/e","n/e","2797","n/e","n/e","22","n/e","0","n/e","n/e","730"
"BZN|SE1","05.03.2022 15:00 - 05.03.2022 16:00 (CET/CEST)","n/e","n/e","n/e","n/e","n/e","n/e","n/e","n/e","n/e","n/e","n/e","n/e","n/e","2572","n/e","n/e","23","n/e","0","n/e","n/e","761"
"BZN|SE1","05.03.2022 16:00 - 05.03.2022 17:00 (CET/CEST)","n/e","n/e","n/e","n/e","n/e","n/e","n/e","n/e","n/e","n/e","n/e","n/e","n/e","2558","n/e","n/e","23","n/e","0","n/e","n/e","921"
"BZN|SE1","05.03.2022 17:00 - 05.03.2022 18:00 (CET/CEST)","n/e","n/e","n/e","n/e","n/e","n/e","n/e","n/e","n/e","n/e","n/e","n/e","n/e","2339","n/e","n/e","23","n/e","0","n/e","n/e","1086"
"BZN|SE1","05.03.2022 18:00 - 05.03.2022 19:00 (CET/CEST)","n/e","n/e","n/e","n/e","n/e","n/e","n/e","n/e","n/e","n/e","n/e","n/e","n/e","2216","n/e","n/e","22","n/e","0","n/e","n/e","1228"
"BZN|SE1","05.03.2022 19:00 - 05.03.2022 20:00 (CET/CEST)","n/e","n/e","n/e","n/e","n/e","n/e","n/e","n/e","n/e","n/e","n/e","n/e","n/e","2037","n/e","n/e","23","n/e","0","n/e","n/e","1392"
"BZN|SE1","05.03.2022 20:00 - 05.03.2022 21:00 (CET/CEST)","n/e","n/e","n/e","n/e","n/e","n/e","n/e","n/e","n/e","n/e","n/e","n/e","n/e","1908","n/e","n/e","23","n/e","0","n/e","n/e","1483"
"BZN|SE1","05.03.2022 21:00 - 05.03.2022 22:00 (CET/CEST)","n/e","n/e","n/e","n/e","n/e","n/e","n/e","n/e","n/e","n/e","n/e","n/e","n/e","1863","n/e","n/e","22","n/e","0","n/e","n/e","1429"
"BZN|SE1","05.03.2022 22:00 - 05.03.2022 23:00 (CET/CEST)","n/e","n/e","n/e","n/e","n/e","n/e","n/e","n/e","n/e","n/e","n/e","n/e","n/e","1690","n/e","n/e","21","n/e","0","n/e","n/e","1416"
"BZN|SE1","05.03.2022 23:00 - 06.03.2022 00:00 (CET/CEST)","n/e","n/e","n/e","n/e","n/e","n/e","n/e","n/e","n/e","n/e","n/e","n/e","n/e","1663","n/e","n/e","21","n/e","0","n/e","n/e","1444"
"BZN|SE1","06.03.2022 00:00 - 06.03.2022 01:00 (CET/CEST)","n/e","n/e","n/e","n/e","n/e","n/e","n/e","n/e","n/e","n/e","n/e","n/e","n/e","1592","n/e","n/e","20","n/e","0","n/e","n/e","1462"
"BZN|SE1","06.03.2022 01:00 - 06.03.2022 02:00 (CET/CEST)","n/e","n/e","n/e","n/e","n/e","n/e","n/e","n/e","n/e","n/e","n/e","n/e","n/e","1593","n/e","n/e","20","n/e","0","n/e","n/e","1510"
"BZN|SE1","06.03.2022 02:00 - 06.03.2022 03:00 (CET/CEST)","n/e","n/e","n/e","n/e","n/e","n/e","n/e","n/e","n/e","n/e","n/e","n/e","n/e","1593","n/e","n/e","20","n/e","0","n/e","n/e","1499"
"BZN|SE1","06.03.2022 03:00 - 06.03.2022 04:00 (CET/CEST)","n/e","n/e","n/e","n/e","n/e","n/e","n/e","n/e","n/e","n/e","n/e","n/e","n/e","1590","n/e","n/e","19","n/e","0","n/e","n/e","1511"
"BZN|SE1","06.03.2022 04:00 - 06.03.2022 05:00 (CET/CEST)","n/e","n/e","n/e","n/e","n/e","n/e","n/e","n/e","n/e","n/e","n/e","n/e","n/e","1587","n/e","n/e","20","n/e","0","n/e","n/e","1514"
"BZN|SE1","06.03.2022 05:00 - 06.03.2022 06:00 (CET/CEST)","n/e","n/e","n/e","n/e","n/e","n/e","n/e","n/e","n/e","n/e","n/e","n/e","n/e","1556","n/e","n/e","20","n/e","0","n/e","n/e","1457"
"BZN|SE1","06.03.2022 06:00 - 06.03.2022 07:00 (CET/CEST)","n/e","n/e","n/e","n/e","n/e","n/e","n/e","n/e","n/e","n/e","n/e","n/e","n/e","1639","n/e","n/e","19","n/e","0","n/e","n/e","1414"
"BZN|SE1","06.03.2022 07:00 - 06.03.2022 08:00 (CET/CEST)","n/e","n/e","n/e","n/e","n/e","n/e","n/e","n/e","n/e","n/e","n/e","n/e","n/e","1664","n/e","n/e","19","n/e","0","n/e","n/e","1297"
"BZN|SE1","06.03.2022 08:00 - 06.03.2022 09:00 (CET/CEST)","n/e","n/e","n/e","n/e","n/e","n/e","n/e","n/e","n/e","n/e","n/e","n/e","n/e","1798","n/e","n/e","20","n/e","0","n/e","n/e","1220"
"BZN|SE1","06.03.2022 09:00 - 06.03.2022 10:00 (CET/CEST)","n/e","n/e","n/e","n/e","n/e","n/e","n/e","n/e","n/e","n/e","n/e","n/e","n/e","1830","n/e","n/e","21","n/e","0","n/e","n/e","1091"
"BZN|SE1","06.03.2022 10:00 - 06.03.2022 11:00 (CET/CEST)","n/e","n/e","n/e","n/e","n/e","n/e","n/e","n/e","n/e","n/e","n/e","n/e","n/e","1829","n/e","n/e","22","n/e","0","n/e","n/e","1036"
"BZN|SE1","06.03.2022 11:00 - 06.03.2022 12:00 (CET/CEST)","n/e","n/e","n/e","n/e","n/e","n/e","n/e","n/e","n/e","n/e","n/e","n/e","n/e","1855","n/e","n/e","23","n/e","0","n/e","n/e","943"
"BZN|SE1","06.03.2022 12:00 - 06.03.2022 13:00 (CET/CEST)","n/e","n/e","n/e","n/e","n/e","n/e","n/e","n/e","n/e","n/e","n/e","n/e","n/e","1728","n/e","n/e","23","n/e","0","n/e","n/e","829"
"BZN|SE1","06.03.2022 13:00 - 06.03.2022 14:00 (CET/CEST)","n/e","n/e","n/e","n/e","n/e","n/e","n/e","n/e","n/e","n/e","n/e","n/e","n/e","1727","n/e","n/e","23","n/e","0","n/e","n/e","783"
"BZN|SE1","06.03.2022 14:00 - 06.03.2022 15:00 (CET/CEST)","n/e","n/e","n/e","n/e","n/e","n/e","n/e","n/e","n/e","n/e","n/e","n/e","n/e","1733","n/e","n/e","22","n/e","0","n/e","n/e","968"
"BZN|SE1","06.03.2022 15:00 - 06.03.2022 16:00 (CET/CEST)","n/e","n/e","n/e","n/e","n/e","n/e","n/e","n/e","n/e","n/e","n/e","n/e","n/e","1787","n/e","n/e","22","n/e","0","n/e","n/e","753"
"BZN|SE1","06.03.2022 16:00 - 06.03.2022 17:00 (CET/CEST)","n/e","n/e","n/e","n/e","n/e","n/e","n/e","n/e","n/e","n/e","n/e","n/e","n/e","1838","n/e","n/e","22","n/e","0","n/e","n/e","780"
"BZN|SE1","06.03.2022 17:00 - 06.03.2022 18:00 (CET/CEST)","n/e","n/e","n/e","n/e","n/e","n/e","n/e","n/e","n/e","n/e","n/e","n/e","n/e","1894","n/e","n/e","22","n/e","0","n/e","n/e","779"
"BZN|SE1","06.03.2022 18:00 - 06.03.2022 19:00 (CET/CEST)","n/e","n/e","n/e","n/e","n/e","n/e","n/e","n/e","n/e","n/e","n/e","n/e","n/e","1972","n/e","n/e","22","n/e","0","n/e","n/e","765"
"BZN|SE1","06.03.2022 19:00 - 06.03.2022 20:00 (CET/CEST)","n/e","n/e","n/e","n/e","n/e","n/e","n/e","n/e","n/e","n/e","n/e","n/e","n/e","2038","n/e","n/e","23","n/e","0","n/e","n/e","701"
"BZN|SE1","06.03.2022 20:00 - 06.03.2022 21:00 (CET/CEST)","n/e","n/e","n/e","n/e","n/e","n/e","n/e","n/e","n/e","n/e","n/e","n/e","n/e","2039","n/e","n/e","23","n/e","0","n/e","n/e","565"
"BZN|SE1","06.03.2022 21:00 - 06.03.2022 22:00 (CET/CEST)","n/e","n/e","n/e","n/e","n/e","n/e","n/e","n/e","n/e","n/e","n/e","n/e","n/e","2076","n/e","n/e","23","n/e","0","n/e","n/e","458"
"BZN|SE1","06.03.2022 22:00 - 06.03.2022 23:00 (CET/CEST)","n/e","n/e","n/e","n/e","n/e","n/e","n/e","n/e","n/e","n/e","n/e","n/e","n/e","2169","n/e","n/e","23","n/e","0","n/e","n/e","313"
"BZN|SE1","06.03.2022 23:00 - 07.03.2022 00:00 (CET/CEST)","n/e","n/e","n/e","n/e","n/e","n/e","n/e","n/e","n/e","n/e","n/e","n/e","n/e","2318","n/e","n/e","23","n/e","0","n/e","n/e","225"
"BZN|SE1","07.03.2022 00:00 - 07.03.2022 01:00 (CET/CEST)","n/e","n/e","n/e","n/e","n/e","n/e","n/e","n/e","n/e","n/e","n/e","n/e","n/e","2662","n/e","n/e","21","n/e","0","n/e","n/e","151"
"BZN|SE1","07.03.2022 01:00 - 07.03.2022 02:00 (CET/CEST)","n/e","n/e","n/e","n/e","n/e","n/e","n/e","n/e","n/e","n/e","n/e","n/e","n/e","2868","n/e","n/e","21","n/e","0","n/e","n/e","125"
"BZN|SE1","07.03.2022 02:00 - 07.03.2022 03:00 (CET/CEST)","n/e","n/e","n/e","n/e","n/e","n/e","n/e","n/e","n/e","n/e","n/e","n/e","n/e","3110","n/e","n/e","21","n/e","0","n/e","n/e","101"
"BZN|SE1","07.03.2022 03:00 - 07.03.2022 04:00 (CET/CEST)","n/e","n/e","n/e","n/e","n/e","n/e","n/e","n/e","n/e","n/e","n/e","n/e","n/e","3297","n/e","n/e","21","n/e","0","n/e","n/e","68"
"BZN|SE1","07.03.2022 04:00 - 07.03.2022 05:00 (CET/CEST)","n/e","n/e","n/e","n/e","n/e","n/e","n/e","n/e","n/e","n/e","n/e","n/e","n/e","3522","n/e","n/e","21","n/e","0","n/e","n/e","52"
"BZN|SE1","07.03.2022 05:00 - 07.03.2022 06:00 (CET/CEST)","n/e","n/e","n/e","n/e","n/e","n/e","n/e","n/e","n/e","n/e","n/e","n/e","n/e","3411","n/e","n/e","21","n/e","0","n/e","n/e","47"
"BZN|SE1","07.03.2022 06:00 - 07.03.2022 07:00 (CET/CEST)","n/e","n/e","n/e","n/e","n/e","n/e","n/e","n/e","n/e","n/e","n/e","n/e","n/e","3524","n/e","n/e","21","n/e","0","n/e","n/e","56"
"BZN|SE1","07.03.2022 07:00 - 07.03.2022 08:00 (CET/CEST)","n/e","n/e","n/e","n/e","n/e","n/e","n/e","n/e","n/e","n/e","n/e","n/e","n/e","3439","n/e","n/e","21","n/e","0","n/e","n/e","96"
"BZN|SE1","07.03.2022 08:00 - 07.03.2022 09:00 (CET/CEST)","n/e","n/e","n/e","n/e","n/e","n/e","n/e","n/e","n/e","n/e","n/e","n/e","n/e","3281","n/e","n/e","21","n/e","0","n/e","n/e","167"
"BZN|SE1","07.03.2022 09:00 - 07.03.2022 10:00 (CET/CEST)","n/e","n/e","n/e","n/e","n/e","n/e","n/e","n/e","n/e","n/e","n/e","n/e","n/e","3160","n/e","n/e","20","n/e","0","n/e","n/e","236"
"BZN|SE1","07.03.2022 10:00 - 07.03.2022 11:00 (CET/CEST)","n/e","n/e","n/e","n/e","n/e","n/e","n/e","n/e","n/e","n/e","n/e","n/e","n/e","3016","n/e","n/e","18","n/e","0","n/e","n/e","391"
"BZN|SE1","07.03.2022 11:00 - 07.03.2022 12:00 (CET/CEST)","n/e","n/e","n/e","n/e","n/e","n/e","n/e","n/e","n/e","n/e","n/e","n/e","n/e","2814","n/e","n/e","18","n/e","0","n/e","n/e","472"
"BZN|SE1","07.03.2022 12:00 - 07.03.2022 13:00 (CET/CEST)","n/e","n/e","n/e","n/e","n/e","n/e","n/e","n/e","n/e","n/e","n/e","n/e","n/e","2487","n/e","n/e","18","n/e","0","n/e","n/e","552"
"BZN|SE1","07.03.2022 13:00 - 07.03.2022 14:00 (CET/CEST)","n/e","n/e","n/e","n/e","n/e","n/e","n/e","n/e","n/e","n/e","n/e","n/e","n/e","2353","n/e","n/e","18","n/e","0","n/e","n/e","572"
"BZN|SE1","07.03.2022 14:00 - 07.03.2022 15:00 (CET/CEST)","n/e","n/e","n/e","n/e","n/e","n/e","n/e","n/e","n/e","n/e","n/e","n/e","n/e","2292","n/e","n/e","18","n/e","0","n/e","n/e","608"
"BZN|SE1","07.03.2022 15:00 - 07.03.2022 16:00 (CET/CEST)","n/e","n/e","n/e","n/e","n/e","n/e","n/e","n/e","n/e","n/e","n/e","n/e","n/e","2276","n/e","n/e","18","n/e","0","n/e","n/e","621"
"BZN|SE1","07.03.2022 16:00 - 07.03.2022 17:00 (CET/CEST)","n/e","n/e","n/e","n/e","n/e","n/e","n/e","n/e","n/e","n/e","n/e","n/e","n/e","2225","n/e","n/e","18","n/e","0","n/e","n/e","612"
"BZN|SE1","07.03.2022 17:00 - 07.03.2022 18:00 (CET/CEST)","n/e","n/e","n/e","n/e","n/e","n/e","n/e","n/e","n/e","n/e","n/e","n/e","n/e","2197","n/e","n/e","18","n/e","0","n/e","n/e","610"
"BZN|SE1","07.03.2022 18:00 - 07.03.2022 19:00 (CET/CEST)","n/e","n/e","n/e","n/e","n/e","n/e","n/e","n/e","n/e","n/e","n/e","n/e","n/e","2172","n/e","n/e","18","n/e","0","n/e","n/e","562"
"BZN|SE1","07.03.2022 19:00 - 07.03.2022 20:00 (CET/CEST)","n/e","n/e","n/e","n/e","n/e","n/e","n/e","n/e","n/e","n/e","n/e","n/e","n/e","2236","n/e","n/e","18","n/e","0","n/e","n/e","443"
"BZN|SE1","07.03.2022 20:00 - 07.03.2022 21:00 (CET/CEST)","n/e","n/e","n/e","n/e","n/e","n/e","n/e","n/e","n/e","n/e","n/e","n/e","n/e","2272","n/e","n/e","18","n/e","0","n/e","n/e","376"
"BZN|SE1","07.03.2022 21:00 - 07.03.2022 22:00 (CET/CEST)","n/e","n/e","n/e","n/e","n/e","n/e","n/e","n/e","n/e","n/e","n/e","n/e","n/e","2135","n/e","n/e","18","n/e","0","n/e","n/e","360"
"BZN|SE1","07.03.2022 22:00 - 07.03.2022 23:00 (CET/CEST)","n/e","n/e","n/e","n/e","n/e","n/e","n/e","n/e","n/e","n/e","n/e","n/e","n/e","2080","n/e","n/e","18","n/e","0","n/e","n/e","292"
"BZN|SE1","07.03.2022 23:00 - 08.03.2022 00:00 (CET/CEST)","n/e","n/e","n/e","n/e","n/e","n/e","n/e","n/e","n/e","n/e","n/e","n/e","n/e","2075","n/e","n/e","18","n/e","0","n/e","n/e","237"
"BZN|SE1","08.03.2022 00:00 - 08.03.2022 01:00 (CET/CEST)","n/e","n/e","n/e","n/e","n/e","n/e","n/e","n/e","n/e","n/e","n/e","n/e","n/e","2195","n/e","n/e","18","n/e","0","n/e","n/e","148"
"BZN|SE1","08.03.2022 01:00 - 08.03.2022 02:00 (CET/CEST)","n/e","n/e","n/e","n/e","n/e","n/e","n/e","n/e","n/e","n/e","n/e","n/e","n/e","2213","n/e","n/e","18","n/e","0","n/e","n/e","170"
"BZN|SE1","08.03.2022 02:00 - 08.03.2022 03:00 (CET/CEST)","n/e","n/e","n/e","n/e","n/e","n/e","n/e","n/e","n/e","n/e","n/e","n/e","n/e","2281","n/e","n/e","18","n/e","0","n/e","n/e","128"
"BZN|SE1","08.03.2022 03:00 - 08.03.2022 04:00 (CET/CEST)","n/e","n/e","n/e","n/e","n/e","n/e","n/e","n/e","n/e","n/e","n/e","n/e","n/e","2352","n/e","n/e","18","n/e","0","n/e","n/e","71"
"BZN|SE1","08.03.2022 04:00 - 08.03.2022 05:00 (CET/CEST)","n/e","n/e","n/e","n/e","n/e","n/e","n/e","n/e","n/e","n/e","n/e","n/e","n/e","2450","n/e","n/e","18","n/e","0","n/e","n/e","53"
"BZN|SE1","08.03.2022 05:00 - 08.03.2022 06:00 (CET/CEST)","n/e","n/e","n/e","n/e","n/e","n/e","n/e","n/e","n/e","n/e","n/e","n/e","n/e","2506","n/e","n/e","18","n/e","0","n/e","n/e","48"
"BZN|SE1","08.03.2022 06:00 - 08.03.2022 07:00 (CET/CEST)","n/e","n/e","n/e","n/e","n/e","n/e","n/e","n/e","n/e","n/e","n/e","n/e","n/e","2721","n/e","n/e","18","n/e","0","n/e","n/e","33"
"BZN|SE1","08.03.2022 07:00 - 08.03.2022 08:00 (CET/CEST)","n/e","n/e","n/e","n/e","n/e","n/e","n/e","n/e","n/e","n/e","n/e","n/e","n/e","2881","n/e","n/e","18","n/e","0","n/e","n/e","20"
"BZN|SE1","08.03.2022 08:00 - 08.03.2022 09:00 (CET/CEST)","n/e","n/e","n/e","n/e","n/e","n/e","n/e","n/e","n/e","n/e","n/e","n/e","n/e","2940","n/e","n/e","18","n/e","0","n/e","n/e","15"
"BZN|SE1","08.03.2022 09:00 - 08.03.2022 10:00 (CET/CEST)","n/e","n/e","n/e","n/e","n/e","n/e","n/e","n/e","n/e","n/e","n/e","n/e","n/e","3010","n/e","n/e","17","n/e","0","n/e","n/e","13"
"BZN|SE1","08.03.2022 10:00 - 08.03.2022 11:00 (CET/CEST)","n/e","n/e","n/e","n/e","n/e","n/e","n/e","n/e","n/e","n/e","n/e","n/e","n/e","3116","n/e","n/e","18","n/e","0","n/e","n/e","13"
"BZN|SE1","08.03.2022 11:00 - 08.03.2022 12:00 (CET/CEST)","n/e","n/e","n/e","n/e","n/e","n/e","n/e","n/e","n/e","n/e","n/e","n/e","n/e","3213","n/e","n/e","19","n/e","0","n/e","n/e","12"
"BZN|SE1","08.03.2022 12:00 - 08.03.2022 13:00 (CET/CEST)","n/e","n/e","n/e","n/e","n/e","n/e","n/e","n/e","n/e","n/e","n/e","n/e","n/e","3285","n/e","n/e","19","n/e","0","n/e","n/e","14"
"BZN|SE1","08.03.2022 13:00 - 08.03.2022 14:00 (CET/CEST)","n/e","n/e","n/e","n/e","n/e","n/e","n/e","n/e","n/e","n/e","n/e","n/e","n/e","3417","n/e","n/e","19","n/e","0","n/e","n/e","15"
"BZN|SE1","08.03.2022 14:00 - 08.03.2022 15:00 (CET/CEST)","n/e","n/e","n/e","n/e","n/e","n/e","n/e","n/e","n/e","n/e","n/e","n/e","n/e","3515","n/e","n/e","18","n/e","0","n/e","n/e","13"
"BZN|SE1","08.03.2022 15:00 - 08.03.2022 16:00 (CET/CEST)","n/e","n/e","n/e","n/e","n/e","n/e","n/e","n/e","n/e","n/e","n/e","n/e","n/e","3524","n/e","n/e","19","n/e","0","n/e","n/e","14"
"BZN|SE1","08.03.2022 16:00 - 08.03.2022 17:00 (CET/CEST)","n/e","n/e","n/e","n/e","n/e","n/e","n/e","n/e","n/e","n/e","n/e","n/e","n/e","3521","n/e","n/e","19","n/e","0","n/e","n/e","24"
"BZN|SE1","08.03.2022 17:00 - 08.03.2022 18:00 (CET/CEST)","n/e","n/e","n/e","n/e","n/e","n/e","n/e","n/e","n/e","n/e","n/e","n/e","n/e","3594","n/e","n/e","19","n/e","0","n/e","n/e","39"
"BZN|SE1","08.03.2022 18:00 - 08.03.2022 19:00 (CET/CEST)","n/e","n/e","n/e","n/e","n/e","n/e","n/e","n/e","n/e","n/e","n/e","n/e","n/e","3688","n/e","n/e","19","n/e","0","n/e","n/e","48"
"BZN|SE1","08.03.2022 19:00 - 08.03.2022 20:00 (CET/CEST)","n/e","n/e","n/e","n/e","n/e","n/e","n/e","n/e","n/e","n/e","n/e","n/e","n/e","3788","n/e","n/e","19","n/e","0","n/e","n/e","67"
"BZN|SE1","08.03.2022 20:00 - 08.03.2022 21:00 (CET/CEST)","n/e","n/e","n/e","n/e","n/e","n/e","n/e","n/e","n/e","n/e","n/e","n/e","n/e","3820","n/e","n/e","19","n/e","0","n/e","n/e","85"
"BZN|SE1","08.03.2022 21:00 - 08.03.2022 22:00 (CET/CEST)","n/e","n/e","n/e","n/e","n/e","n/e","n/e","n/e","n/e","n/e","n/e","n/e","n/e","3851","n/e","n/e","18","n/e","0","n/e","n/e","93"
"BZN|SE1","08.03.2022 22:00 - 08.03.2022 23:00 (CET/CEST)","n/e","n/e","n/e","n/e","n/e","n/e","n/e","n/e","n/e","n/e","n/e","n/e","n/e","3710","n/e","n/e","19","n/e","0","n/e","n/e","97"
"BZN|SE1","08.03.2022 23:00 - 09.03.2022 00:00 (CET/CEST)","n/e","n/e","n/e","n/e","n/e","n/e","n/e","n/e","n/e","n/e","n/e","n/e","n/e","3626","n/e","n/e","19","n/e","0","n/e","n/e","102"
"BZN|SE1","09.03.2022 00:00 - 09.03.2022 01:00 (CET/CEST)","n/e","n/e","n/e","n/e","n/e","n/e","n/e","n/e","n/e","n/e","n/e","n/e","n/e","3816","n/e","n/e","21","n/e","0","n/e","n/e","108"
"BZN|SE1","09.03.2022 01:00 - 09.03.2022 02:00 (CET/CEST)","n/e","n/e","n/e","n/e","n/e","n/e","n/e","n/e","n/e","n/e","n/e","n/e","n/e","3837","n/e","n/e","21","n/e","0","n/e","n/e","129"
"BZN|SE1","09.03.2022 02:00 - 09.03.2022 03:00 (CET/CEST)","n/e","n/e","n/e","n/e","n/e","n/e","n/e","n/e","n/e","n/e","n/e","n/e","n/e","3655","n/e","n/e","20","n/e","0","n/e","n/e","127"
"BZN|SE1","09.03.2022 03:00 - 09.03.2022 04:00 (CET/CEST)","n/e","n/e","n/e","n/e","n/e","n/e","n/e","n/e","n/e","n/e","n/e","n/e","n/e","3558","n/e","n/e","20","n/e","0","n/e","n/e","121"
"BZN|SE1","09.03.2022 04:00 - 09.03.2022 05:00 (CET/CEST)","n/e","n/e","n/e","n/e","n/e","n/e","n/e","n/e","n/e","n/e","n/e","n/e","n/e","3408","n/e","n/e","20","n/e","0","n/e","n/e","152"
"BZN|SE1","09.03.2022 05:00 - 09.03.2022 06:00 (CET/CEST)","n/e","n/e","n/e","n/e","n/e","n/e","n/e","n/e","n/e","n/e","n/e","n/e","n/e","3328","n/e","n/e","20","n/e","0","n/e","n/e","199"
"BZN|SE1","09.03.2022 06:00 - 09.03.2022 07:00 (CET/CEST)","n/e","n/e","n/e","n/e","n/e","n/e","n/e","n/e","n/e","n/e","n/e","n/e","n/e","3449","n/e","n/e","21","n/e","0","n/e","n/e","253"
"BZN|SE1","09.03.2022 07:00 - 09.03.2022 08:00 (CET/CEST)","n/e","n/e","n/e","n/e","n/e","n/e","n/e","n/e","n/e","n/e","n/e","n/e","n/e","3438","n/e","n/e","21","n/e","0","n/e","n/e","288"
"BZN|SE1","09.03.2022 08:00 - 09.03.2022 09:00 (CET/CEST)","n/e","n/e","n/e","n/e","n/e","n/e","n/e","n/e","n/e","n/e","n/e","n/e","n/e","3417","n/e","n/e","21","n/e","0","n/e","n/e","196"
"BZN|SE1","09.03.2022 09:00 - 09.03.2022 10:00 (CET/CEST)","n/e","n/e","n/e","n/e","n/e","n/e","n/e","n/e","n/e","n/e","n/e","n/e","n/e","3381","n/e","n/e","20","n/e","0","n/e","n/e","207"
"BZN|SE1","09.03.2022 10:00 - 09.03.2022 11:00 (CET/CEST)","n/e","n/e","n/e","n/e","n/e","n/e","n/e","n/e","n/e","n/e","n/e","n/e","n/e","3364","n/e","n/e","20","n/e","0","n/e","n/e","255"
"BZN|SE1","09.03.2022 11:00 - 09.03.2022 12:00 (CET/CEST)","n/e","n/e","n/e","n/e","n/e","n/e","n/e","n/e","n/e","n/e","n/e","n/e","n/e","3253","n/e","n/e","21","n/e","0","n/e","n/e","279"
"BZN|SE1","09.03.2022 12:00 - 09.03.2022 13:00 (CET/CEST)","n/e","n/e","n/e","n/e","n/e","n/e","n/e","n/e","n/e","n/e","n/e","n/e","n/e","3087","n/e","n/e","21","n/e","0","n/e","n/e","300"
"BZN|SE1","09.03.2022 13:00 - 09.03.2022 14:00 (CET/CEST)","n/e","n/e","n/e","n/e","n/e","n/e","n/e","n/e","n/e","n/e","n/e","n/e","n/e","2825","n/e","n/e","21","n/e","0","n/e","n/e","333"
"BZN|SE1","09.03.2022 14:00 - 09.03.2022 15:00 (CET/CEST)","n/e","n/e","n/e","n/e","n/e","n/e","n/e","n/e","n/e","n/e","n/e","n/e","n/e","2714","n/e","n/e","21","n/e","0","n/e","n/e","368"
"BZN|SE1","09.03.2022 15:00 - 09.03.2022 16:00 (CET/CEST)","n/e","n/e","n/e","n/e","n/e","n/e","n/e","n/e","n/e","n/e","n/e","n/e","n/e","2445","n/e","n/e","21","n/e","0","n/e","n/e","384"
"BZN|SE1","09.03.2022 16:00 - 09.03.2022 17:00 (CET/CEST)","n/e","n/e","n/e","n/e","n/e","n/e","n/e","n/e","n/e","n/e","n/e","n/e","n/e","2194","n/e","n/e","21","n/e","0","n/e","n/e","518"
"BZN|SE1","09.03.2022 17:00 - 09.03.2022 18:00 (CET/CEST)","n/e","n/e","n/e","n/e","n/e","n/e","n/e","n/e","n/e","n/e","n/e","n/e","n/e","1995","n/e","n/e","21","n/e","0","n/e","n/e","739"
"BZN|SE1","09.03.2022 18:00 - 09.03.2022 19:00 (CET/CEST)","n/e","n/e","n/e","n/e","n/e","n/e","n/e","n/e","n/e","n/e","n/e","n/e","n/e","1960","n/e","n/e","21","n/e","0","n/e","n/e","1061"
"BZN|SE1","09.03.2022 19:00 - 09.03.2022 20:00 (CET/CEST)","n/e","n/e","n/e","n/e","n/e","n/e","n/e","n/e","n/e","n/e","n/e","n/e","n/e","1787","n/e","n/e","21","n/e","0","n/e","n/e","1186"
"BZN|SE1","09.03.2022 20:00 - 09.03.2022 21:00 (CET/CEST)","n/e","n/e","n/e","n/e","n/e","n/e","n/e","n/e","n/e","n/e","n/e","n/e","n/e","1632","n/e","n/e","21","n/e","0","n/e","n/e","1301"
"BZN|SE1","09.03.2022 21:00 - 09.03.2022 22:00 (CET/CEST)","n/e","n/e","n/e","n/e","n/e","n/e","n/e","n/e","n/e","n/e","n/e","n/e","n/e","1508","n/e","n/e","21","n/e","0","n/e","n/e","1251"
"BZN|SE1","09.03.2022 22:00 - 09.03.2022 23:00 (CET/CEST)","n/e","n/e","n/e","n/e","n/e","n/e","n/e","n/e","n/e","n/e","n/e","n/e","n/e","1440","n/e","n/e","21","n/e","0","n/e","n/e","1179"
"BZN|SE1","09.03.2022 23:00 - 10.03.2022 00:00 (CET/CEST)","n/e","n/e","n/e","n/e","n/e","n/e","n/e","n/e","n/e","n/e","n/e","n/e","n/e","1427","n/e","n/e","21","n/e","0","n/e","n/e","1183"
"BZN|SE1","10.03.2022 00:00 - 10.03.2022 01:00 (CET/CEST)","n/e","n/e","n/e","n/e","n/e","n/e","n/e","n/e","n/e","n/e","n/e","n/e","n/e","1312","n/e","n/e","21","n/e","0","n/e","n/e","1273"
"BZN|SE1","10.03.2022 01:00 - 10.03.2022 02:00 (CET/CEST)","n/e","n/e","n/e","n/e","n/e","n/e","n/e","n/e","n/e","n/e","n/e","n/e","n/e","1308","n/e","n/e","21","n/e","0","n/e","n/e","1351"
"BZN|SE1","10.03.2022 02:00 - 10.03.2022 03:00 (CET/CEST)","n/e","n/e","n/e","n/e","n/e","n/e","n/e","n/e","n/e","n/e","n/e","n/e","n/e","1297","n/e","n/e","21","n/e","0","n/e","n/e","1257"
"BZN|SE1","10.03.2022 03:00 - 10.03.2022 04:00 (CET/CEST)","n/e","n/e","n/e","n/e","n/e","n/e","n/e","n/e","n/e","n/e","n/e","n/e","n/e","1285","n/e","n/e","21","n/e","0","n/e","n/e","1328"
"BZN|SE1","10.03.2022 04:00 - 10.03.2022 05:00 (CET/CEST)","n/e","n/e","n/e","n/e","n/e","n/e","n/e","n/e","n/e","n/e","n/e","n/e","n/e","1295","n/e","n/e","21","n/e","0","n/e","n/e","1372"
"BZN|SE1","10.03.2022 05:00 - 10.03.2022 06:00 (CET/CEST)","n/e","n/e","n/e","n/e","n/e","n/e","n/e","n/e","n/e","n/e","n/e","n/e","n/e","1307","n/e","n/e","21","n/e","0","n/e","n/e","1424"
"BZN|SE1","10.03.2022 06:00 - 10.03.2022 07:00 (CET/CEST)","n/e","n/e","n/e","n/e","n/e","n/e","n/e","n/e","n/e","n/e","n/e","n/e","n/e","1512","n/e","n/e","21","n/e","0","n/e","n/e","1453"
"BZN|SE1","10.03.2022 07:00 - 10.03.2022 08:00 (CET/CEST)","n/e","n/e","n/e","n/e","n/e","n/e","n/e","n/e","n/e","n/e","n/e","n/e","n/e","1813","n/e","n/e","21","n/e","0","n/e","n/e","1442"
"BZN|SE1","10.03.2022 08:00 - 10.03.2022 09:00 (CET/CEST)","n/e","n/e","n/e","n/e","n/e","n/e","n/e","n/e","n/e","n/e","n/e","n/e","n/e","1693","n/e","n/e","21","n/e","0","n/e","n/e","1380"
"BZN|SE1","10.03.2022 09:00 - 10.03.2022 10:00 (CET/CEST)","n/e","n/e","n/e","n/e","n/e","n/e","n/e","n/e","n/e","n/e","n/e","n/e","n/e","1873","n/e","n/e","21","n/e","0","n/e","n/e","1289"
"BZN|SE1","10.03.2022 10:00 - 10.03.2022 11:00 (CET/CEST)","n/e","n/e","n/e","n/e","n/e","n/e","n/e","n/e","n/e","n/e","n/e","n/e","n/e","2031","n/e","n/e","21","n/e","0","n/e","n/e","1196"
"BZN|SE1","10.03.2022 11:00 - 10.03.2022 12:00 (CET/CEST)","n/e","n/e","n/e","n/e","n/e","n/e","n/e","n/e","n/e","n/e","n/e","n/e","n/e","2078","n/e","n/e","21","n/e","0","n/e","n/e","1141"
"BZN|SE1","10.03.2022 12:00 - 10.03.2022 13:00 (CET/CEST)","n/e","n/e","n/e","n/e","n/e","n/e","n/e","n/e","n/e","n/e","n/e","n/e","n/e","2098","n/e","n/e","21","n/e","0","n/e","n/e","1145"
"BZN|SE1","10.03.2022 13:00 - 10.03.2022 14:00 (CET/CEST)","n/e","n/e","n/e","n/e","n/e","n/e","n/e","n/e","n/e","n/e","n/e","n/e","n/e","2073","n/e","n/e","21","n/e","0","n/e","n/e","1201"
"BZN|SE1","10.03.2022 14:00 - 10.03.2022 15:00 (CET/CEST)","n/e","n/e","n/e","n/e","n/e","n/e","n/e","n/e","n/e","n/e","n/e","n/e","n/e","2090","n/e","n/e","21","n/e","0","n/e","n/e","1242"
"BZN|SE1","10.03.2022 15:00 - 10.03.2022 16:00 (CET/CEST)","n/e","n/e","n/e","n/e","n/e","n/e","n/e","n/e","n/e","n/e","n/e","n/e","n/e","2042","n/e","n/e","21","n/e","0","n/e","n/e","1379"
"BZN|SE1","10.03.2022 16:00 - 10.03.2022 17:00 (CET/CEST)","n/e","n/e","n/e","n/e","n/e","n/e","n/e","n/e","n/e","n/e","n/e","n/e","n/e","1931","n/e","n/e","21","n/e","0","n/e","n/e","1388"
"BZN|SE1","10.03.2022 17:00 - 10.03.2022 18:00 (CET/CEST)","n/e","n/e","n/e","n/e","n/e","n/e","n/e","n/e","n/e","n/e","n/e","n/e","n/e","1916","n/e","n/e","21","n/e","0","n/e","n/e","1415"
"BZN|SE1","10.03.2022 18:00 - 10.03.2022 19:00 (CET/CEST)","n/e","n/e","n/e","n/e","n/e","n/e","n/e","n/e","n/e","n/e","n/e","n/e","n/e","1867","n/e","n/e","21","n/e","0","n/e","n/e","1362"
"BZN|SE1","10.03.2022 19:00 - 10.03.2022 20:00 (CET/CEST)","n/e","n/e","n/e","n/e","n/e","n/e","n/e","n/e","n/e","n/e","n/e","n/e","n/e","1870","n/e","n/e","21","n/e","0","n/e","n/e","1408"
"BZN|SE1","10.03.2022 20:00 - 10.03.2022 21:00 (CET/CEST)","n/e","n/e","n/e","n/e","n/e","n/e","n/e","n/e","n/e","n/e","n/e","n/e","n/e","1914","n/e","n/e","21","n/e","0","n/e","n/e","1373"
"BZN|SE1","10.03.2022 21:00 - 10.03.2022 22:00 (CET/CEST)","n/e","n/e","n/e","n/e","n/e","n/e","n/e","n/e","n/e","n/e","n/e","n/e","n/e","1937","n/e","n/e","21","n/e","0","n/e","n/e","1350"
"BZN|SE1","10.03.2022 22:00 - 10.03.2022 23:00 (CET/CEST)","n/e","n/e","n/e","n/e","n/e","n/e","n/e","n/e","n/e","n/e","n/e","n/e","n/e","1917","n/e","n/e","21","n/e","0","n/e","n/e","1352"
"BZN|SE1","10.03.2022 23:00 - 11.03.2022 00:00 (CET/CEST)","n/e","n/e","n/e","n/e","n/e","n/e","n/e","n/e","n/e","n/e","n/e","n/e","n/e","1775","n/e","n/e","21","n/e","0","n/e","n/e","1329"
"BZN|SE1","11.03.2022 00:00 - 11.03.2022 01:00 (CET/CEST)","n/e","n/e","n/e","n/e","n/e","n/e","n/e","n/e","n/e","n/e","n/e","n/e","n/e","1854","n/e","n/e","19","n/e","0","n/e","n/e","1284"
"BZN|SE1","11.03.2022 01:00 - 11.03.2022 02:00 (CET/CEST)","n/e","n/e","n/e","n/e","n/e","n/e","n/e","n/e","n/e","n/e","n/e","n/e","n/e","2036","n/e","n/e","19","n/e","0","n/e","n/e","1177"
"BZN|SE1","11.03.2022 02:00 - 11.03.2022 03:00 (CET/CEST)","n/e","n/e","n/e","n/e","n/e","n/e","n/e","n/e","n/e","n/e","n/e","n/e","n/e","2091","n/e","n/e","19","n/e","0","n/e","n/e","1117"
"BZN|SE1","11.03.2022 03:00 - 11.03.2022 04:00 (CET/CEST)","n/e","n/e","n/e","n/e","n/e","n/e","n/e","n/e","n/e","n/e","n/e","n/e","n/e","2154","n/e","n/e","19","n/e","0","n/e","n/e","991"
"BZN|SE1","11.03.2022 04:00 - 11.03.2022 05:00 (CET/CEST)","n/e","n/e","n/e","n/e","n/e","n/e","n/e","n/e","n/e","n/e","n/e","n/e","n/e","2240","n/e","n/e","19","n/e","0","n/e","n/e","931"
"BZN|SE1","11.03.2022 05:00 - 11.03.2022 06:00 (CET/CEST)","n/e","n/e","n/e","n/e","n/e","n/e","n/e","n/e","n/e","n/e","n/e","n/e","n/e","2240","n/e","n/e","19","n/e","0","n/e","n/e","858"
"BZN|SE1","11.03.2022 06:00 - 11.03.2022 07:00 (CET/CEST)","n/e","n/e","n/e","n/e","n/e","n/e","n/e","n/e","n/e","n/e","n/e","n/e","n/e","2604","n/e","n/e","19","n/e","0","n/e","n/e","882"
"BZN|SE1","11.03.2022 07:00 - 11.03.2022 08:00 (CET/CEST)","n/e","n/e","n/e","n/e","n/e","n/e","n/e","n/e","n/e","n/e","n/e","n/e","n/e","2689","n/e","n/e","19","n/e","0","n/e","n/e","998"
"BZN|SE1","11.03.2022 08:00 - 11.03.2022 09:00 (CET/CEST)","n/e","n/e","n/e","n/e","n/e","n/e","n/e","n/e","n/e","n/e","n/e","n/e","n/e","2700","n/e","n/e","19","n/e","0","n/e","n/e","903"
"BZN|SE1","11.03.2022 09:00 - 11.03.2022 10:00 (CET/CEST)","n/e","n/e","n/e","n/e","n/e","n/e","n/e","n/e","n/e","n/e","n/e","n/e","n/e","2922","n/e","n/e","19","n/e","0","n/e","n/e","849"
"BZN|SE1","11.03.2022 10:00 - 11.03.2022 11:00 (CET/CEST)","n/e","n/e","n/e","n/e","n/e","n/e","n/e","n/e","n/e","n/e","n/e","n/e","n/e","3140","n/e","n/e","19","n/e","0","n/e","n/e","686"
"BZN|SE1","11.03.2022 11:00 - 11.03.2022 12:00 (CET/CEST)","n/e","n/e","n/e","n/e","n/e","n/e","n/e","n/e","n/e","n/e","n/e","n/e","n/e","2867","n/e","n/e","19","n/e","0","n/e","n/e","460"
"BZN|SE1","11.03.2022 12:00 - 11.03.2022 13:00 (CET/CEST)","n/e","n/e","n/e","n/e","n/e","n/e","n/e","n/e","n/e","n/e","n/e","n/e","n/e","2281","n/e","n/e","19","n/e","0","n/e","n/e","367"
"BZN|SE1","11.03.2022 13:00 - 11.03.2022 14:00 (CET/CEST)","n/e","n/e","n/e","n/e","n/e","n/e","n/e","n/e","n/e","n/e","n/e","n/e","n/e","1871","n/e","n/e","19","n/e","0","n/e","n/e","355"
"BZN|SE1","11.03.2022 14:00 - 11.03.2022 15:00 (CET/CEST)","n/e","n/e","n/e","n/e","n/e","n/e","n/e","n/e","n/e","n/e","n/e","n/e","n/e","1672","n/e","n/e","19","n/e","0","n/e","n/e","403"
"BZN|SE1","11.03.2022 15:00 - 11.03.2022 16:00 (CET/CEST)","n/e","n/e","n/e","n/e","n/e","n/e","n/e","n/e","n/e","n/e","n/e","n/e","n/e","2010","n/e","n/e","19","n/e","0","n/e","n/e","473"
"BZN|SE1","11.03.2022 16:00 - 11.03.2022 17:00 (CET/CEST)","n/e","n/e","n/e","n/e","n/e","n/e","n/e","n/e","n/e","n/e","n/e","n/e","n/e","3393","n/e","n/e","19","n/e","0","n/e","n/e","588"
"BZN|SE1","11.03.2022 17:00 - 11.03.2022 18:00 (CET/CEST)","n/e","n/e","n/e","n/e","n/e","n/e","n/e","n/e","n/e","n/e","n/e","n/e","n/e","3182","n/e","n/e","19","n/e","0","n/e","n/e","608"
"BZN|SE1","11.03.2022 18:00 - 11.03.2022 19:00 (CET/CEST)","n/e","n/e","n/e","n/e","n/e","n/e","n/e","n/e","n/e","n/e","n/e","n/e","n/e","3105","n/e","n/e","19","n/e","0","n/e","n/e","629"
"BZN|SE1","11.03.2022 19:00 - 11.03.2022 20:00 (CET/CEST)","n/e","n/e","n/e","n/e","n/e","n/e","n/e","n/e","n/e","n/e","n/e","n/e","n/e","3097","n/e","n/e","19","n/e","0","n/e","n/e","477"
"BZN|SE1","11.03.2022 20:00 - 11.03.2022 21:00 (CET/CEST)","n/e","n/e","n/e","n/e","n/e","n/e","n/e","n/e","n/e","n/e","n/e","n/e","n/e","3098","n/e","n/e","19","n/e","0","n/e","n/e","337"
"BZN|SE1","11.03.2022 21:00 - 11.03.2022 22:00 (CET/CEST)","n/e","n/e","n/e","n/e","n/e","n/e","n/e","n/e","n/e","n/e","n/e","n/e","n/e","3107","n/e","n/e","19","n/e","0","n/e","n/e","258"
"BZN|SE1","11.03.2022 22:00 - 11.03.2022 23:00 (CET/CEST)","n/e","n/e","n/e","n/e","n/e","n/e","n/e","n/e","n/e","n/e","n/e","n/e","n/e","3234","n/e","n/e","19","n/e","0","n/e","n/e","259"
"BZN|SE1","11.03.2022 23:00 - 12.03.2022 00:00 (CET/CEST)","n/e","n/e","n/e","n/e","n/e","n/e","n/e","n/e","n/e","n/e","n/e","n/e","n/e","3209","n/e","n/e","19","n/e","0","n/e","n/e","304"
"BZN|SE1","12.03.2022 00:00 - 12.03.2022 01:00 (CET/CEST)","n/e","n/e","n/e","n/e","n/e","n/e","n/e","n/e","n/e","n/e","n/e","n/e","n/e","3252","n/e","n/e","19","n/e","0","n/e","n/e","324"
"BZN|SE1","12.03.2022 01:00 - 12.03.2022 02:00 (CET/CEST)","n/e","n/e","n/e","n/e","n/e","n/e","n/e","n/e","n/e","n/e","n/e","n/e","n/e","3241","n/e","n/e","19","n/e","0","n/e","n/e","330"
"BZN|SE1","12.03.2022 02:00 - 12.03.2022 03:00 (CET/CEST)","n/e","n/e","n/e","n/e","n/e","n/e","n/e","n/e","n/e","n/e","n/e","n/e","n/e","3292","n/e","n/e","18","n/e","0","n/e","n/e","260"
"BZN|SE1","12.03.2022 03:00 - 12.03.2022 04:00 (CET/CEST)","n/e","n/e","n/e","n/e","n/e","n/e","n/e","n/e","n/e","n/e","n/e","n/e","n/e","3293","n/e","n/e","18","n/e","0","n/e","n/e","134"
"BZN|SE1","12.03.2022 04:00 - 12.03.2022 05:00 (CET/CEST)","n/e","n/e","n/e","n/e","n/e","n/e","n/e","n/e","n/e","n/e","n/e","n/e","n/e","3289","n/e","n/e","18","n/e","0","n/e","n/e","87"
"BZN|SE1","12.03.2022 05:00 - 12.03.2022 06:00 (CET/CEST)","n/e","n/e","n/e","n/e","n/e","n/e","n/e","n/e","n/e","n/e","n/e","n/e","n/e","3276","n/e","n/e","18","n/e","0","n/e","n/e","63"
"BZN|SE1","12.03.2022 06:00 - 12.03.2022 07:00 (CET/CEST)","n/e","n/e","n/e","n/e","n/e","n/e","n/e","n/e","n/e","n/e","n/e","n/e","n/e","3032","n/e","n/e","18","n/e","0","n/e","n/e","44"
"BZN|SE1","12.03.2022 07:00 - 12.03.2022 08:00 (CET/CEST)","n/e","n/e","n/e","n/e","n/e","n/e","n/e","n/e","n/e","n/e","n/e","n/e","n/e","3027","n/e","n/e","18","n/e","0","n/e","n/e","44"
"BZN|SE1","12.03.2022 08:00 - 12.03.2022 09:00 (CET/CEST)","n/e","n/e","n/e","n/e","n/e","n/e","n/e","n/e","n/e","n/e","n/e","n/e","n/e","3044","n/e","n/e","19","n/e","0","n/e","n/e","49"
"BZN|SE1","12.03.2022 09:00 - 12.03.2022 10:00 (CET/CEST)","n/e","n/e","n/e","n/e","n/e","n/e","n/e","n/e","n/e","n/e","n/e","n/e","n/e","3067","n/e","n/e","19","n/e","0","n/e","n/e","67"
"BZN|SE1","12.03.2022 10:00 - 12.03.2022 11:00 (CET/CEST)","n/e","n/e","n/e","n/e","n/e","n/e","n/e","n/e","n/e","n/e","n/e","n/e","n/e","3116","n/e","n/e","19","n/e","0","n/e","n/e","82"
"BZN|SE1","12.03.2022 11:00 - 12.03.2022 12:00 (CET/CEST)","n/e","n/e","n/e","n/e","n/e","n/e","n/e","n/e","n/e","n/e","n/e","n/e","n/e","3205","n/e","n/e","19","n/e","1","n/e","n/e","74"
"BZN|SE1","12.03.2022 12:00 - 12.03.2022 13:00 (CET/CEST)","n/e","n/e","n/e","n/e","n/e","n/e","n/e","n/e","n/e","n/e","n/e","n/e","n/e","3248","n/e","n/e","19","n/e","1","n/e","n/e","63"
"BZN|SE1","12.03.2022 13:00 - 12.03.2022 14:00 (CET/CEST)","n/e","n/e","n/e","n/e","n/e","n/e","n/e","n/e","n/e","n/e","n/e","n/e","n/e","3186","n/e","n/e","19","n/e","0","n/e","n/e","60"
"BZN|SE1","12.03.2022 14:00 - 12.03.2022 15:00 (CET/CEST)","n/e","n/e","n/e","n/e","n/e","n/e","n/e","n/e","n/e","n/e","n/e","n/e","n/e","3138","n/e","n/e","19","n/e","0","n/e","n/e","85"
"BZN|SE1","12.03.2022 15:00 - 12.03.2022 16:00 (CET/CEST)","n/e","n/e","n/e","n/e","n/e","n/e","n/e","n/e","n/e","n/e","n/e","n/e","n/e","3059","n/e","n/e","19","n/e","0","n/e","n/e","143"
"BZN|SE1","12.03.2022 16:00 - 12.03.2022 17:00 (CET/CEST)","n/e","n/e","n/e","n/e","n/e","n/e","n/e","n/e","n/e","n/e","n/e","n/e","n/e","2960","n/e","n/e","18","n/e","0","n/e","n/e","189"
"BZN|SE1","12.03.2022 17:00 - 12.03.2022 18:00 (CET/CEST)","n/e","n/e","n/e","n/e","n/e","n/e","n/e","n/e","n/e","n/e","n/e","n/e","n/e","2771","n/e","n/e","18","n/e","0","n/e","n/e","230"
"BZN|SE1","12.03.2022 18:00 - 12.03.2022 19:00 (CET/CEST)","n/e","n/e","n/e","n/e","n/e","n/e","n/e","n/e","n/e","n/e","n/e","n/e","n/e","2650","n/e","n/e","18","n/e","0","n/e","n/e","256"
"BZN|SE1","12.03.2022 19:00 - 12.03.2022 20:00 (CET/CEST)","n/e","n/e","n/e","n/e","n/e","n/e","n/e","n/e","n/e","n/e","n/e","n/e","n/e","2499","n/e","n/e","19","n/e","0","n/e","n/e","224"
"BZN|SE1","12.03.2022 20:00 - 12.03.2022 21:00 (CET/CEST)","n/e","n/e","n/e","n/e","n/e","n/e","n/e","n/e","n/e","n/e","n/e","n/e","n/e","2395","n/e","n/e","19","n/e","0","n/e","n/e","218"
"BZN|SE1","12.03.2022 21:00 - 12.03.2022 22:00 (CET/CEST)","n/e","n/e","n/e","n/e","n/e","n/e","n/e","n/e","n/e","n/e","n/e","n/e","n/e","2301","n/e","n/e","19","n/e","0","n/e","n/e","224"
"BZN|SE1","12.03.2022 22:00 - 12.03.2022 23:00 (CET/CEST)","n/e","n/e","n/e","n/e","n/e","n/e","n/e","n/e","n/e","n/e","n/e","n/e","n/e","2310","n/e","n/e","19","n/e","0","n/e","n/e","207"
"BZN|SE1","12.03.2022 23:00 - 13.03.2022 00:00 (CET/CEST)","n/e","n/e","n/e","n/e","n/e","n/e","n/e","n/e","n/e","n/e","n/e","n/e","n/e","2296","n/e","n/e","19","n/e","0","n/e","n/e","183"
"BZN|SE1","13.03.2022 00:00 - 13.03.2022 01:00 (CET/CEST)","n/e","n/e","n/e","n/e","n/e","n/e","n/e","n/e","n/e","n/e","n/e","n/e","n/e","2649","n/e","n/e","19","n/e","0","n/e","n/e","172"
"BZN|SE1","13.03.2022 01:00 - 13.03.2022 02:00 (CET/CEST)","n/e","n/e","n/e","n/e","n/e","n/e","n/e","n/e","n/e","n/e","n/e","n/e","n/e","2669","n/e","n/e","19","n/e","0","n/e","n/e","156"
"BZN|SE1","13.03.2022 02:00 - 13.03.2022 03:00 (CET/CEST)","n/e","n/e","n/e","n/e","n/e","n/e","n/e","n/e","n/e","n/e","n/e","n/e","n/e","2692","n/e","n/e","19","n/e","0","n/e","n/e","176"
"BZN|SE1","13.03.2022 03:00 - 13.03.2022 04:00 (CET/CEST)","n/e","n/e","n/e","n/e","n/e","n/e","n/e","n/e","n/e","n/e","n/e","n/e","n/e","2668","n/e","n/e","19","n/e","0","n/e","n/e","208"
"BZN|SE1","13.03.2022 04:00 - 13.03.2022 05:00 (CET/CEST)","n/e","n/e","n/e","n/e","n/e","n/e","n/e","n/e","n/e","n/e","n/e","n/e","n/e","2644","n/e","n/e","19","n/e","0","n/e","n/e","223"
"BZN|SE1","13.03.2022 05:00 - 13.03.2022 06:00 (CET/CEST)","n/e","n/e","n/e","n/e","n/e","n/e","n/e","n/e","n/e","n/e","n/e","n/e","n/e","2666","n/e","n/e","19","n/e","0","n/e","n/e","251"
"BZN|SE1","13.03.2022 06:00 - 13.03.2022 07:00 (CET/CEST)","n/e","n/e","n/e","n/e","n/e","n/e","n/e","n/e","n/e","n/e","n/e","n/e","n/e","2669","n/e","n/e","19","n/e","0","n/e","n/e","210"
"BZN|SE1","13.03.2022 07:00 - 13.03.2022 08:00 (CET/CEST)","n/e","n/e","n/e","n/e","n/e","n/e","n/e","n/e","n/e","n/e","n/e","n/e","n/e","2711","n/e","n/e","19","n/e","0","n/e","n/e","169"
"BZN|SE1","13.03.2022 08:00 - 13.03.2022 09:00 (CET/CEST)","n/e","n/e","n/e","n/e","n/e","n/e","n/e","n/e","n/e","n/e","n/e","n/e","n/e","2656","n/e","n/e","19","n/e","0","n/e","n/e","178"
"BZN|SE1","13.03.2022 09:00 - 13.03.2022 10:00 (CET/CEST)","n/e","n/e","n/e","n/e","n/e","n/e","n/e","n/e","n/e","n/e","n/e","n/e","n/e","2737","n/e","n/e","18","n/e","0","n/e","n/e","187"
"BZN|SE1","13.03.2022 10:00 - 13.03.2022 11:00 (CET/CEST)","n/e","n/e","n/e","n/e","n/e","n/e","n/e","n/e","n/e","n/e","n/e","n/e","n/e","2864","n/e","n/e","19","n/e","0","n/e","n/e","210"
"BZN|SE1","13.03.2022 11:00 - 13.03.2022 12:00 (CET/CEST)","n/e","n/e","n/e","n/e","n/e","n/e","n/e","n/e","n/e","n/e","n/e","n/e","n/e","3089","n/e","n/e","19","n/e","0","n/e","n/e","207"
"BZN|SE1","13.03.2022 12:00 - 13.03.2022 13:00 (CET/CEST)","n/e","n/e","n/e","n/e","n/e","n/e","n/e","n/e","n/e","n/e","n/e","n/e","n/e","2977","n/e","n/e","19","n/e","0","n/e","n/e","196"
"BZN|SE1","13.03.2022 13:00 - 13.03.2022 14:00 (CET/CEST)","n/e","n/e","n/e","n/e","n/e","n/e","n/e","n/e","n/e","n/e","n/e","n/e","n/e","2641","n/e","n/e","19","n/e","0","n/e","n/e","170"
"BZN|SE1","13.03.2022 14:00 - 13.03.2022 15:00 (CET/CEST)","n/e","n/e","n/e","n/e","n/e","n/e","n/e","n/e","n/e","n/e","n/e","n/e","n/e","2739","n/e","n/e","19","n/e","0","n/e","n/e","219"
"BZN|SE1","13.03.2022 15:00 - 13.03.2022 16:00 (CET/CEST)","n/e","n/e","n/e","n/e","n/e","n/e","n/e","n/e","n/e","n/e","n/e","n/e","n/e","3203","n/e","n/e","19","n/e","0","n/e","n/e","198"
"BZN|SE1","13.03.2022 16:00 - 13.03.2022 17:00 (CET/CEST)","n/e","n/e","n/e","n/e","n/e","n/e","n/e","n/e","n/e","n/e","n/e","n/e","n/e","3176","n/e","n/e","19","n/e","0","n/e","n/e","200"
"BZN|SE1","13.03.2022 17:00 - 13.03.2022 18:00 (CET/CEST)","n/e","n/e","n/e","n/e","n/e","n/e","n/e","n/e","n/e","n/e","n/e","n/e","n/e","3039","n/e","n/e","19","n/e","0","n/e","n/e","236"
"BZN|SE1","13.03.2022 18:00 - 13.03.2022 19:00 (CET/CEST)","n/e","n/e","n/e","n/e","n/e","n/e","n/e","n/e","n/e","n/e","n/e","n/e","n/e","2928","n/e","n/e","19","n/e","0","n/e","n/e","282"
"BZN|SE1","13.03.2022 19:00 - 13.03.2022 20:00 (CET/CEST)","n/e","n/e","n/e","n/e","n/e","n/e","n/e","n/e","n/e","n/e","n/e","n/e","n/e","2816","n/e","n/e","19","n/e","0","n/e","n/e","317"
"BZN|SE1","13.03.2022 20:00 - 13.03.2022 21:00 (CET/CEST)","n/e","n/e","n/e","n/e","n/e","n/e","n/e","n/e","n/e","n/e","n/e","n/e","n/e","2719","n/e","n/e","19","n/e","0","n/e","n/e","289"
"BZN|SE1","13.03.2022 21:00 - 13.03.2022 22:00 (CET/CEST)","n/e","n/e","n/e","n/e","n/e","n/e","n/e","n/e","n/e","n/e","n/e","n/e","n/e","2687","n/e","n/e","19","n/e","0","n/e","n/e","183"
"BZN|SE1","13.03.2022 22:00 - 13.03.2022 23:00 (CET/CEST)","n/e","n/e","n/e","n/e","n/e","n/e","n/e","n/e","n/e","n/e","n/e","n/e","n/e","2696","n/e","n/e","19","n/e","0","n/e","n/e","132"
"BZN|SE1","13.03.2022 23:00 - 14.03.2022 00:00 (CET/CEST)","n/e","n/e","n/e","n/e","n/e","n/e","n/e","n/e","n/e","n/e","n/e","n/e","n/e","2682","n/e","n/e","19","n/e","0","n/e","n/e","107"
"BZN|SE1","14.03.2022 00:00 - 14.03.2022 01:00 (CET/CEST)","n/e","n/e","n/e","n/e","n/e","n/e","n/e","n/e","n/e","n/e","n/e","n/e","n/e","2738","n/e","n/e","19","n/e","0","n/e","n/e","77"
"BZN|SE1","14.03.2022 01:00 - 14.03.2022 02:00 (CET/CEST)","n/e","n/e","n/e","n/e","n/e","n/e","n/e","n/e","n/e","n/e","n/e","n/e","n/e","2805","n/e","n/e","19","n/e","0","n/e","n/e","42"
"BZN|SE1","14.03.2022 02:00 - 14.03.2022 03:00 (CET/CEST)","n/e","n/e","n/e","n/e","n/e","n/e","n/e","n/e","n/e","n/e","n/e","n/e","n/e","2800","n/e","n/e","19","n/e","0","n/e","n/e","51"
"BZN|SE1","14.03.2022 03:00 - 14.03.2022 04:00 (CET/CEST)","n/e","n/e","n/e","n/e","n/e","n/e","n/e","n/e","n/e","n/e","n/e","n/e","n/e","2848","n/e","n/e","19","n/e","0","n/e","n/e","62"
"BZN|SE1","14.03.2022 04:00 - 14.03.2022 05:00 (CET/CEST)","n/e","n/e","n/e","n/e","n/e","n/e","n/e","n/e","n/e","n/e","n/e","n/e","n/e","2918","n/e","n/e","19","n/e","0","n/e","n/e","45"
"BZN|SE1","14.03.2022 05:00 - 14.03.2022 06:00 (CET/CEST)","n/e","n/e","n/e","n/e","n/e","n/e","n/e","n/e","n/e","n/e","n/e","n/e","n/e","3067","n/e","n/e","19","n/e","0","n/e","n/e","34"
"BZN|SE1","14.03.2022 06:00 - 14.03.2022 07:00 (CET/CEST)","n/e","n/e","n/e","n/e","n/e","n/e","n/e","n/e","n/e","n/e","n/e","n/e","n/e","3241","n/e","n/e","19","n/e","0","n/e","n/e","40"
"BZN|SE1","14.03.2022 07:00 - 14.03.2022 08:00 (CET/CEST)","n/e","n/e","n/e","n/e","n/e","n/e","n/e","n/e","n/e","n/e","n/e","n/e","n/e","3381","n/e","n/e","19","n/e","0","n/e","n/e","55"
"BZN|SE1","14.03.2022 08:00 - 14.03.2022 09:00 (CET/CEST)","n/e","n/e","n/e","n/e","n/e","n/e","n/e","n/e","n/e","n/e","n/e","n/e","n/e","3501","n/e","n/e","19","n/e","0","n/e","n/e","67"
"BZN|SE1","14.03.2022 09:00 - 14.03.2022 10:00 (CET/CEST)","n/e","n/e","n/e","n/e","n/e","n/e","n/e","n/e","n/e","n/e","n/e","n/e","n/e","3487","n/e","n/e","28","n/e","0","n/e","n/e","75"
"BZN|SE1","14.03.2022 10:00 - 14.03.2022 11:00 (CET/CEST)","n/e","n/e","n/e","n/e","n/e","n/e","n/e","n/e","n/e","n/e","n/e","n/e","n/e","3504","n/e","n/e","29","n/e","0","n/e","n/e","82"
"BZN|SE1","14.03.2022 11:00 - 14.03.2022 12:00 (CET/CEST)","n/e","n/e","n/e","n/e","n/e","n/e","n/e","n/e","n/e","n/e","n/e","n/e","n/e","3723","n/e","n/e","29","n/e","0","n/e","n/e","56"
"BZN|SE1","14.03.2022 12:00 - 14.03.2022 13:00 (CET/CEST)","n/e","n/e","n/e","n/e","n/e","n/e","n/e","n/e","n/e","n/e","n/e","n/e","n/e","3676","n/e","n/e","29","n/e","0","n/e","n/e","38"
"BZN|SE1","14.03.2022 13:00 - 14.03.2022 14:00 (CET/CEST)","n/e","n/e","n/e","n/e","n/e","n/e","n/e","n/e","n/e","n/e","n/e","n/e","n/e","3679","n/e","n/e","29","n/e","0","n/e","n/e","29"
"BZN|SE1","14.03.2022 14:00 - 14.03.2022 15:00 (CET/CEST)","n/e","n/e","n/e","n/e","n/e","n/e","n/e","n/e","n/e","n/e","n/e","n/e","n/e","3601","n/e","n/e","29","n/e","0","n/e","n/e","38"
"BZN|SE1","14.03.2022 15:00 - 14.03.2022 16:00 (CET/CEST)","n/e","n/e","n/e","n/e","n/e","n/e","n/e","n/e","n/e","n/e","n/e","n/e","n/e","3459","n/e","n/e","29","n/e","0","n/e","n/e","55"
"BZN|SE1","14.03.2022 16:00 - 14.03.2022 17:00 (CET/CEST)","n/e","n/e","n/e","n/e","n/e","n/e","n/e","n/e","n/e","n/e","n/e","n/e","n/e","3243","n/e","n/e","29","n/e","0","n/e","n/e","82"
"BZN|SE1","14.03.2022 17:00 - 14.03.2022 18:00 (CET/CEST)","n/e","n/e","n/e","n/e","n/e","n/e","n/e","n/e","n/e","n/e","n/e","n/e","n/e","3161","n/e","n/e","36","n/e","0","n/e","n/e","127"
"BZN|SE1","14.03.2022 18:00 - 14.03.2022 19:00 (CET/CEST)","n/e","n/e","n/e","n/e","n/e","n/e","n/e","n/e","n/e","n/e","n/e","n/e","n/e","2821","n/e","n/e","36","n/e","0","n/e","n/e","158"
"BZN|SE1","14.03.2022 19:00 - 14.03.2022 20:00 (CET/CEST)","n/e","n/e","n/e","n/e","n/e","n/e","n/e","n/e","n/e","n/e","n/e","n/e","n/e","2839","n/e","n/e","36","n/e","0","n/e","n/e","221"
"BZN|SE1","14.03.2022 20:00 - 14.03.2022 21:00 (CET/CEST)","n/e","n/e","n/e","n/e","n/e","n/e","n/e","n/e","n/e","n/e","n/e","n/e","n/e","2851","n/e","n/e","36","n/e","0","n/e","n/e","256"
"BZN|SE1","14.03.2022 21:00 - 14.03.2022 22:00 (CET/CEST)","n/e","n/e","n/e","n/e","n/e","n/e","n/e","n/e","n/e","n/e","n/e","n/e","n/e","2988","n/e","n/e","36","n/e","0","n/e","n/e","212"
"BZN|SE1","14.03.2022 22:00 - 14.03.2022 23:00 (CET/CEST)","n/e","n/e","n/e","n/e","n/e","n/e","n/e","n/e","n/e","n/e","n/e","n/e","n/e","2809","n/e","n/e","36","n/e","0","n/e","n/e","269"
"BZN|SE1","14.03.2022 23:00 - 15.03.2022 00:00 (CET/CEST)","n/e","n/e","n/e","n/e","n/e","n/e","n/e","n/e","n/e","n/e","n/e","n/e","n/e","2812","n/e","n/e","36","n/e","0","n/e","n/e","185"
"BZN|SE1","15.03.2022 00:00 - 15.03.2022 01:00 (CET/CEST)","n/e","n/e","n/e","n/e","n/e","n/e","n/e","n/e","n/e","n/e","n/e","n/e","n/e","3108","n/e","n/e","33","n/e","0","n/e","n/e","158"
"BZN|SE1","15.03.2022 01:00 - 15.03.2022 02:00 (CET/CEST)","n/e","n/e","n/e","n/e","n/e","n/e","n/e","n/e","n/e","n/e","n/e","n/e","n/e","3285","n/e","n/e","33","n/e","0","n/e","n/e","122"
"BZN|SE1","15.03.2022 02:00 - 15.03.2022 03:00 (CET/CEST)","n/e","n/e","n/e","n/e","n/e","n/e","n/e","n/e","n/e","n/e","n/e","n/e","n/e","3408","n/e","n/e","33","n/e","0","n/e","n/e","97"
"BZN|SE1","15.03.2022 03:00 - 15.03.2022 04:00 (CET/CEST)","n/e","n/e","n/e","n/e","n/e","n/e","n/e","n/e","n/e","n/e","n/e","n/e","n/e","3474","n/e","n/e","32","n/e","0","n/e","n/e","66"
"BZN|SE1","15.03.2022 04:00 - 15.03.2022 05:00 (CET/CEST)","n/e","n/e","n/e","n/e","n/e","n/e","n/e","n/e","n/e","n/e","n/e","n/e","n/e","3548","n/e","n/e","32","n/e","0","n/e","n/e","46"
"BZN|SE1","15.03.2022 05:00 - 15.03.2022 06:00 (CET/CEST)","n/e","n/e","n/e","n/e","n/e","n/e","n/e","n/e","n/e","n/e","n/e","n/e","n/e","3632","n/e","n/e","33","n/e","0","n/e","n/e","71"
"BZN|SE1","15.03.2022 06:00 - 15.03.2022 07:00 (CET/CEST)","n/e","n/e","n/e","n/e","n/e","n/e","n/e","n/e","n/e","n/e","n/e","n/e","n/e","3787","n/e","n/e","33","n/e","0","n/e","n/e","48"
"BZN|SE1","15.03.2022 07:00 - 15.03.2022 08:00 (CET/CEST)","n/e","n/e","n/e","n/e","n/e","n/e","n/e","n/e","n/e","n/e","n/e","n/e","n/e","3773","n/e","n/e","33","n/e","0","n/e","n/e","26"
"BZN|SE1","15.03.2022 08:00 - 15.03.2022 09:00 (CET/CEST)","n/e","n/e","n/e","n/e","n/e","n/e","n/e","n/e","n/e","n/e","n/e","n/e","n/e","3659","n/e","n/e","33","n/e","0","n/e","n/e","27"
"BZN|SE1","15.03.2022 09:00 - 15.03.2022 10:00 (CET/CEST)","n/e","n/e","n/e","n/e","n/e","n/e","n/e","n/e","n/e","n/e","n/e","n/e","n/e","3646","n/e","n/e","32","n/e","0","n/e","n/e","27"
"BZN|SE1","15.03.2022 10:00 - 15.03.2022 11:00 (CET/CEST)","n/e","n/e","n/e","n/e","n/e","n/e","n/e","n/e","n/e","n/e","n/e","n/e","n/e","3634","n/e","n/e","33","n/e","0","n/e","n/e","20"
"BZN|SE1","15.03.2022 11:00 - 15.03.2022 12:00 (CET/CEST)","n/e","n/e","n/e","n/e","n/e","n/e","n/e","n/e","n/e","n/e","n/e","n/e","n/e","3798","n/e","n/e","33","n/e","0","n/e","n/e","18"
"BZN|SE1","15.03.2022 12:00 - 15.03.2022 13:00 (CET/CEST)","n/e","n/e","n/e","n/e","n/e","n/e","n/e","n/e","n/e","n/e","n/e","n/e","n/e","3772","n/e","n/e","33","n/e","0","n/e","n/e","18"
"BZN|SE1","15.03.2022 13:00 - 15.03.2022 14:00 (CET/CEST)","n/e","n/e","n/e","n/e","n/e","n/e","n/e","n/e","n/e","n/e","n/e","n/e","n/e","3689","n/e","n/e","33","n/e","0","n/e","n/e","32"
"BZN|SE1","15.03.2022 14:00 - 15.03.2022 15:00 (CET/CEST)","n/e","n/e","n/e","n/e","n/e","n/e","n/e","n/e","n/e","n/e","n/e","n/e","n/e","3645","n/e","n/e","33","n/e","0","n/e","n/e","64"
"BZN|SE1","15.03.2022 15:00 - 15.03.2022 16:00 (CET/CEST)","n/e","n/e","n/e","n/e","n/e","n/e","n/e","n/e","n/e","n/e","n/e","n/e","n/e","3501","n/e","n/e","33","n/e","0","n/e","n/e","126"
"BZN|SE1","15.03.2022 16:00 - 15.03.2022 17:00 (CET/CEST)","n/e","n/e","n/e","n/e","n/e","n/e","n/e","n/e","n/e","n/e","n/e","n/e","n/e","3003","n/e","n/e","33","n/e","0","n/e","n/e","215"
"BZN|SE1","15.03.2022 17:00 - 15.03.2022 18:00 (CET/CEST)","n/e","n/e","n/e","n/e","n/e","n/e","n/e","n/e","n/e","n/e","n/e","n/e","n/e","2703","n/e","n/e","33","n/e","0","n/e","n/e","372"
"BZN|SE1","15.03.2022 18:00 - 15.03.2022 19:00 (CET/CEST)","n/e","n/e","n/e","n/e","n/e","n/e","n/e","n/e","n/e","n/e","n/e","n/e","n/e","2508","n/e","n/e","33","n/e","0","n/e","n/e","543"
"BZN|SE1","15.03.2022 19:00 - 15.03.2022 20:00 (CET/CEST)","n/e","n/e","n/e","n/e","n/e","n/e","n/e","n/e","n/e","n/e","n/e","n/e","n/e","2295","n/e","n/e","33","n/e","0","n/e","n/e","755"
"BZN|SE1","15.03.2022 20:00 - 15.03.2022 21:00 (CET/CEST)","n/e","n/e","n/e","n/e","n/e","n/e","n/e","n/e","n/e","n/e","n/e","n/e","n/e","2282","n/e","n/e","33","n/e","0","n/e","n/e","905"
"BZN|SE1","15.03.2022 21:00 - 15.03.2022 22:00 (CET/CEST)","n/e","n/e","n/e","n/e","n/e","n/e","n/e","n/e","n/e","n/e","n/e","n/e","n/e","2321","n/e","n/e","33","n/e","0","n/e","n/e","1152"
"BZN|SE1","15.03.2022 22:00 - 15.03.2022 23:00 (CET/CEST)","n/e","n/e","n/e","n/e","n/e","n/e","n/e","n/e","n/e","n/e","n/e","n/e","n/e","2209","n/e","n/e","32","n/e","0","n/e","n/e","1216"
"BZN|SE1","15.03.2022 23:00 - 16.03.2022 00:00 (CET/CEST)","n/e","n/e","n/e","n/e","n/e","n/e","n/e","n/e","n/e","n/e","n/e","n/e","n/e","2197","n/e","n/e","29","n/e","0","n/e","n/e","1272"
"BZN|SE1","16.03.2022 00:00 - 16.03.2022 01:00 (CET/CEST)","n/e","n/e","n/e","n/e","n/e","n/e","n/e","n/e","n/e","n/e","n/e","n/e","n/e","1896","n/e","n/e","30","n/e","0","n/e","n/e","1242"
"BZN|SE1","16.03.2022 01:00 - 16.03.2022 02:00 (CET/CEST)","n/e","n/e","n/e","n/e","n/e","n/e","n/e","n/e","n/e","n/e","n/e","n/e","n/e","1975","n/e","n/e","30","n/e","0","n/e","n/e","1190"
"BZN|SE1","16.03.2022 02:00 - 16.03.2022 03:00 (CET/CEST)","n/e","n/e","n/e","n/e","n/e","n/e","n/e","n/e","n/e","n/e","n/e","n/e","n/e","2035","n/e","n/e","30","n/e","0","n/e","n/e","1277"
"BZN|SE1","16.03.2022 03:00 - 16.03.2022 04:00 (CET/CEST)","n/e","n/e","n/e","n/e","n/e","n/e","n/e","n/e","n/e","n/e","n/e","n/e","n/e","2045","n/e","n/e","30","n/e","0","n/e","n/e","1203"
"BZN|SE1","16.03.2022 04:00 - 16.03.2022 05:00 (CET/CEST)","n/e","n/e","n/e","n/e","n/e","n/e","n/e","n/e","n/e","n/e","n/e","n/e","n/e","2074","n/e","n/e","30","n/e","0","n/e","n/e","1150"
"BZN|SE1","16.03.2022 05:00 - 16.03.2022 06:00 (CET/CEST)","n/e","n/e","n/e","n/e","n/e","n/e","n/e","n/e","n/e","n/e","n/e","n/e","n/e","2188","n/e","n/e","30","n/e","0","n/e","n/e","1087"
"BZN|SE1","16.03.2022 06:00 - 16.03.2022 07:00 (CET/CEST)","n/e","n/e","n/e","n/e","n/e","n/e","n/e","n/e","n/e","n/e","n/e","n/e","n/e","2186","n/e","n/e","30","n/e","0","n/e","n/e","989"
"BZN|SE1","16.03.2022 07:00 - 16.03.2022 08:00 (CET/CEST)","n/e","n/e","n/e","n/e","n/e","n/e","n/e","n/e","n/e","n/e","n/e","n/e","n/e","2388","n/e","n/e","30","n/e","0","n/e","n/e","991"
"BZN|SE1","16.03.2022 08:00 - 16.03.2022 09:00 (CET/CEST)","n/e","n/e","n/e","n/e","n/e","n/e","n/e","n/e","n/e","n/e","n/e","n/e","n/e","2555","n/e","n/e","30","n/e","0","n/e","n/e","979"
"BZN|SE1","16.03.2022 09:00 - 16.03.2022 10:00 (CET/CEST)","n/e","n/e","n/e","n/e","n/e","n/e","n/e","n/e","n/e","n/e","n/e","n/e","n/e","2797","n/e","n/e","27","n/e","0","n/e","n/e","885"
"BZN|SE1","16.03.2022 10:00 - 16.03.2022 11:00 (CET/CEST)","n/e","n/e","n/e","n/e","n/e","n/e","n/e","n/e","n/e","n/e","n/e","n/e","n/e","2895","n/e","n/e","27","n/e","0","n/e","n/e","717"
"BZN|SE1","16.03.2022 11:00 - 16.03.2022 12:00 (CET/CEST)","n/e","n/e","n/e","n/e","n/e","n/e","n/e","n/e","n/e","n/e","n/e","n/e","n/e","2869","n/e","n/e","27","n/e","0","n/e","n/e","718"
"BZN|SE1","16.03.2022 12:00 - 16.03.2022 13:00 (CET/CEST)","n/e","n/e","n/e","n/e","n/e","n/e","n/e","n/e","n/e","n/e","n/e","n/e","n/e","2700","n/e","n/e","27","n/e","0","n/e","n/e","675"
"BZN|SE1","16.03.2022 13:00 - 16.03.2022 14:00 (CET/CEST)","n/e","n/e","n/e","n/e","n/e","n/e","n/e","n/e","n/e","n/e","n/e","n/e","n/e","2626","n/e","n/e","27","n/e","0","n/e","n/e","766"
"BZN|SE1","16.03.2022 14:00 - 16.03.2022 15:00 (CET/CEST)","n/e","n/e","n/e","n/e","n/e","n/e","n/e","n/e","n/e","n/e","n/e","n/e","n/e","2575","n/e","n/e","27","n/e","0","n/e","n/e","861"
"BZN|SE1","16.03.2022 15:00 - 16.03.2022 16:00 (CET/CEST)","n/e","n/e","n/e","n/e","n/e","n/e","n/e","n/e","n/e","n/e","n/e","n/e","n/e","2382","n/e","n/e","21","n/e","0","n/e","n/e","980"
"BZN|SE1","16.03.2022 16:00 - 16.03.2022 17:00 (CET/CEST)","n/e","n/e","n/e","n/e","n/e","n/e","n/e","n/e","n/e","n/e","n/e","n/e","n/e","2148","n/e","n/e","21","n/e","0","n/e","n/e","1080"
"BZN|SE1","16.03.2022 17:00 - 16.03.2022 18:00 (CET/CEST)","n/e","n/e","n/e","n/e","n/e","n/e","n/e","n/e","n/e","n/e","n/e","n/e","n/e","1898","n/e","n/e","19","n/e","0","n/e","n/e","1152"
"BZN|SE1","16.03.2022 18:00 - 16.03.2022 19:00 (CET/CEST)","n/e","n/e","n/e","n/e","n/e","n/e","n/e","n/e","n/e","n/e","n/e","n/e","n/e","1778","n/e","n/e","19","n/e","0","n/e","n/e","1233"
"BZN|SE1","16.03.2022 19:00 - 16.03.2022 20:00 (CET/CEST)","n/e","n/e","n/e","n/e","n/e","n/e","n/e","n/e","n/e","n/e","n/e","n/e","n/e","1651","n/e","n/e","19","n/e","0","n/e","n/e","1325"
"BZN|SE1","16.03.2022 20:00 - 16.03.2022 21:00 (CET/CEST)","n/e","n/e","n/e","n/e","n/e","n/e","n/e","n/e","n/e","n/e","n/e","n/e","n/e","1675","n/e","n/e","19","n/e","0","n/e","n/e","1347"
"BZN|SE1","16.03.2022 21:00 - 16.03.2022 22:00 (CET/CEST)","n/e","n/e","n/e","n/e","n/e","n/e","n/e","n/e","n/e","n/e","n/e","n/e","n/e","1733","n/e","n/e","19","n/e","0","n/e","n/e","1398"
"BZN|SE1","16.03.2022 22:00 - 16.03.2022 23:00 (CET/CEST)","n/e","n/e","n/e","n/e","n/e","n/e","n/e","n/e","n/e","n/e","n/e","n/e","n/e","1634","n/e","n/e","19","n/e","0","n/e","n/e","1313"
"BZN|SE1","16.03.2022 23:00 - 17.03.2022 00:00 (CET/CEST)","n/e","n/e","n/e","n/e","n/e","n/e","n/e","n/e","n/e","n/e","n/e","n/e","n/e","1624","n/e","n/e","19","n/e","0","n/e","n/e","1181"
"BZN|SE1","17.03.2022 00:00 - 17.03.2022 01:00 (CET/CEST)","n/e","n/e","n/e","n/e","n/e","n/e","n/e","n/e","n/e","n/e","n/e","n/e","n/e","1384","n/e","n/e","18","n/e","0","n/e","n/e","1180"
"BZN|SE1","17.03.2022 01:00 - 17.03.2022 02:00 (CET/CEST)","n/e","n/e","n/e","n/e","n/e","n/e","n/e","n/e","n/e","n/e","n/e","n/e","n/e","1380","n/e","n/e","18","n/e","0","n/e","n/e","1164"
"BZN|SE1","17.03.2022 02:00 - 17.03.2022 03:00 (CET/CEST)","n/e","n/e","n/e","n/e","n/e","n/e","n/e","n/e","n/e","n/e","n/e","n/e","n/e","1376","n/e","n/e","18","n/e","0","n/e","n/e","1115"
"BZN|SE1","17.03.2022 03:00 - 17.03.2022 04:00 (CET/CEST)","n/e","n/e","n/e","n/e","n/e","n/e","n/e","n/e","n/e","n/e","n/e","n/e","n/e","1372","n/e","n/e","18","n/e","0","n/e","n/e","1090"
"BZN|SE1","17.03.2022 04:00 - 17.03.2022 05:00 (CET/CEST)","n/e","n/e","n/e","n/e","n/e","n/e","n/e","n/e","n/e","n/e","n/e","n/e","n/e","1383","n/e","n/e","18","n/e","0","n/e","n/e","1171"
"BZN|SE1","17.03.2022 05:00 - 17.03.2022 06:00 (CET/CEST)","n/e","n/e","n/e","n/e","n/e","n/e","n/e","n/e","n/e","n/e","n/e","n/e","n/e","1445","n/e","n/e","18","n/e","0","n/e","n/e","1190"
"BZN|SE1","17.03.2022 06:00 - 17.03.2022 07:00 (CET/CEST)","n/e","n/e","n/e","n/e","n/e","n/e","n/e","n/e","n/e","n/e","n/e","n/e","n/e","1526","n/e","n/e","18","n/e","0","n/e","n/e","1162"
"BZN|SE1","17.03.2022 07:00 - 17.03.2022 08:00 (CET/CEST)","n/e","n/e","n/e","n/e","n/e","n/e","n/e","n/e","n/e","n/e","n/e","n/e","n/e","1516","n/e","n/e","18","n/e","0","n/e","n/e","1177"
"BZN|SE1","17.03.2022 08:00 - 17.03.2022 09:00 (CET/CEST)","n/e","n/e","n/e","n/e","n/e","n/e","n/e","n/e","n/e","n/e","n/e","n/e","n/e","1545","n/e","n/e","19","n/e","0","n/e","n/e","1156"
"BZN|SE1","17.03.2022 09:00 - 17.03.2022 10:00 (CET/CEST)","n/e","n/e","n/e","n/e","n/e","n/e","n/e","n/e","n/e","n/e","n/e","n/e","n/e","1836","n/e","n/e","22","n/e","0","n/e","n/e","1034"
"BZN|SE1","17.03.2022 10:00 - 17.03.2022 11:00 (CET/CEST)","n/e","n/e","n/e","n/e","n/e","n/e","n/e","n/e","n/e","n/e","n/e","n/e","n/e","1879","n/e","n/e","22","n/e","0","n/e","n/e","870"
"BZN|SE1","17.03.2022 11:00 - 17.03.2022 12:00 (CET/CEST)","n/e","n/e","n/e","n/e","n/e","n/e","n/e","n/e","n/e","n/e","n/e","n/e","n/e","1752","n/e","n/e","22","n/e","1","n/e","n/e","841"
"BZN|SE1","17.03.2022 12:00 - 17.03.2022 13:00 (CET/CEST)","n/e","n/e","n/e","n/e","n/e","n/e","n/e","n/e","n/e","n/e","n/e","n/e","n/e","1587","n/e","n/e","19","n/e","1","n/e","n/e","820"
"BZN|SE1","17.03.2022 13:00 - 17.03.2022 14:00 (CET/CEST)","n/e","n/e","n/e","n/e","n/e","n/e","n/e","n/e","n/e","n/e","n/e","n/e","n/e","1510","n/e","n/e","19","n/e","0","n/e","n/e","981"
"BZN|SE1","17.03.2022 14:00 - 17.03.2022 15:00 (CET/CEST)","n/e","n/e","n/e","n/e","n/e","n/e","n/e","n/e","n/e","n/e","n/e","n/e","n/e","1444","n/e","n/e","19","n/e","0","n/e","n/e","1088"
"BZN|SE1","17.03.2022 15:00 - 17.03.2022 16:00 (CET/CEST)","n/e","n/e","n/e","n/e","n/e","n/e","n/e","n/e","n/e","n/e","n/e","n/e","n/e","1358","n/e","n/e","18","n/e","0","n/e","n/e","1251"
"BZN|SE1","17.03.2022 16:00 - 17.03.2022 17:00 (CET/CEST)","n/e","n/e","n/e","n/e","n/e","n/e","n/e","n/e","n/e","n/e","n/e","n/e","n/e","1289","n/e","n/e","18","n/e","0","n/e","n/e","1361"
"BZN|SE1","17.03.2022 17:00 - 17.03.2022 18:00 (CET/CEST)","n/e","n/e","n/e","n/e","n/e","n/e","n/e","n/e","n/e","n/e","n/e","n/e","n/e","1147","n/e","n/e","18","n/e","0","n/e","n/e","1527"
"BZN|SE1","17.03.2022 18:00 - 17.03.2022 19:00 (CET/CEST)","n/e","n/e","n/e","n/e","n/e","n/e","n/e","n/e","n/e","n/e","n/e","n/e","n/e","1137","n/e","n/e","18","n/e","0","n/e","n/e","1651"
"BZN|SE1","17.03.2022 19:00 - 17.03.2022 20:00 (CET/CEST)","n/e","n/e","n/e","n/e","n/e","n/e","n/e","n/e","n/e","n/e","n/e","n/e","n/e","1136","n/e","n/e","18","n/e","0","n/e","n/e","1721"
"BZN|SE1","17.03.2022 20:00 - 17.03.2022 21:00 (CET/CEST)","n/e","n/e","n/e","n/e","n/e","n/e","n/e","n/e","n/e","n/e","n/e","n/e","n/e","1109","n/e","n/e","18","n/e","0","n/e","n/e","1716"
"BZN|SE1","17.03.2022 21:00 - 17.03.2022 22:00 (CET/CEST)","n/e","n/e","n/e","n/e","n/e","n/e","n/e","n/e","n/e","n/e","n/e","n/e","n/e","1079","n/e","n/e","18","n/e","0","n/e","n/e","1733"
"BZN|SE1","17.03.2022 22:00 - 17.03.2022 23:00 (CET/CEST)","n/e","n/e","n/e","n/e","n/e","n/e","n/e","n/e","n/e","n/e","n/e","n/e","n/e","1061","n/e","n/e","18","n/e","0","n/e","n/e","1726"
"BZN|SE1","17.03.2022 23:00 - 18.03.2022 00:00 (CET/CEST)","n/e","n/e","n/e","n/e","n/e","n/e","n/e","n/e","n/e","n/e","n/e","n/e","n/e","1059","n/e","n/e","18","n/e","0","n/e","n/e","1705"
"BZN|SE1","18.03.2022 00:00 - 18.03.2022 01:00 (CET/CEST)","n/e","n/e","n/e","n/e","n/e","n/e","n/e","n/e","n/e","n/e","n/e","n/e","n/e","1002","n/e","n/e","17","n/e","0","n/e","n/e","1714"
"BZN|SE1","18.03.2022 01:00 - 18.03.2022 02:00 (CET/CEST)","n/e","n/e","n/e","n/e","n/e","n/e","n/e","n/e","n/e","n/e","n/e","n/e","n/e","845","n/e","n/e","17","n/e","0","n/e","n/e","1712"
"BZN|SE1","18.03.2022 02:00 - 18.03.2022 03:00 (CET/CEST)","n/e","n/e","n/e","n/e","n/e","n/e","n/e","n/e","n/e","n/e","n/e","n/e","n/e","834","n/e","n/e","17","n/e","0","n/e","n/e","1678"
"BZN|SE1","18.03.2022 03:00 - 18.03.2022 04:00 (CET/CEST)","n/e","n/e","n/e","n/e","n/e","n/e","n/e","n/e","n/e","n/e","n/e","n/e","n/e","840","n/e","n/e","17","n/e","0","n/e","n/e","1654"
"BZN|SE1","18.03.2022 04:00 - 18.03.2022 05:00 (CET/CEST)","n/e","n/e","n/e","n/e","n/e","n/e","n/e","n/e","n/e","n/e","n/e","n/e","n/e","987","n/e","n/e","17","n/e","0","n/e","n/e","1563"
"BZN|SE1","18.03.2022 05:00 - 18.03.2022 06:00 (CET/CEST)","n/e","n/e","n/e","n/e","n/e","n/e","n/e","n/e","n/e","n/e","n/e","n/e","n/e","1274","n/e","n/e","17","n/e","0","n/e","n/e","1435"
"BZN|SE1","18.03.2022 06:00 - 18.03.2022 07:00 (CET/CEST)","n/e","n/e","n/e","n/e","n/e","n/e","n/e","n/e","n/e","n/e","n/e","n/e","n/e","1496","n/e","n/e","17","n/e","0","n/e","n/e","1441"
"BZN|SE1","18.03.2022 07:00 - 18.03.2022 08:00 (CET/CEST)","n/e","n/e","n/e","n/e","n/e","n/e","n/e","n/e","n/e","n/e","n/e","n/e","n/e","1680","n/e","n/e","17","n/e","0","n/e","n/e","1393"
"BZN|SE1","18.03.2022 08:00 - 18.03.2022 09:00 (CET/CEST)","n/e","n/e","n/e","n/e","n/e","n/e","n/e","n/e","n/e","n/e","n/e","n/e","n/e","1756","n/e","n/e","18","n/e","0","n/e","n/e","1231"
"BZN|SE1","18.03.2022 09:00 - 18.03.2022 10:00 (CET/CEST)","n/e","n/e","n/e","n/e","n/e","n/e","n/e","n/e","n/e","n/e","n/e","n/e","n/e","1671","n/e","n/e","18","n/e","0","n/e","n/e","1149"
"BZN|SE1","18.03.2022 10:00 - 18.03.2022 11:00 (CET/CEST)","n/e","n/e","n/e","n/e","n/e","n/e","n/e","n/e","n/e","n/e","n/e","n/e","n/e","1552","n/e","n/e","18","n/e","1","n/e","n/e","1167"
"BZN|SE1","18.03.2022 11:00 - 18.03.2022 12:00 (CET/CEST)","n/e","n/e","n/e","n/e","n/e","n/e","n/e","n/e","n/e","n/e","n/e","n/e","n/e","1530","n/e","n/e","18","n/e","1","n/e","n/e","1183"
"BZN|SE1","18.03.2022 12:00 - 18.03.2022 13:00 (CET/CEST)","n/e","n/e","n/e","n/e","n/e","n/e","n/e","n/e","n/e","n/e","n/e","n/e","n/e","1364","n/e","n/e","18","n/e","1","n/e","n/e","1212"
"BZN|SE1","18.03.2022 13:00 - 18.03.2022 14:00 (CET/CEST)","n/e","n/e","n/e","n/e","n/e","n/e","n/e","n/e","n/e","n/e","n/e","n/e","n/e","1369","n/e","n/e","18","n/e","1","n/e","n/e","1281"
"BZN|SE1","18.03.2022 14:00 - 18.03.2022 15:00 (CET/CEST)","n/e","n/e","n/e","n/e","n/e","n/e","n/e","n/e","n/e","n/e","n/e","n/e","n/e","1201","n/e","n/e","17","n/e","0","n/e","n/e","1301"
"BZN|SE1","18.03.2022 15:00 - 18.03.2022 16:00 (CET/CEST)","n/e","n/e","n/e","n/e","n/e","n/e","n/e","n/e","n/e","n/e","n/e","n/e","n/e","1316","n/e","n/e","17","n/e","0","n/e","n/e","1356"
"BZN|SE1","18.03.2022 16:00 - 18.03.2022 17:00 (CET/CEST)","n/e","n/e","n/e","n/e","n/e","n/e","n/e","n/e","n/e","n/e","n/e","n/e","n/e","1412","n/e","n/e","22","n/e","0","n/e","n/e","1401"
"BZN|SE1","18.03.2022 17:00 - 18.03.2022 18:00 (CET/CEST)","n/e","n/e","n/e","n/e","n/e","n/e","n/e","n/e","n/e","n/e","n/e","n/e","n/e","1445","n/e","n/e","22","n/e","0","n/e","n/e","1353"
"BZN|SE1","18.03.2022 18:00 - 18.03.2022 19:00 (CET/CEST)","n/e","n/e","n/e","n/e","n/e","n/e","n/e","n/e","n/e","n/e","n/e","n/e","n/e","1526","n/e","n/e","22","n/e","0","n/e","n/e","1398"
"BZN|SE1","18.03.2022 19:00 - 18.03.2022 20:00 (CET/CEST)","n/e","n/e","n/e","n/e","n/e","n/e","n/e","n/e","n/e","n/e","n/e","n/e","n/e","1427","n/e","n/e","22","n/e","0","n/e","n/e","1352"
"BZN|SE1","18.03.2022 20:00 - 18.03.2022 21:00 (CET/CEST)","n/e","n/e","n/e","n/e","n/e","n/e","n/e","n/e","n/e","n/e","n/e","n/e","n/e","1360","n/e","n/e","22","n/e","0","n/e","n/e","1375"
"BZN|SE1","18.03.2022 21:00 - 18.03.2022 22:00 (CET/CEST)","n/e","n/e","n/e","n/e","n/e","n/e","n/e","n/e","n/e","n/e","n/e","n/e","n/e","1316","n/e","n/e","22","n/e","0","n/e","n/e","1565"
"BZN|SE1","18.03.2022 22:00 - 18.03.2022 23:00 (CET/CEST)","n/e","n/e","n/e","n/e","n/e","n/e","n/e","n/e","n/e","n/e","n/e","n/e","n/e","1193","n/e","n/e","22","n/e","0","n/e","n/e","1660"
"BZN|SE1","18.03.2022 23:00 - 19.03.2022 00:00 (CET/CEST)","n/e","n/e","n/e","n/e","n/e","n/e","n/e","n/e","n/e","n/e","n/e","n/e","n/e","1187","n/e","n/e","22","n/e","0","n/e","n/e","1718"
"BZN|SE1","19.03.2022 00:00 - 19.03.2022 01:00 (CET/CEST)","n/e","n/e","n/e","n/e","n/e","n/e","n/e","n/e","n/e","n/e","n/e","n/e","n/e","1220","n/e","n/e","23","n/e","0","n/e","n/e","1728"
"BZN|SE1","19.03.2022 01:00 - 19.03.2022 02:00 (CET/CEST)","n/e","n/e","n/e","n/e","n/e","n/e","n/e","n/e","n/e","n/e","n/e","n/e","n/e","1128","n/e","n/e","23","n/e","0","n/e","n/e","1764"
"BZN|SE1","19.03.2022 02:00 - 19.03.2022 03:00 (CET/CEST)","n/e","n/e","n/e","n/e","n/e","n/e","n/e","n/e","n/e","n/e","n/e","n/e","n/e","1033","n/e","n/e","23","n/e","0","n/e","n/e","1781"
"BZN|SE1","19.03.2022 03:00 - 19.03.2022 04:00 (CET/CEST)","n/e","n/e","n/e","n/e","n/e","n/e","n/e","n/e","n/e","n/e","n/e","n/e","n/e","1036","n/e","n/e","23","n/e","0","n/e","n/e","1813"
"BZN|SE1","19.03.2022 04:00 - 19.03.2022 05:00 (CET/CEST)","n/e","n/e","n/e","n/e","n/e","n/e","n/e","n/e","n/e","n/e","n/e","n/e","n/e","1040","n/e","n/e","23","n/e","0","n/e","n/e","1814"
"BZN|SE1","19.03.2022 05:00 - 19.03.2022 06:00 (CET/CEST)","n/e","n/e","n/e","n/e","n/e","n/e","n/e","n/e","n/e","n/e","n/e","n/e","n/e","1044","n/e","n/e","23","n/e","0","n/e","n/e","1842"
"BZN|SE1","19.03.2022 06:00 - 19.03.2022 07:00 (CET/CEST)","n/e","n/e","n/e","n/e","n/e","n/e","n/e","n/e","n/e","n/e","n/e","n/e","n/e","968","n/e","n/e","23","n/e","0","n/e","n/e","1825"
"BZN|SE1","19.03.2022 07:00 - 19.03.2022 08:00 (CET/CEST)","n/e","n/e","n/e","n/e","n/e","n/e","n/e","n/e","n/e","n/e","n/e","n/e","n/e","957","n/e","n/e","23","n/e","0","n/e","n/e","1831"
"BZN|SE1","19.03.2022 08:00 - 19.03.2022 09:00 (CET/CEST)","n/e","n/e","n/e","n/e","n/e","n/e","n/e","n/e","n/e","n/e","n/e","n/e","n/e","1043","n/e","n/e","18","n/e","0","n/e","n/e","1832"
"BZN|SE1","19.03.2022 09:00 - 19.03.2022 10:00 (CET/CEST)","n/e","n/e","n/e","n/e","n/e","n/e","n/e","n/e","n/e","n/e","n/e","n/e","n/e","1049","n/e","n/e","18","n/e","0","n/e","n/e","1783"
"BZN|SE1","19.03.2022 10:00 - 19.03.2022 11:00 (CET/CEST)","n/e","n/e","n/e","n/e","n/e","n/e","n/e","n/e","n/e","n/e","n/e","n/e","n/e","1027","n/e","n/e","18","n/e","0","n/e","n/e","1719"
"BZN|SE1","19.03.2022 11:00 - 19.03.2022 12:00 (CET/CEST)","n/e","n/e","n/e","n/e","n/e","n/e","n/e","n/e","n/e","n/e","n/e","n/e","n/e","1031","n/e","n/e","18","n/e","0","n/e","n/e","1637"
"BZN|SE1","19.03.2022 12:00 - 19.03.2022 13:00 (CET/CEST)","n/e","n/e","n/e","n/e","n/e","n/e","n/e","n/e","n/e","n/e","n/e","n/e","n/e","1058","n/e","n/e","18","n/e","1","n/e","n/e","1665"
"BZN|SE1","19.03.2022 13:00 - 19.03.2022 14:00 (CET/CEST)","n/e","n/e","n/e","n/e","n/e","n/e","n/e","n/e","n/e","n/e","n/e","n/e","n/e","954","n/e","n/e","18","n/e","1","n/e","n/e","1702"
"BZN|SE1","19.03.2022 14:00 - 19.03.2022 15:00 (CET/CEST)","n/e","n/e","n/e","n/e","n/e","n/e","n/e","n/e","n/e","n/e","n/e","n/e","n/e","898","n/e","n/e","18","n/e","0","n/e","n/e","1682"
"BZN|SE1","19.03.2022 15:00 - 19.03.2022 16:00 (CET/CEST)","n/e","n/e","n/e","n/e","n/e","n/e","n/e","n/e","n/e","n/e","n/e","n/e","n/e","1017","n/e","n/e","18","n/e","0","n/e","n/e","1628"
"BZN|SE1","19.03.2022 16:00 - 19.03.2022 17:00 (CET/CEST)","n/e","n/e","n/e","n/e","n/e","n/e","n/e","n/e","n/e","n/e","n/e","n/e","n/e","1104","n/e","n/e","18","n/e","0","n/e","n/e","1569"
"BZN|SE1","19.03.2022 17:00 - 19.03.2022 18:00 (CET/CEST)","n/e","n/e","n/e","n/e","n/e","n/e","n/e","n/e","n/e","n/e","n/e","n/e","n/e","1153","n/e","n/e","18","n/e","0","n/e","n/e","1583"
"BZN|SE1","19.03.2022 18:00 - 19.03.2022 19:00 (CET/CEST)","n/e","n/e","n/e","n/e","n/e","n/e","n/e","n/e","n/e","n/e","n/e","n/e","n/e","1158","n/e","n/e","18","n/e","0","n/e","n/e","1651"
"BZN|SE1","19.03.2022 19:00 - 19.03.2022 20:00 (CET/CEST)","n/e","n/e","n/e","n/e","n/e","n/e","n/e","n/e","n/e","n/e","n/e","n/e","n/e","1171","n/e","n/e","18","n/e","0","n/e","n/e","1638"
"BZN|SE1","19.03.2022 20:00 - 19.03.2022 21:00 (CET/CEST)","n/e","n/e","n/e","n/e","n/e","n/e","n/e","n/e","n/e","n/e","n/e","n/e","n/e","1157","n/e","n/e","18","n/e","0","n/e","n/e","1680"
"BZN|SE1","19.03.2022 21:00 - 19.03.2022 22:00 (CET/CEST)","n/e","n/e","n/e","n/e","n/e","n/e","n/e","n/e","n/e","n/e","n/e","n/e","n/e","1123","n/e","n/e","18","n/e","0","n/e","n/e","1671"
"BZN|SE1","19.03.2022 22:00 - 19.03.2022 23:00 (CET/CEST)","n/e","n/e","n/e","n/e","n/e","n/e","n/e","n/e","n/e","n/e","n/e","n/e","n/e","1105","n/e","n/e","18","n/e","0","n/e","n/e","1681"
"BZN|SE1","19.03.2022 23:00 - 20.03.2022 00:00 (CET/CEST)","n/e","n/e","n/e","n/e","n/e","n/e","n/e","n/e","n/e","n/e","n/e","n/e","n/e","1232","n/e","n/e","18","n/e","0","n/e","n/e","1684"
"BZN|SE1","20.03.2022 00:00 - 20.03.2022 01:00 (CET/CEST)","n/e","n/e","n/e","n/e","n/e","n/e","n/e","n/e","n/e","n/e","n/e","n/e","n/e","1169","n/e","n/e","19","n/e","0","n/e","n/e","1667"
"BZN|SE1","20.03.2022 01:00 - 20.03.2022 02:00 (CET/CEST)","n/e","n/e","n/e","n/e","n/e","n/e","n/e","n/e","n/e","n/e","n/e","n/e","n/e","1137","n/e","n/e","19","n/e","0","n/e","n/e","1723"
"BZN|SE1","20.03.2022 02:00 - 20.03.2022 03:00 (CET/CEST)","n/e","n/e","n/e","n/e","n/e","n/e","n/e","n/e","n/e","n/e","n/e","n/e","n/e","1129","n/e","n/e","19","n/e","0","n/e","n/e","1653"
"BZN|SE1","20.03.2022 03:00 - 20.03.2022 04:00 (CET/CEST)","n/e","n/e","n/e","n/e","n/e","n/e","n/e","n/e","n/e","n/e","n/e","n/e","n/e","1191","n/e","n/e","19","n/e","0","n/e","n/e","1604"
"BZN|SE1","20.03.2022 04:00 - 20.03.2022 05:00 (CET/CEST)","n/e","n/e","n/e","n/e","n/e","n/e","n/e","n/e","n/e","n/e","n/e","n/e","n/e","1395","n/e","n/e","19","n/e","0","n/e","n/e","1475"
"BZN|SE1","20.03.2022 05:00 - 20.03.2022 06:00 (CET/CEST)","n/e","n/e","n/e","n/e","n/e","n/e","n/e","n/e","n/e","n/e","n/e","n/e","n/e","1468","n/e","n/e","19","n/e","0","n/e","n/e","1517"
"BZN|SE1","20.03.2022 06:00 - 20.03.2022 07:00 (CET/CEST)","n/e","n/e","n/e","n/e","n/e","n/e","n/e","n/e","n/e","n/e","n/e","n/e","n/e","1597","n/e","n/e","19","n/e","0","n/e","n/e","1582"
"BZN|SE1","20.03.2022 07:00 - 20.03.2022 08:00 (CET/CEST)","n/e","n/e","n/e","n/e","n/e","n/e","n/e","n/e","n/e","n/e","n/e","n/e","n/e","1671","n/e","n/e","19","n/e","0","n/e","n/e","1497"
"BZN|SE1","20.03.2022 08:00 - 20.03.2022 09:00 (CET/CEST)","n/e","n/e","n/e","n/e","n/e","n/e","n/e","n/e","n/e","n/e","n/e","n/e","n/e","1445","n/e","n/e","19","n/e","0","n/e","n/e","1504"
"BZN|SE1","20.03.2022 09:00 - 20.03.2022 10:00 (CET/CEST)","n/e","n/e","n/e","n/e","n/e","n/e","n/e","n/e","n/e","n/e","n/e","n/e","n/e","1306","n/e","n/e","19","n/e","0","n/e","n/e","1393"
"BZN|SE1","20.03.2022 10:00 - 20.03.2022 11:00 (CET/CEST)","n/e","n/e","n/e","n/e","n/e","n/e","n/e","n/e","n/e","n/e","n/e","n/e","n/e","1288","n/e","n/e","19","n/e","1","n/e","n/e","1258"
"BZN|SE1","20.03.2022 11:00 - 20.03.2022 12:00 (CET/CEST)","n/e","n/e","n/e","n/e","n/e","n/e","n/e","n/e","n/e","n/e","n/e","n/e","n/e","1334","n/e","n/e","19","n/e","1","n/e","n/e","1177"
"BZN|SE1","20.03.2022 12:00 - 20.03.2022 13:00 (CET/CEST)","n/e","n/e","n/e","n/e","n/e","n/e","n/e","n/e","n/e","n/e","n/e","n/e","n/e","1248","n/e","n/e","19","n/e","1","n/e","n/e","1134"
"BZN|SE1","20.03.2022 13:00 - 20.03.2022 14:00 (CET/CEST)","n/e","n/e","n/e","n/e","n/e","n/e","n/e","n/e","n/e","n/e","n/e","n/e","n/e","1200","n/e","n/e","19","n/e","1","n/e","n/e","1220"
"BZN|SE1","20.03.2022 14:00 - 20.03.2022 15:00 (CET/CEST)","n/e","n/e","n/e","n/e","n/e","n/e","n/e","n/e","n/e","n/e","n/e","n/e","n/e","1195","n/e","n/e","19","n/e","0","n/e","n/e","1369"
"BZN|SE1","20.03.2022 15:00 - 20.03.2022 16:00 (CET/CEST)","n/e","n/e","n/e","n/e","n/e","n/e","n/e","n/e","n/e","n/e","n/e","n/e","n/e","1186","n/e","n/e","18","n/e","0","n/e","n/e","1387"
"BZN|SE1","20.03.2022 16:00 - 20.03.2022 17:00 (CET/CEST)","n/e","n/e","n/e","n/e","n/e","n/e","n/e","n/e","n/e","n/e","n/e","n/e","n/e","1324","n/e","n/e","18","n/e","0","n/e","n/e","1349"
"BZN|SE1","20.03.2022 17:00 - 20.03.2022 18:00 (CET/CEST)","n/e","n/e","n/e","n/e","n/e","n/e","n/e","n/e","n/e","n/e","n/e","n/e","n/e","1976","n/e","n/e","18","n/e","0","n/e","n/e","1351"
"BZN|SE1","20.03.2022 18:00 - 20.03.2022 19:00 (CET/CEST)","n/e","n/e","n/e","n/e","n/e","n/e","n/e","n/e","n/e","n/e","n/e","n/e","n/e","1728","n/e","n/e","18","n/e","0","n/e","n/e","1349"
"BZN|SE1","20.03.2022 19:00 - 20.03.2022 20:00 (CET/CEST)","n/e","n/e","n/e","n/e","n/e","n/e","n/e","n/e","n/e","n/e","n/e","n/e","n/e","1616","n/e","n/e","18","n/e","0","n/e","n/e","1343"
"BZN|SE1","20.03.2022 20:00 - 20.03.2022 21:00 (CET/CEST)","n/e","n/e","n/e","n/e","n/e","n/e","n/e","n/e","n/e","n/e","n/e","n/e","n/e","1613","n/e","n/e","18","n/e","0","n/e","n/e","1311"
"BZN|SE1","20.03.2022 21:00 - 20.03.2022 22:00 (CET/CEST)","n/e","n/e","n/e","n/e","n/e","n/e","n/e","n/e","n/e","n/e","n/e","n/e","n/e","1591","n/e","n/e","18","n/e","0","n/e","n/e","1281"
"BZN|SE1","20.03.2022 22:00 - 20.03.2022 23:00 (CET/CEST)","n/e","n/e","n/e","n/e","n/e","n/e","n/e","n/e","n/e","n/e","n/e","n/e","n/e","1582","n/e","n/e","18","n/e","0","n/e","n/e","1237"
"BZN|SE1","20.03.2022 23:00 - 21.03.2022 00:00 (CET/CEST)","n/e","n/e","n/e","n/e","n/e","n/e","n/e","n/e","n/e","n/e","n/e","n/e","n/e","1480","n/e","n/e","19","n/e","0","n/e","n/e","1191"
"BZN|SE1","21.03.2022 00:00 - 21.03.2022 01:00 (CET/CEST)","n/e","n/e","n/e","n/e","n/e","n/e","n/e","n/e","n/e","n/e","n/e","n/e","n/e","1281","n/e","n/e","19","n/e","0","n/e","n/e","1205"
"BZN|SE1","21.03.2022 01:00 - 21.03.2022 02:00 (CET/CEST)","n/e","n/e","n/e","n/e","n/e","n/e","n/e","n/e","n/e","n/e","n/e","n/e","n/e","1032","n/e","n/e","19","n/e","0","n/e","n/e","1239"
"BZN|SE1","21.03.2022 02:00 - 21.03.2022 03:00 (CET/CEST)","n/e","n/e","n/e","n/e","n/e","n/e","n/e","n/e","n/e","n/e","n/e","n/e","n/e","981","n/e","n/e","19","n/e","0","n/e","n/e","1375"
"BZN|SE1","21.03.2022 03:00 - 21.03.2022 04:00 (CET/CEST)","n/e","n/e","n/e","n/e","n/e","n/e","n/e","n/e","n/e","n/e","n/e","n/e","n/e","983","n/e","n/e","19","n/e","0","n/e","n/e","1489"
"BZN|SE1","21.03.2022 04:00 - 21.03.2022 05:00 (CET/CEST)","n/e","n/e","n/e","n/e","n/e","n/e","n/e","n/e","n/e","n/e","n/e","n/e","n/e","978","n/e","n/e","19","n/e","0","n/e","n/e","1512"
"BZN|SE1","21.03.2022 05:00 - 21.03.2022 06:00 (CET/CEST)","n/e","n/e","n/e","n/e","n/e","n/e","n/e","n/e","n/e","n/e","n/e","n/e","n/e","1080","n/e","n/e","19","n/e","0","n/e","n/e","1553"
"BZN|SE1","21.03.2022 06:00 - 21.03.2022 07:00 (CET/CEST)","n/e","n/e","n/e","n/e","n/e","n/e","n/e","n/e","n/e","n/e","n/e","n/e","n/e","1491","n/e","n/e","19","n/e","0","n/e","n/e","1532"
"BZN|SE1","21.03.2022 07:00 - 21.03.2022 08:00 (CET/CEST)","n/e","n/e","n/e","n/e","n/e","n/e","n/e","n/e","n/e","n/e","n/e","n/e","n/e","1756","n/e","n/e","19","n/e","0","n/e","n/e","1481"
"BZN|SE1","21.03.2022 08:00 - 21.03.2022 09:00 (CET/CEST)","n/e","n/e","n/e","n/e","n/e","n/e","n/e","n/e","n/e","n/e","n/e","n/e","n/e","1924","n/e","n/e","19","n/e","0","n/e","n/e","1384"
"BZN|SE1","21.03.2022 09:00 - 21.03.2022 10:00 (CET/CEST)","n/e","n/e","n/e","n/e","n/e","n/e","n/e","n/e","n/e","n/e","n/e","n/e","n/e","2198","n/e","n/e","20","n/e","1","n/e","n/e","1174"
"BZN|SE1","21.03.2022 10:00 - 21.03.2022 11:00 (CET/CEST)","n/e","n/e","n/e","n/e","n/e","n/e","n/e","n/e","n/e","n/e","n/e","n/e","n/e","2427","n/e","n/e","20","n/e","1","n/e","n/e","974"
"BZN|SE1","21.03.2022 11:00 - 21.03.2022 12:00 (CET/CEST)","n/e","n/e","n/e","n/e","n/e","n/e","n/e","n/e","n/e","n/e","n/e","n/e","n/e","2432","n/e","n/e","20","n/e","1","n/e","n/e","1175"
"BZN|SE1","21.03.2022 12:00 - 21.03.2022 13:00 (CET/CEST)","n/e","n/e","n/e","n/e","n/e","n/e","n/e","n/e","n/e","n/e","n/e","n/e","n/e","2419","n/e","n/e","28","n/e","1","n/e","n/e","1261"
"BZN|SE1","21.03.2022 13:00 - 21.03.2022 14:00 (CET/CEST)","n/e","n/e","n/e","n/e","n/e","n/e","n/e","n/e","n/e","n/e","n/e","n/e","n/e","2375","n/e","n/e","27","n/e","1","n/e","n/e","1249"
"BZN|SE1","21.03.2022 14:00 - 21.03.2022 15:00 (CET/CEST)","n/e","n/e","n/e","n/e","n/e","n/e","n/e","n/e","n/e","n/e","n/e","n/e","n/e","2400","n/e","n/e","27","n/e","1","n/e","n/e","1267"
"BZN|SE1","21.03.2022 15:00 - 21.03.2022 16:00 (CET/CEST)","n/e","n/e","n/e","n/e","n/e","n/e","n/e","n/e","n/e","n/e","n/e","n/e","n/e","2459","n/e","n/e","27","n/e","0","n/e","n/e","1204"
"BZN|SE1","21.03.2022 16:00 - 21.03.2022 17:00 (CET/CEST)","n/e","n/e","n/e","n/e","n/e","n/e","n/e","n/e","n/e","n/e","n/e","n/e","n/e","2411","n/e","n/e","27","n/e","0","n/e","n/e","1099"
"BZN|SE1","21.03.2022 17:00 - 21.03.2022 18:00 (CET/CEST)","n/e","n/e","n/e","n/e","n/e","n/e","n/e","n/e","n/e","n/e","n/e","n/e","n/e","2373","n/e","n/e","27","n/e","0","n/e","n/e","1091"
"BZN|SE1","21.03.2022 18:00 - 21.03.2022 19:00 (CET/CEST)","n/e","n/e","n/e","n/e","n/e","n/e","n/e","n/e","n/e","n/e","n/e","n/e","n/e","2400","n/e","n/e","27","n/e","0","n/e","n/e","1166"
"BZN|SE1","21.03.2022 19:00 - 21.03.2022 20:00 (CET/CEST)","n/e","n/e","n/e","n/e","n/e","n/e","n/e","n/e","n/e","n/e","n/e","n/e","n/e","2401","n/e","n/e","27","n/e","0","n/e","n/e","1189"
"BZN|SE1","21.03.2022 20:00 - 21.03.2022 21:00 (CET/CEST)","n/e","n/e","n/e","n/e","n/e","n/e","n/e","n/e","n/e","n/e","n/e","n/e","n/e","2382","n/e","n/e","27","n/e","0","n/e","n/e","1038"
"BZN|SE1","21.03.2022 21:00 - 21.03.2022 22:00 (CET/CEST)","n/e","n/e","n/e","n/e","n/e","n/e","n/e","n/e","n/e","n/e","n/e","n/e","n/e","2469","n/e","n/e","21","n/e","0","n/e","n/e","1060"
"BZN|SE1","21.03.2022 22:00 - 21.03.2022 23:00 (CET/CEST)","n/e","n/e","n/e","n/e","n/e","n/e","n/e","n/e","n/e","n/e","n/e","n/e","n/e","2420","n/e","n/e","21","n/e","0","n/e","n/e","993"
"BZN|SE1","21.03.2022 23:00 - 22.03.2022 00:00 (CET/CEST)","n/e","n/e","n/e","n/e","n/e","n/e","n/e","n/e","n/e","n/e","n/e","n/e","n/e","2509","n/e","n/e","21","n/e","0","n/e","n/e","926"
"BZN|SE1","22.03.2022 00:00 - 22.03.2022 01:00 (CET/CEST)","n/e","n/e","n/e","n/e","n/e","n/e","n/e","n/e","n/e","n/e","n/e","n/e","n/e","2406","n/e","n/e","24","n/e","0","n/e","n/e","748"
"BZN|SE1","22.03.2022 01:00 - 22.03.2022 02:00 (CET/CEST)","n/e","n/e","n/e","n/e","n/e","n/e","n/e","n/e","n/e","n/e","n/e","n/e","n/e","2375","n/e","n/e","24","n/e","0","n/e","n/e","568"
"BZN|SE1","22.03.2022 02:00 - 22.03.2022 03:00 (CET/CEST)","n/e","n/e","n/e","n/e","n/e","n/e","n/e","n/e","n/e","n/e","n/e","n/e","n/e","2378","n/e","n/e","24","n/e","0","n/e","n/e","395"
"BZN|SE1","22.03.2022 03:00 - 22.03.2022 04:00 (CET/CEST)","n/e","n/e","n/e","n/e","n/e","n/e","n/e","n/e","n/e","n/e","n/e","n/e","n/e","2499","n/e","n/e","24","n/e","0","n/e","n/e","252"
"BZN|SE1","22.03.2022 04:00 - 22.03.2022 05:00 (CET/CEST)","n/e","n/e","n/e","n/e","n/e","n/e","n/e","n/e","n/e","n/e","n/e","n/e","n/e","2542","n/e","n/e","27","n/e","0","n/e","n/e","203"
"BZN|SE1","22.03.2022 05:00 - 22.03.2022 06:00 (CET/CEST)","n/e","n/e","n/e","n/e","n/e","n/e","n/e","n/e","n/e","n/e","n/e","n/e","n/e","2556","n/e","n/e","30","n/e","0","n/e","n/e","209"
"BZN|SE1","22.03.2022 06:00 - 22.03.2022 07:00 (CET/CEST)","n/e","n/e","n/e","n/e","n/e","n/e","n/e","n/e","n/e","n/e","n/e","n/e","n/e","3010","n/e","n/e","30","n/e","0","n/e","n/e","265"
"BZN|SE1","22.03.2022 07:00 - 22.03.2022 08:00 (CET/CEST)","n/e","n/e","n/e","n/e","n/e","n/e","n/e","n/e","n/e","n/e","n/e","n/e","n/e","3267","n/e","n/e","30","n/e","0","n/e","n/e","355"
"BZN|SE1","22.03.2022 08:00 - 22.03.2022 09:00 (CET/CEST)","n/e","n/e","n/e","n/e","n/e","n/e","n/e","n/e","n/e","n/e","n/e","n/e","n/e","3241","n/e","n/e","30","n/e","0","n/e","n/e","431"
"BZN|SE1","22.03.2022 09:00 - 22.03.2022 10:00 (CET/CEST)","n/e","n/e","n/e","n/e","n/e","n/e","n/e","n/e","n/e","n/e","n/e","n/e","n/e","3226","n/e","n/e","30","n/e","1","n/e","n/e","306"
"BZN|SE1","22.03.2022 10:00 - 22.03.2022 11:00 (CET/CEST)","n/e","n/e","n/e","n/e","n/e","n/e","n/e","n/e","n/e","n/e","n/e","n/e","n/e","3257","n/e","n/e","30","n/e","1","n/e","n/e","399"
"BZN|SE1","22.03.2022 11:00 - 22.03.2022 12:00 (CET/CEST)","n/e","n/e","n/e","n/e","n/e","n/e","n/e","n/e","n/e","n/e","n/e","n/e","n/e","3104","n/e","n/e","33","n/e","1","n/e","n/e","391"
"BZN|SE1","22.03.2022 12:00 - 22.03.2022 13:00 (CET/CEST)","n/e","n/e","n/e","n/e","n/e","n/e","n/e","n/e","n/e","n/e","n/e","n/e","n/e","3005","n/e","n/e","33","n/e","1","n/e","n/e","418"
"BZN|SE1","22.03.2022 13:00 - 22.03.2022 14:00 (CET/CEST)","n/e","n/e","n/e","n/e","n/e","n/e","n/e","n/e","n/e","n/e","n/e","n/e","n/e","2966","n/e","n/e","33","n/e","1","n/e","n/e","383"
"BZN|SE1","22.03.2022 14:00 - 22.03.2022 15:00 (CET/CEST)","n/e","n/e","n/e","n/e","n/e","n/e","n/e","n/e","n/e","n/e","n/e","n/e","n/e","2962","n/e","n/e","33","n/e","1","n/e","n/e","346"
"BZN|SE1","22.03.2022 15:00 - 22.03.2022 16:00 (CET/CEST)","n/e","n/e","n/e","n/e","n/e","n/e","n/e","n/e","n/e","n/e","n/e","n/e","n/e","2862","n/e","n/e","33","n/e","0","n/e","n/e","305"
"BZN|SE1","22.03.2022 16:00 - 22.03.2022 17:00 (CET/CEST)","n/e","n/e","n/e","n/e","n/e","n/e","n/e","n/e","n/e","n/e","n/e","n/e","n/e","2607","n/e","n/e","33","n/e","0","n/e","n/e","378"
"BZN|SE1","22.03.2022 17:00 - 22.03.2022 18:00 (CET/CEST)","n/e","n/e","n/e","n/e","n/e","n/e","n/e","n/e","n/e","n/e","n/e","n/e","n/e","2215","n/e","n/e","33","n/e","0","n/e","n/e","630"
"BZN|SE1","22.03.2022 18:00 - 22.03.2022 19:00 (CET/CEST)","n/e","n/e","n/e","n/e","n/e","n/e","n/e","n/e","n/e","n/e","n/e","n/e","n/e","2032","n/e","n/e","25","n/e","0","n/e","n/e","773"
"BZN|SE1","22.03.2022 19:00 - 22.03.2022 20:00 (CET/CEST)","n/e","n/e","n/e","n/e","n/e","n/e","n/e","n/e","n/e","n/e","n/e","n/e","n/e","2038","n/e","n/e","21","n/e","0","n/e","n/e","956"
"BZN|SE1","22.03.2022 20:00 - 22.03.2022 21:00 (CET/CEST)","n/e","n/e","n/e","n/e","n/e","n/e","n/e","n/e","n/e","n/e","n/e","n/e","n/e","1859","n/e","n/e","21","n/e","0","n/e","n/e","1046"
"BZN|SE1","22.03.2022 21:00 - 22.03.2022 22:00 (CET/CEST)","n/e","n/e","n/e","n/e","n/e","n/e","n/e","n/e","n/e","n/e","n/e","n/e","n/e","1705","n/e","n/e","21","n/e","0","n/e","n/e","1015"
"BZN|SE1","22.03.2022 22:00 - 22.03.2022 23:00 (CET/CEST)","n/e","n/e","n/e","n/e","n/e","n/e","n/e","n/e","n/e","n/e","n/e","n/e","n/e","1546","n/e","n/e","21","n/e","0","n/e","n/e","1020"
"BZN|SE1","22.03.2022 23:00 - 23.03.2022 00:00 (CET/CEST)","n/e","n/e","n/e","n/e","n/e","n/e","n/e","n/e","n/e","n/e","n/e","n/e","n/e","1432","n/e","n/e","21","n/e","0","n/e","n/e","1000"
"BZN|SE1","23.03.2022 00:00 - 23.03.2022 01:00 (CET/CEST)","n/e","n/e","n/e","n/e","n/e","n/e","n/e","n/e","n/e","n/e","n/e","n/e","n/e","1604","n/e","n/e","20","n/e","0","n/e","n/e","985"
"BZN|SE1","23.03.2022 01:00 - 23.03.2022 02:00 (CET/CEST)","n/e","n/e","n/e","n/e","n/e","n/e","n/e","n/e","n/e","n/e","n/e","n/e","n/e","1603","n/e","n/e","20","n/e","0","n/e","n/e","988"
"BZN|SE1","23.03.2022 02:00 - 23.03.2022 03:00 (CET/CEST)","n/e","n/e","n/e","n/e","n/e","n/e","n/e","n/e","n/e","n/e","n/e","n/e","n/e","1739","n/e","n/e","20","n/e","0","n/e","n/e","959"
"BZN|SE1","23.03.2022 03:00 - 23.03.2022 04:00 (CET/CEST)","n/e","n/e","n/e","n/e","n/e","n/e","n/e","n/e","n/e","n/e","n/e","n/e","n/e","1663","n/e","n/e","20","n/e","0","n/e","n/e","1007"
"BZN|SE1","23.03.2022 04:00 - 23.03.2022 05:00 (CET/CEST)","n/e","n/e","n/e","n/e","n/e","n/e","n/e","n/e","n/e","n/e","n/e","n/e","n/e","1664","n/e","n/e","20","n/e","0","n/e","n/e","875"
"BZN|SE1","23.03.2022 05:00 - 23.03.2022 06:00 (CET/CEST)","n/e","n/e","n/e","n/e","n/e","n/e","n/e","n/e","n/e","n/e","n/e","n/e","n/e","1630","n/e","n/e","20","n/e","0","n/e","n/e","989"
"BZN|SE1","23.03.2022 06:00 - 23.03.2022 07:00 (CET/CEST)","n/e","n/e","n/e","n/e","n/e","n/e","n/e","n/e","n/e","n/e","n/e","n/e","n/e","1592","n/e","n/e","20","n/e","0","n/e","n/e","1044"
"BZN|SE1","23.03.2022 07:00 - 23.03.2022 08:00 (CET/CEST)","n/e","n/e","n/e","n/e","n/e","n/e","n/e","n/e","n/e","n/e","n/e","n/e","n/e","1725","n/e","n/e","20","n/e","0","n/e","n/e","1007"
"BZN|SE1","23.03.2022 08:00 - 23.03.2022 09:00 (CET/CEST)","n/e","n/e","n/e","n/e","n/e","n/e","n/e","n/e","n/e","n/e","n/e","n/e","n/e","1910","n/e","n/e","21","n/e","0","n/e","n/e","929"
"BZN|SE1","23.03.2022 09:00 - 23.03.2022 10:00 (CET/CEST)","n/e","n/e","n/e","n/e","n/e","n/e","n/e","n/e","n/e","n/e","n/e","n/e","n/e","2064","n/e","n/e","21","n/e","0","n/e","n/e","765"
"BZN|SE1","23.03.2022 10:00 - 23.03.2022 11:00 (CET/CEST)","n/e","n/e","n/e","n/e","n/e","n/e","n/e","n/e","n/e","n/e","n/e","n/e","n/e","2077","n/e","n/e","20","n/e","1","n/e","n/e","797"
"BZN|SE1","23.03.2022 11:00 - 23.03.2022 12:00 (CET/CEST)","n/e","n/e","n/e","n/e","n/e","n/e","n/e","n/e","n/e","n/e","n/e","n/e","n/e","2061","n/e","n/e","18","n/e","1","n/e","n/e","900"
"BZN|SE1","23.03.2022 12:00 - 23.03.2022 13:00 (CET/CEST)","n/e","n/e","n/e","n/e","n/e","n/e","n/e","n/e","n/e","n/e","n/e","n/e","n/e","1992","n/e","n/e","18","n/e","1","n/e","n/e","1078"
"BZN|SE1","23.03.2022 13:00 - 23.03.2022 14:00 (CET/CEST)","n/e","n/e","n/e","n/e","n/e","n/e","n/e","n/e","n/e","n/e","n/e","n/e","n/e","1927","n/e","n/e","18","n/e","1","n/e","n/e","1294"
"BZN|SE1","23.03.2022 14:00 - 23.03.2022 15:00 (CET/CEST)","n/e","n/e","n/e","n/e","n/e","n/e","n/e","n/e","n/e","n/e","n/e","n/e","n/e","1806","n/e","n/e","18","n/e","0","n/e","n/e","1433"
"BZN|SE1","23.03.2022 15:00 - 23.03.2022 16:00 (CET/CEST)","n/e","n/e","n/e","n/e","n/e","n/e","n/e","n/e","n/e","n/e","n/e","n/e","n/e","1721","n/e","n/e","18","n/e","0","n/e","n/e","1600"
"BZN|SE1","23.03.2022 16:00 - 23.03.2022 17:00 (CET/CEST)","n/e","n/e","n/e","n/e","n/e","n/e","n/e","n/e","n/e","n/e","n/e","n/e","n/e","1575","n/e","n/e","18","n/e","0","n/e","n/e","1727"
"BZN|SE1","23.03.2022 17:00 - 23.03.2022 18:00 (CET/CEST)","n/e","n/e","n/e","n/e","n/e","n/e","n/e","n/e","n/e","n/e","n/e","n/e","n/e","1569","n/e","n/e","18","n/e","0","n/e","n/e","1794"
"BZN|SE1","23.03.2022 18:00 - 23.03.2022 19:00 (CET/CEST)","n/e","n/e","n/e","n/e","n/e","n/e","n/e","n/e","n/e","n/e","n/e","n/e","n/e","1431","n/e","n/e","18","n/e","0","n/e","n/e","1761"
"BZN|SE1","23.03.2022 19:00 - 23.03.2022 20:00 (CET/CEST)","n/e","n/e","n/e","n/e","n/e","n/e","n/e","n/e","n/e","n/e","n/e","n/e","n/e","1278","n/e","n/e","18","n/e","0","n/e","n/e","1765"
"BZN|SE1","23.03.2022 20:00 - 23.03.2022 21:00 (CET/CEST)","n/e","n/e","n/e","n/e","n/e","n/e","n/e","n/e","n/e","n/e","n/e","n/e","n/e","1271","n/e","n/e","18","n/e","0","n/e","n/e","1765"
"BZN|SE1","23.03.2022 21:00 - 23.03.2022 22:00 (CET/CEST)","n/e","n/e","n/e","n/e","n/e","n/e","n/e","n/e","n/e","n/e","n/e","n/e","n/e","1272","n/e","n/e","18","n/e","0","n/e","n/e","1733"
"BZN|SE1","23.03.2022 22:00 - 23.03.2022 23:00 (CET/CEST)","n/e","n/e","n/e","n/e","n/e","n/e","n/e","n/e","n/e","n/e","n/e","n/e","n/e","1177","n/e","n/e","18","n/e","0","n/e","n/e","1713"
"BZN|SE1","23.03.2022 23:00 - 24.03.2022 00:00 (CET/CEST)","n/e","n/e","n/e","n/e","n/e","n/e","n/e","n/e","n/e","n/e","n/e","n/e","n/e","1177","n/e","n/e","18","n/e","0","n/e","n/e","1741"
"BZN|SE1","24.03.2022 00:00 - 24.03.2022 01:00 (CET/CEST)","n/e","n/e","n/e","n/e","n/e","n/e","n/e","n/e","n/e","n/e","n/e","n/e","n/e","1303","n/e","n/e","18","n/e","0","n/e","n/e","1726"
"BZN|SE1","24.03.2022 01:00 - 24.03.2022 02:00 (CET/CEST)","n/e","n/e","n/e","n/e","n/e","n/e","n/e","n/e","n/e","n/e","n/e","n/e","n/e","1336","n/e","n/e","18","n/e","0","n/e","n/e","1722"
"BZN|SE1","24.03.2022 02:00 - 24.03.2022 03:00 (CET/CEST)","n/e","n/e","n/e","n/e","n/e","n/e","n/e","n/e","n/e","n/e","n/e","n/e","n/e","1348","n/e","n/e","18","n/e","0","n/e","n/e","1682"
"BZN|SE1","24.03.2022 03:00 - 24.03.2022 04:00 (CET/CEST)","n/e","n/e","n/e","n/e","n/e","n/e","n/e","n/e","n/e","n/e","n/e","n/e","n/e","1370","n/e","n/e","18","n/e","0","n/e","n/e","1488"
"BZN|SE1","24.03.2022 04:00 - 24.03.2022 05:00 (CET/CEST)","n/e","n/e","n/e","n/e","n/e","n/e","n/e","n/e","n/e","n/e","n/e","n/e","n/e","1496","n/e","n/e","20","n/e","0","n/e","n/e","1294"
"BZN|SE1","24.03.2022 05:00 - 24.03.2022 06:00 (CET/CEST)","n/e","n/e","n/e","n/e","n/e","n/e","n/e","n/e","n/e","n/e","n/e","n/e","n/e","1654","n/e","n/e","22","n/e","0","n/e","n/e","1036"
"BZN|SE1","24.03.2022 06:00 - 24.03.2022 07:00 (CET/CEST)","n/e","n/e","n/e","n/e","n/e","n/e","n/e","n/e","n/e","n/e","n/e","n/e","n/e","1919","n/e","n/e","26","n/e","0","n/e","n/e","715"
"BZN|SE1","24.03.2022 07:00 - 24.03.2022 08:00 (CET/CEST)","n/e","n/e","n/e","n/e","n/e","n/e","n/e","n/e","n/e","n/e","n/e","n/e","n/e","2023","n/e","n/e","26","n/e","0","n/e","n/e","487"
"BZN|SE1","24.03.2022 08:00 - 24.03.2022 09:00 (CET/CEST)","n/e","n/e","n/e","n/e","n/e","n/e","n/e","n/e","n/e","n/e","n/e","n/e","n/e","2267","n/e","n/e","26","n/e","0","n/e","n/e","342"
"BZN|SE1","24.03.2022 09:00 - 24.03.2022 10:00 (CET/CEST)","n/e","n/e","n/e","n/e","n/e","n/e","n/e","n/e","n/e","n/e","n/e","n/e","n/e","2778","n/e","n/e","26","n/e","0","n/e","n/e","249"
"BZN|SE1","24.03.2022 10:00 - 24.03.2022 11:00 (CET/CEST)","n/e","n/e","n/e","n/e","n/e","n/e","n/e","n/e","n/e","n/e","n/e","n/e","n/e","3048","n/e","n/e","26","n/e","0","n/e","n/e","181"
"BZN|SE1","24.03.2022 11:00 - 24.03.2022 12:00 (CET/CEST)","n/e","n/e","n/e","n/e","n/e","n/e","n/e","n/e","n/e","n/e","n/e","n/e","n/e","3277","n/e","n/e","26","n/e","1","n/e","n/e","100"
"BZN|SE1","24.03.2022 12:00 - 24.03.2022 13:00 (CET/CEST)","n/e","n/e","n/e","n/e","n/e","n/e","n/e","n/e","n/e","n/e","n/e","n/e","n/e","3384","n/e","n/e","26","n/e","1","n/e","n/e","75"
"BZN|SE1","24.03.2022 13:00 - 24.03.2022 14:00 (CET/CEST)","n/e","n/e","n/e","n/e","n/e","n/e","n/e","n/e","n/e","n/e","n/e","n/e","n/e","3395","n/e","n/e","26","n/e","1","n/e","n/e","85"
"BZN|SE1","24.03.2022 14:00 - 24.03.2022 15:00 (CET/CEST)","n/e","n/e","n/e","n/e","n/e","n/e","n/e","n/e","n/e","n/e","n/e","n/e","n/e","3421","n/e","n/e","26","n/e","0","n/e","n/e","105"
"BZN|SE1","24.03.2022 15:00 - 24.03.2022 16:00 (CET/CEST)","n/e","n/e","n/e","n/e","n/e","n/e","n/e","n/e","n/e","n/e","n/e","n/e","n/e","3444","n/e","n/e","26","n/e","0","n/e","n/e","162"
"BZN|SE1","24.03.2022 16:00 - 24.03.2022 17:00 (CET/CEST)","n/e","n/e","n/e","n/e","n/e","n/e","n/e","n/e","n/e","n/e","n/e","n/e","n/e","3388","n/e","n/e","26","n/e","0","n/e","n/e","196"
"BZN|SE1","24.03.2022 17:00 - 24.03.2022 18:00 (CET/CEST)","n/e","n/e","n/e","n/e","n/e","n/e","n/e","n/e","n/e","n/e","n/e","n/e","n/e","3226","n/e","n/e","26","n/e","0","n/e","n/e","276"
"BZN|SE1","24.03.2022 18:00 - 24.03.2022 19:00 (CET/CEST)","n/e","n/e","n/e","n/e","n/e","n/e","n/e","n/e","n/e","n/e","n/e","n/e","n/e","2990","n/e","n/e","26","n/e","0","n/e","n/e","324"
"BZN|SE1","24.03.2022 19:00 - 24.03.2022 20:00 (CET/CEST)","n/e","n/e","n/e","n/e","n/e","n/e","n/e","n/e","n/e","n/e","n/e","n/e","n/e","2890","n/e","n/e","20","n/e","0","n/e","n/e","379"
"BZN|SE1","24.03.2022 20:00 - 24.03.2022 21:00 (CET/CEST)","n/e","n/e","n/e","n/e","n/e","n/e","n/e","n/e","n/e","n/e","n/e","n/e","n/e","2773","n/e","n/e","20","n/e","0","n/e","n/e","392"
"BZN|SE1","24.03.2022 21:00 - 24.03.2022 22:00 (CET/CEST)","n/e","n/e","n/e","n/e","n/e","n/e","n/e","n/e","n/e","n/e","n/e","n/e","n/e","2698","n/e","n/e","20","n/e","0","n/e","n/e","436"
"BZN|SE1","24.03.2022 22:00 - 24.03.2022 23:00 (CET/CEST)","n/e","n/e","n/e","n/e","n/e","n/e","n/e","n/e","n/e","n/e","n/e","n/e","n/e","2460","n/e","n/e","20","n/e","0","n/e","n/e","422"
"BZN|SE1","24.03.2022 23:00 - 25.03.2022 00:00 (CET/CEST)","n/e","n/e","n/e","n/e","n/e","n/e","n/e","n/e","n/e","n/e","n/e","n/e","n/e","2342","n/e","n/e","20","n/e","0","n/e","n/e","439"
"BZN|SE1","25.03.2022 00:00 - 25.03.2022 01:00 (CET/CEST)","n/e","n/e","n/e","n/e","n/e","n/e","n/e","n/e","n/e","n/e","n/e","n/e","n/e","2218","n/e","n/e","20","n/e","0","n/e","n/e","404"
"BZN|SE1","25.03.2022 01:00 - 25.03.2022 02:00 (CET/CEST)","n/e","n/e","n/e","n/e","n/e","n/e","n/e","n/e","n/e","n/e","n/e","n/e","n/e","2177","n/e","n/e","20","n/e","0","n/e","n/e","368"
"BZN|SE1","25.03.2022 02:00 - 25.03.2022 03:00 (CET/CEST)","n/e","n/e","n/e","n/e","n/e","n/e","n/e","n/e","n/e","n/e","n/e","n/e","n/e","1987","n/e","n/e","20","n/e","0","n/e","n/e","324"
"BZN|SE1","25.03.2022 03:00 - 25.03.2022 04:00 (CET/CEST)","n/e","n/e","n/e","n/e","n/e","n/e","n/e","n/e","n/e","n/e","n/e","n/e","n/e","1771","n/e","n/e","20","n/e","0","n/e","n/e","277"
"BZN|SE1","25.03.2022 04:00 - 25.03.2022 05:00 (CET/CEST)","n/e","n/e","n/e","n/e","n/e","n/e","n/e","n/e","n/e","n/e","n/e","n/e","n/e","1725","n/e","n/e","20","n/e","0","n/e","n/e","226"
"BZN|SE1","25.03.2022 05:00 - 25.03.2022 06:00 (CET/CEST)","n/e","n/e","n/e","n/e","n/e","n/e","n/e","n/e","n/e","n/e","n/e","n/e","n/e","1729","n/e","n/e","20","n/e","0","n/e","n/e","165"
"BZN|SE1","25.03.2022 06:00 - 25.03.2022 07:00 (CET/CEST)","n/e","n/e","n/e","n/e","n/e","n/e","n/e","n/e","n/e","n/e","n/e","n/e","n/e","1902","n/e","n/e","20","n/e","0","n/e","n/e","107"
"BZN|SE1","25.03.2022 07:00 - 25.03.2022 08:00 (CET/CEST)","n/e","n/e","n/e","n/e","n/e","n/e","n/e","n/e","n/e","n/e","n/e","n/e","n/e","1925","n/e","n/e","20","n/e","0","n/e","n/e","86"
"BZN|SE1","25.03.2022 08:00 - 25.03.2022 09:00 (CET/CEST)","n/e","n/e","n/e","n/e","n/e","n/e","n/e","n/e","n/e","n/e","n/e","n/e","n/e","1955","n/e","n/e","20","n/e","0","n/e","n/e","59"
"BZN|SE1","25.03.2022 09:00 - 25.03.2022 10:00 (CET/CEST)","n/e","n/e","n/e","n/e","n/e","n/e","n/e","n/e","n/e","n/e","n/e","n/e","n/e","1952","n/e","n/e","20","n/e","0","n/e","n/e","51"
"BZN|SE1","25.03.2022 10:00 - 25.03.2022 11:00 (CET/CEST)","n/e","n/e","n/e","n/e","n/e","n/e","n/e","n/e","n/e","n/e","n/e","n/e","n/e","1952","n/e","n/e","20","n/e","0","n/e","n/e","59"
"BZN|SE1","25.03.2022 11:00 - 25.03.2022 12:00 (CET/CEST)","n/e","n/e","n/e","n/e","n/e","n/e","n/e","n/e","n/e","n/e","n/e","n/e","n/e","1894","n/e","n/e","20","n/e","0","n/e","n/e","66"
"BZN|SE1","25.03.2022 12:00 - 25.03.2022 13:00 (CET/CEST)","n/e","n/e","n/e","n/e","n/e","n/e","n/e","n/e","n/e","n/e","n/e","n/e","n/e","1841","n/e","n/e","20","n/e","0","n/e","n/e","64"
"BZN|SE1","25.03.2022 13:00 - 25.03.2022 14:00 (CET/CEST)","n/e","n/e","n/e","n/e","n/e","n/e","n/e","n/e","n/e","n/e","n/e","n/e","n/e","1745","n/e","n/e","20","n/e","0","n/e","n/e","91"
"BZN|SE1","25.03.2022 14:00 - 25.03.2022 15:00 (CET/CEST)","n/e","n/e","n/e","n/e","n/e","n/e","n/e","n/e","n/e","n/e","n/e","n/e","n/e","1361","n/e","n/e","20","n/e","0","n/e","n/e","183"
"BZN|SE1","25.03.2022 15:00 - 25.03.2022 16:00 (CET/CEST)","n/e","n/e","n/e","n/e","n/e","n/e","n/e","n/e","n/e","n/e","n/e","n/e","n/e","1182","n/e","n/e","20","n/e","0","n/e","n/e","277"
"BZN|SE1","25.03.2022 16:00 - 25.03.2022 17:00 (CET/CEST)","n/e","n/e","n/e","n/e","n/e","n/e","n/e","n/e","n/e","n/e","n/e","n/e","n/e","1182","n/e","n/e","20","n/e","0","n/e","n/e","411"
"BZN|SE1","25.03.2022 17:00 - 25.03.2022 18:00 (CET/CEST)","n/e","n/e","n/e","n/e","n/e","n/e","n/e","n/e","n/e","n/e","n/e","n/e","n/e","1332","n/e","n/e","20","n/e","0","n/e","n/e","639"
"BZN|SE1","25.03.2022 18:00 - 25.03.2022 19:00 (CET/CEST)","n/e","n/e","n/e","n/e","n/e","n/e","n/e","n/e","n/e","n/e","n/e","n/e","n/e","1341","n/e","n/e","21","n/e","0","n/e","n/e","850"
"BZN|SE1","25.03.2022 19:00 - 25.03.2022 20:00 (CET/CEST)","n/e","n/e","n/e","n/e","n/e","n/e","n/e","n/e","n/e","n/e","n/e","n/e","n/e","1251","n/e","n/e","21","n/e","0","n/e","n/e","1000"
"BZN|SE1","25.03.2022 20:00 - 25.03.2022 21:00 (CET/CEST)","n/e","n/e","n/e","n/e","n/e","n/e","n/e","n/e","n/e","n/e","n/e","n/e","n/e","1254","n/e","n/e","21","n/e","0","n/e","n/e","1095"
"BZN|SE1","25.03.2022 21:00 - 25.03.2022 22:00 (CET/CEST)","n/e","n/e","n/e","n/e","n/e","n/e","n/e","n/e","n/e","n/e","n/e","n/e","n/e","1272","n/e","n/e","21","n/e","0","n/e","n/e","1296"
"BZN|SE1","25.03.2022 22:00 - 25.03.2022 23:00 (CET/CEST)","n/e","n/e","n/e","n/e","n/e","n/e","n/e","n/e","n/e","n/e","n/e","n/e","n/e","1075","n/e","n/e","20","n/e","0","n/e","n/e","1184"
"BZN|SE1","25.03.2022 23:00 - 26.03.2022 00:00 (CET/CEST)","n/e","n/e","n/e","n/e","n/e","n/e","n/e","n/e","n/e","n/e","n/e","n/e","n/e","1093","n/e","n/e","20","n/e","0","n/e","n/e","984"
"BZN|SE1","26.03.2022 00:00 - 26.03.2022 01:00 (CET/CEST)","n/e","n/e","n/e","n/e","n/e","n/e","n/e","n/e","n/e","n/e","n/e","n/e","n/e","818","n/e","n/e","20","n/e","0","n/e","n/e","995"
"BZN|SE1","26.03.2022 01:00 - 26.03.2022 02:00 (CET/CEST)","n/e","n/e","n/e","n/e","n/e","n/e","n/e","n/e","n/e","n/e","n/e","n/e","n/e","844","n/e","n/e","21","n/e","0","n/e","n/e","1085"
"BZN|SE1","26.03.2022 02:00 - 26.03.2022 03:00 (CET/CEST)","n/e","n/e","n/e","n/e","n/e","n/e","n/e","n/e","n/e","n/e","n/e","n/e","n/e","751","n/e","n/e","21","n/e","0","n/e","n/e","1206"
"BZN|SE1","26.03.2022 03:00 - 26.03.2022 04:00 (CET/CEST)","n/e","n/e","n/e","n/e","n/e","n/e","n/e","n/e","n/e","n/e","n/e","n/e","n/e","751","n/e","n/e","21","n/e","0","n/e","n/e","1427"
"BZN|SE1","26.03.2022 04:00 - 26.03.2022 05:00 (CET/CEST)","n/e","n/e","n/e","n/e","n/e","n/e","n/e","n/e","n/e","n/e","n/e","n/e","n/e","750","n/e","n/e","21","n/e","0","n/e","n/e","1562"
"BZN|SE1","26.03.2022 05:00 - 26.03.2022 06:00 (CET/CEST)","n/e","n/e","n/e","n/e","n/e","n/e","n/e","n/e","n/e","n/e","n/e","n/e","n/e","1118","n/e","n/e","23","n/e","0","n/e","n/e","1696"
"BZN|SE1","26.03.2022 06:00 - 26.03.2022 07:00 (CET/CEST)","n/e","n/e","n/e","n/e","n/e","n/e","n/e","n/e","n/e","n/e","n/e","n/e","n/e","1270","n/e","n/e","27","n/e","0","n/e","n/e","1774"
"BZN|SE1","26.03.2022 07:00 - 26.03.2022 08:00 (CET/CEST)","n/e","n/e","n/e","n/e","n/e","n/e","n/e","n/e","n/e","n/e","n/e","n/e","n/e","1295","n/e","n/e","27","n/e","0","n/e","n/e","1785"
"BZN|SE1","26.03.2022 08:00 - 26.03.2022 09:00 (CET/CEST)","n/e","n/e","n/e","n/e","n/e","n/e","n/e","n/e","n/e","n/e","n/e","n/e","n/e","1324","n/e","n/e","28","n/e","0","n/e","n/e","1769"
"BZN|SE1","26.03.2022 09:00 - 26.03.2022 10:00 (CET/CEST)","n/e","n/e","n/e","n/e","n/e","n/e","n/e","n/e","n/e","n/e","n/e","n/e","n/e","1329","n/e","n/e","30","n/e","0","n/e","n/e","1763"
"BZN|SE1","26.03.2022 10:00 - 26.03.2022 11:00 (CET/CEST)","n/e","n/e","n/e","n/e","n/e","n/e","n/e","n/e","n/e","n/e","n/e","n/e","n/e","1284","n/e","n/e","31","n/e","1","n/e","n/e","1736"
"BZN|SE1","26.03.2022 11:00 - 26.03.2022 12:00 (CET/CEST)","n/e","n/e","n/e","n/e","n/e","n/e","n/e","n/e","n/e","n/e","n/e","n/e","n/e","1286","n/e","n/e","28","n/e","1","n/e","n/e","1670"
"BZN|SE1","26.03.2022 12:00 - 26.03.2022 13:00 (CET/CEST)","n/e","n/e","n/e","n/e","n/e","n/e","n/e","n/e","n/e","n/e","n/e","n/e","n/e","1325","n/e","n/e","28","n/e","1","n/e","n/e","1639"
"BZN|SE1","26.03.2022 13:00 - 26.03.2022 14:00 (CET/CEST)","n/e","n/e","n/e","n/e","n/e","n/e","n/e","n/e","n/e","n/e","n/e","n/e","n/e","1328","n/e","n/e","28","n/e","1","n/e","n/e","1609"
"BZN|SE1","26.03.2022 14:00 - 26.03.2022 15:00 (CET/CEST)","n/e","n/e","n/e","n/e","n/e","n/e","n/e","n/e","n/e","n/e","n/e","n/e","n/e","1414","n/e","n/e","28","n/e","1","n/e","n/e","1568"
"BZN|SE1","26.03.2022 15:00 - 26.03.2022 16:00 (CET/CEST)","n/e","n/e","n/e","n/e","n/e","n/e","n/e","n/e","n/e","n/e","n/e","n/e","n/e","1605","n/e","n/e","27","n/e","0","n/e","n/e","1466"
"BZN|SE1","26.03.2022 16:00 - 26.03.2022 17:00 (CET/CEST)","n/e","n/e","n/e","n/e","n/e","n/e","n/e","n/e","n/e","n/e","n/e","n/e","n/e","1913","n/e","n/e","27","n/e","0","n/e","n/e","1394"
"BZN|SE1","26.03.2022 17:00 - 26.03.2022 18:00 (CET/CEST)","n/e","n/e","n/e","n/e","n/e","n/e","n/e","n/e","n/e","n/e","n/e","n/e","n/e","2259","n/e","n/e","27","n/e","0","n/e","n/e","1131"
"BZN|SE1","26.03.2022 18:00 - 26.03.2022 19:00 (CET/CEST)","n/e","n/e","n/e","n/e","n/e","n/e","n/e","n/e","n/e","n/e","n/e","n/e","n/e","2693","n/e","n/e","27","n/e","0","n/e","n/e","917"
"BZN|SE1","26.03.2022 19:00 - 26.03.2022 20:00 (CET/CEST)","n/e","n/e","n/e","n/e","n/e","n/e","n/e","n/e","n/e","n/e","n/e","n/e","n/e","2789","n/e","n/e","27","n/e","0","n/e","n/e","784"
"BZN|SE1","26.03.2022 20:00 - 26.03.2022 21:00 (CET/CEST)","n/e","n/e","n/e","n/e","n/e","n/e","n/e","n/e","n/e","n/e","n/e","n/e","n/e","3115","n/e","n/e","27","n/e","0","n/e","n/e","647"
"BZN|SE1","26.03.2022 21:00 - 26.03.2022 22:00 (CET/CEST)","n/e","n/e","n/e","n/e","n/e","n/e","n/e","n/e","n/e","n/e","n/e","n/e","n/e","3143","n/e","n/e","27","n/e","0","n/e","n/e","522"
"BZN|SE1","26.03.2022 22:00 - 26.03.2022 23:00 (CET/CEST)","n/e","n/e","n/e","n/e","n/e","n/e","n/e","n/e","n/e","n/e","n/e","n/e","n/e","3052","n/e","n/e","27","n/e","0","n/e","n/e","647"
"BZN|SE1","26.03.2022 23:00 - 27.03.2022 00:00 (CET/CEST)","n/e","n/e","n/e","n/e","n/e","n/e","n/e","n/e","n/e","n/e","n/e","n/e","n/e","3140","n/e","n/e","27","n/e","0","n/e","n/e","702"
"BZN|SE1","27.03.2022 00:00 - 27.03.2022 01:00 (CET/CEST)","n/e","n/e","n/e","n/e","n/e","n/e","n/e","n/e","n/e","n/e","n/e","n/e","n/e","3376","n/e","n/e","35","n/e","0","n/e","n/e","523"
"BZN|SE1","27.03.2022 01:00 - 27.03.2022 02:00 (CET/CEST)","n/e","n/e","n/e","n/e","n/e","n/e","n/e","n/e","n/e","n/e","n/e","n/e","n/e","3322","n/e","n/e","35","n/e","0","n/e","n/e","358"
"BZN|SE1","27.03.2022 02:00 - 27.03.2022 03:00 (CET/CEST)","","","","","","","","","","","","","","","","","","","","","",""
"BZN|SE1","27.03.2022 03:00 - 27.03.2022 04:00 (CET/CEST)","n/e","n/e","n/e","n/e","n/e","n/e","n/e","n/e","n/e","n/e","n/e","n/e","n/e","3293","n/e","n/e","35","n/e","0","n/e","n/e","208"
"BZN|SE1","27.03.2022 04:00 - 27.03.2022 05:00 (CET/CEST)","n/e","n/e","n/e","n/e","n/e","n/e","n/e","n/e","n/e","n/e","n/e","n/e","n/e","3144","n/e","n/e","35","n/e","0","n/e","n/e","89"
"BZN|SE1","27.03.2022 05:00 - 27.03.2022 06:00 (CET/CEST)","n/e","n/e","n/e","n/e","n/e","n/e","n/e","n/e","n/e","n/e","n/e","n/e","n/e","3140","n/e","n/e","35","n/e","0","n/e","n/e","61"
"BZN|SE1","27.03.2022 06:00 - 27.03.2022 07:00 (CET/CEST)","n/e","n/e","n/e","n/e","n/e","n/e","n/e","n/e","n/e","n/e","n/e","n/e","n/e","3241","n/e","n/e","35","n/e","0","n/e","n/e","62"
"BZN|SE1","27.03.2022 07:00 - 27.03.2022 08:00 (CET/CEST)","n/e","n/e","n/e","n/e","n/e","n/e","n/e","n/e","n/e","n/e","n/e","n/e","n/e","3308","n/e","n/e","35","n/e","0","n/e","n/e","74"
"BZN|SE1","27.03.2022 08:00 - 27.03.2022 09:00 (CET/CEST)","n/e","n/e","n/e","n/e","n/e","n/e","n/e","n/e","n/e","n/e","n/e","n/e","n/e","3149","n/e","n/e","35","n/e","0","n/e","n/e","131"
"BZN|SE1","27.03.2022 09:00 - 27.03.2022 10:00 (CET/CEST)","n/e","n/e","n/e","n/e","n/e","n/e","n/e","n/e","n/e","n/e","n/e","n/e","n/e","2876","n/e","n/e","36","n/e","0","n/e","n/e","194"
"BZN|SE1","27.03.2022 10:00 - 27.03.2022 11:00 (CET/CEST)","n/e","n/e","n/e","n/e","n/e","n/e","n/e","n/e","n/e","n/e","n/e","n/e","n/e","2641","n/e","n/e","35","n/e","0","n/e","n/e","247"
"BZN|SE1","27.03.2022 11:00 - 27.03.2022 12:00 (CET/CEST)","n/e","n/e","n/e","n/e","n/e","n/e","n/e","n/e","n/e","n/e","n/e","n/e","n/e","2524","n/e","n/e","36","n/e","0","n/e","n/e","341"
"BZN|SE1","27.03.2022 12:00 - 27.03.2022 13:00 (CET/CEST)","n/e","n/e","n/e","n/e","n/e","n/e","n/e","n/e","n/e","n/e","n/e","n/e","n/e","2370","n/e","n/e","36","n/e","0","n/e","n/e","472"
"BZN|SE1","27.03.2022 13:00 - 27.03.2022 14:00 (CET/CEST)","n/e","n/e","n/e","n/e","n/e","n/e","n/e","n/e","n/e","n/e","n/e","n/e","n/e","2124","n/e","n/e","36","n/e","0","n/e","n/e","672"
"BZN|SE1","27.03.2022 14:00 - 27.03.2022 15:00 (CET/CEST)","n/e","n/e","n/e","n/e","n/e","n/e","n/e","n/e","n/e","n/e","n/e","n/e","n/e","2124","n/e","n/e","35","n/e","0","n/e","n/e","773"
"BZN|SE1","27.03.2022 15:00 - 27.03.2022 16:00 (CET/CEST)","n/e","n/e","n/e","n/e","n/e","n/e","n/e","n/e","n/e","n/e","n/e","n/e","n/e","2106","n/e","n/e","35","n/e","0","n/e","n/e","862"
"BZN|SE1","27.03.2022 16:00 - 27.03.2022 17:00 (CET/CEST)","n/e","n/e","n/e","n/e","n/e","n/e","n/e","n/e","n/e","n/e","n/e","n/e","n/e","2086","n/e","n/e","35","n/e","0","n/e","n/e","906"
"BZN|SE1","27.03.2022 17:00 - 27.03.2022 18:00 (CET/CEST)","n/e","n/e","n/e","n/e","n/e","n/e","n/e","n/e","n/e","n/e","n/e","n/e","n/e","2007","n/e","n/e","35","n/e","0","n/e","n/e","1061"
"BZN|SE1","27.03.2022 18:00 - 27.03.2022 19:00 (CET/CEST)","n/e","n/e","n/e","n/e","n/e","n/e","n/e","n/e","n/e","n/e","n/e","n/e","n/e","2028","n/e","n/e","35","n/e","0","n/e","n/e","1018"
"BZN|SE1","27.03.2022 19:00 - 27.03.2022 20:00 (CET/CEST)","n/e","n/e","n/e","n/e","n/e","n/e","n/e","n/e","n/e","n/e","n/e","n/e","n/e","1911","n/e","n/e","35","n/e","0","n/e","n/e","980"
"BZN|SE1","27.03.2022 20:00 - 27.03.2022 21:00 (CET/CEST)","n/e","n/e","n/e","n/e","n/e","n/e","n/e","n/e","n/e","n/e","n/e","n/e","n/e","1751","n/e","n/e","35","n/e","0","n/e","n/e","910"
"BZN|SE1","27.03.2022 21:00 - 27.03.2022 22:00 (CET/CEST)","n/e","n/e","n/e","n/e","n/e","n/e","n/e","n/e","n/e","n/e","n/e","n/e","n/e","1413","n/e","n/e","35","n/e","0","n/e","n/e","771"
"BZN|SE1","27.03.2022 22:00 - 27.03.2022 23:00 (CET/CEST)","n/e","n/e","n/e","n/e","n/e","n/e","n/e","n/e","n/e","n/e","n/e","n/e","n/e","1408","n/e","n/e","35","n/e","0","n/e","n/e","592"
"BZN|SE1","27.03.2022 23:00 - 28.03.2022 00:00 (CET/CEST)","n/e","n/e","n/e","n/e","n/e","n/e","n/e","n/e","n/e","n/e","n/e","n/e","n/e","N/A","n/e","n/e","N/A","n/e","N/A","n/e","n/e","N/A"
"BZN|SE1","28.03.2022 00:00 - 28.03.2022 01:00 (CET/CEST)","n/e","n/e","n/e","n/e","n/e","n/e","n/e","n/e","n/e","n/e","n/e","n/e","n/e","980","n/e","n/e","35","n/e","0","n/e","n/e","462"
"BZN|SE1","28.03.2022 01:00 - 28.03.2022 02:00 (CET/CEST)","n/e","n/e","n/e","n/e","n/e","n/e","n/e","n/e","n/e","n/e","n/e","n/e","n/e","978","n/e","n/e","35","n/e","0","n/e","n/e","522"
"BZN|SE1","28.03.2022 02:00 - 28.03.2022 03:00 (CET/CEST)","n/e","n/e","n/e","n/e","n/e","n/e","n/e","n/e","n/e","n/e","n/e","n/e","n/e","985","n/e","n/e","35","n/e","0","n/e","n/e","564"
"BZN|SE1","28.03.2022 03:00 - 28.03.2022 04:00 (CET/CEST)","n/e","n/e","n/e","n/e","n/e","n/e","n/e","n/e","n/e","n/e","n/e","n/e","n/e","985","n/e","n/e","35","n/e","0","n/e","n/e","544"
"BZN|SE1","28.03.2022 04:00 - 28.03.2022 05:00 (CET/CEST)","n/e","n/e","n/e","n/e","n/e","n/e","n/e","n/e","n/e","n/e","n/e","n/e","n/e","1267","n/e","n/e","35","n/e","0","n/e","n/e","530"
"BZN|SE1","28.03.2022 05:00 - 28.03.2022 06:00 (CET/CEST)","n/e","n/e","n/e","n/e","n/e","n/e","n/e","n/e","n/e","n/e","n/e","n/e","n/e","1481","n/e","n/e","35","n/e","0","n/e","n/e","491"
"BZN|SE1","28.03.2022 06:00 - 28.03.2022 07:00 (CET/CEST)","n/e","n/e","n/e","n/e","n/e","n/e","n/e","n/e","n/e","n/e","n/e","n/e","n/e","1870","n/e","n/e","35","n/e","0","n/e","n/e","584"
"BZN|SE1","28.03.2022 07:00 - 28.03.2022 08:00 (CET/CEST)","n/e","n/e","n/e","n/e","n/e","n/e","n/e","n/e","n/e","n/e","n/e","n/e","n/e","1876","n/e","n/e","35","n/e","0","n/e","n/e","689"
"BZN|SE1","28.03.2022 08:00 - 28.03.2022 09:00 (CET/CEST)","n/e","n/e","n/e","n/e","n/e","n/e","n/e","n/e","n/e","n/e","n/e","n/e","n/e","1878","n/e","n/e","35","n/e","0","n/e","n/e","710"
"BZN|SE1","28.03.2022 09:00 - 28.03.2022 10:00 (CET/CEST)","n/e","n/e","n/e","n/e","n/e","n/e","n/e","n/e","n/e","n/e","n/e","n/e","n/e","2021","n/e","n/e","35","n/e","0","n/e","n/e","740"
"BZN|SE1","28.03.2022 10:00 - 28.03.2022 11:00 (CET/CEST)","n/e","n/e","n/e","n/e","n/e","n/e","n/e","n/e","n/e","n/e","n/e","n/e","n/e","1860","n/e","n/e","35","n/e","0","n/e","n/e","765"
"BZN|SE1","28.03.2022 11:00 - 28.03.2022 12:00 (CET/CEST)","n/e","n/e","n/e","n/e","n/e","n/e","n/e","n/e","n/e","n/e","n/e","n/e","n/e","1812","n/e","n/e","34","n/e","0","n/e","n/e","811"
"BZN|SE1","28.03.2022 12:00 - 28.03.2022 13:00 (CET/CEST)","n/e","n/e","n/e","n/e","n/e","n/e","n/e","n/e","n/e","n/e","n/e","n/e","n/e","1604","n/e","n/e","34","n/e","0","n/e","n/e","860"
"BZN|SE1","28.03.2022 13:00 - 28.03.2022 14:00 (CET/CEST)","n/e","n/e","n/e","n/e","n/e","n/e","n/e","n/e","n/e","n/e","n/e","n/e","n/e","1641","n/e","n/e","36","n/e","0","n/e","n/e","933"
"BZN|SE1","28.03.2022 14:00 - 28.03.2022 15:00 (CET/CEST)","n/e","n/e","n/e","n/e","n/e","n/e","n/e","n/e","n/e","n/e","n/e","n/e","n/e","1692","n/e","n/e","36","n/e","0","n/e","n/e","1006"
"BZN|SE1","28.03.2022 15:00 - 28.03.2022 16:00 (CET/CEST)","n/e","n/e","n/e","n/e","n/e","n/e","n/e","n/e","n/e","n/e","n/e","n/e","n/e","1707","n/e","n/e","35","n/e","0","n/e","n/e","877"
"BZN|SE1","28.03.2022 16:00 - 28.03.2022 17:00 (CET/CEST)","n/e","n/e","n/e","n/e","n/e","n/e","n/e","n/e","n/e","n/e","n/e","n/e","n/e","1801","n/e","n/e","35","n/e","0","n/e","n/e","911"
"BZN|SE1","28.03.2022 17:00 - 28.03.2022 18:00 (CET/CEST)","n/e","n/e","n/e","n/e","n/e","n/e","n/e","n/e","n/e","n/e","n/e","n/e","n/e","2170","n/e","n/e","35","n/e","0","n/e","n/e","864"
"BZN|SE1","28.03.2022 18:00 - 28.03.2022 19:00 (CET/CEST)","n/e","n/e","n/e","n/e","n/e","n/e","n/e","n/e","n/e","n/e","n/e","n/e","n/e","2353","n/e","n/e","35","n/e","0","n/e","n/e","841"
"BZN|SE1","28.03.2022 19:00 - 28.03.2022 20:00 (CET/CEST)","n/e","n/e","n/e","n/e","n/e","n/e","n/e","n/e","n/e","n/e","n/e","n/e","n/e","2434","n/e","n/e","35","n/e","0","n/e","n/e","899"
"BZN|SE1","28.03.2022 20:00 - 28.03.2022 21:00 (CET/CEST)","n/e","n/e","n/e","n/e","n/e","n/e","n/e","n/e","n/e","n/e","n/e","n/e","n/e","2455","n/e","n/e","35","n/e","0","n/e","n/e","912"
"BZN|SE1","28.03.2022 21:00 - 28.03.2022 22:00 (CET/CEST)","n/e","n/e","n/e","n/e","n/e","n/e","n/e","n/e","n/e","n/e","n/e","n/e","n/e","2478","n/e","n/e","35","n/e","0","n/e","n/e","1081"
"BZN|SE1","28.03.2022 22:00 - 28.03.2022 23:00 (CET/CEST)","n/e","n/e","n/e","n/e","n/e","n/e","n/e","n/e","n/e","n/e","n/e","n/e","n/e","2418","n/e","n/e","35","n/e","0","n/e","n/e","1185"
"BZN|SE1","28.03.2022 23:00 - 29.03.2022 00:00 (CET/CEST)","n/e","n/e","n/e","n/e","n/e","n/e","n/e","n/e","n/e","n/e","n/e","n/e","n/e","2401","n/e","n/e","35","n/e","0","n/e","n/e","1173"
"BZN|SE1","29.03.2022 00:00 - 29.03.2022 01:00 (CET/CEST)","n/e","n/e","n/e","n/e","n/e","n/e","n/e","n/e","n/e","n/e","n/e","n/e","n/e","2648","n/e","n/e","33","n/e","0","n/e","n/e","1141"
"BZN|SE1","29.03.2022 01:00 - 29.03.2022 02:00 (CET/CEST)","n/e","n/e","n/e","n/e","n/e","n/e","n/e","n/e","n/e","n/e","n/e","n/e","n/e","2667","n/e","n/e","33","n/e","0","n/e","n/e","1172"
"BZN|SE1","29.03.2022 02:00 - 29.03.2022 03:00 (CET/CEST)","n/e","n/e","n/e","n/e","n/e","n/e","n/e","n/e","n/e","n/e","n/e","n/e","n/e","2720","n/e","n/e","35","n/e","0","n/e","n/e","1190"
"BZN|SE1","29.03.2022 03:00 - 29.03.2022 04:00 (CET/CEST)","n/e","n/e","n/e","n/e","n/e","n/e","n/e","n/e","n/e","n/e","n/e","n/e","n/e","2736","n/e","n/e","35","n/e","0","n/e","n/e","1253"
"BZN|SE1","29.03.2022 04:00 - 29.03.2022 05:00 (CET/CEST)","n/e","n/e","n/e","n/e","n/e","n/e","n/e","n/e","n/e","n/e","n/e","n/e","n/e","2714","n/e","n/e","35","n/e","0","n/e","n/e","1365"
"BZN|SE1","29.03.2022 05:00 - 29.03.2022 06:00 (CET/CEST)","n/e","n/e","n/e","n/e","n/e","n/e","n/e","n/e","n/e","n/e","n/e","n/e","n/e","2574","n/e","n/e","35","n/e","0","n/e","n/e","1371"
"BZN|SE1","29.03.2022 06:00 - 29.03.2022 07:00 (CET/CEST)","n/e","n/e","n/e","n/e","n/e","n/e","n/e","n/e","n/e","n/e","n/e","n/e","n/e","2578","n/e","n/e","35","n/e","0","n/e","n/e","1446"
"BZN|SE1","29.03.2022 07:00 - 29.03.2022 08:00 (CET/CEST)","n/e","n/e","n/e","n/e","n/e","n/e","n/e","n/e","n/e","n/e","n/e","n/e","n/e","2676","n/e","n/e","36","n/e","0","n/e","n/e","1417"
"BZN|SE1","29.03.2022 08:00 - 29.03.2022 09:00 (CET/CEST)","n/e","n/e","n/e","n/e","n/e","n/e","n/e","n/e","n/e","n/e","n/e","n/e","n/e","2736","n/e","n/e","37","n/e","0","n/e","n/e","1346"
"BZN|SE1","29.03.2022 09:00 - 29.03.2022 10:00 (CET/CEST)","n/e","n/e","n/e","n/e","n/e","n/e","n/e","n/e","n/e","n/e","n/e","n/e","n/e","3177","n/e","n/e","37","n/e","0","n/e","n/e","1191"
"BZN|SE1","29.03.2022 10:00 - 29.03.2022 11:00 (CET/CEST)","n/e","n/e","n/e","n/e","n/e","n/e","n/e","n/e","n/e","n/e","n/e","n/e","n/e","3205","n/e","n/e","18","n/e","1","n/e","n/e","988"
"BZN|SE1","29.03.2022 11:00 - 29.03.2022 12:00 (CET/CEST)","n/e","n/e","n/e","n/e","n/e","n/e","n/e","n/e","n/e","n/e","n/e","n/e","n/e","3108","n/e","n/e","35","n/e","1","n/e","n/e","985"
"BZN|SE1","29.03.2022 12:00 - 29.03.2022 13:00 (CET/CEST)","n/e","n/e","n/e","n/e","n/e","n/e","n/e","n/e","n/e","n/e","n/e","n/e","n/e","2850","n/e","n/e","35","n/e","1","n/e","n/e","1046"
"BZN|SE1","29.03.2022 13:00 - 29.03.2022 14:00 (CET/CEST)","n/e","n/e","n/e","n/e","n/e","n/e","n/e","n/e","n/e","n/e","n/e","n/e","n/e","2590","n/e","n/e","36","n/e","1","n/e","n/e","1053"
"BZN|SE1","29.03.2022 14:00 - 29.03.2022 15:00 (CET/CEST)","n/e","n/e","n/e","n/e","n/e","n/e","n/e","n/e","n/e","n/e","n/e","n/e","n/e","2555","n/e","n/e","36","n/e","1","n/e","n/e","1100"
"BZN|SE1","29.03.2022 15:00 - 29.03.2022 16:00 (CET/CEST)","n/e","n/e","n/e","n/e","n/e","n/e","n/e","n/e","n/e","n/e","n/e","n/e","n/e","2543","n/e","n/e","36","n/e","0","n/e","n/e","1202"
"BZN|SE1","29.03.2022 16:00 - 29.03.2022 17:00 (CET/CEST)","n/e","n/e","n/e","n/e","n/e","n/e","n/e","n/e","n/e","n/e","n/e","n/e","n/e","2486","n/e","n/e","36","n/e","0","n/e","n/e","1273"
"BZN|SE1","29.03.2022 17:00 - 29.03.2022 18:00 (CET/CEST)","n/e","n/e","n/e","n/e","n/e","n/e","n/e","n/e","n/e","n/e","n/e","n/e","n/e","2485","n/e","n/e","36","n/e","0","n/e","n/e","1267"
"BZN|SE1","29.03.2022 18:00 - 29.03.2022 19:00 (CET/CEST)","n/e","n/e","n/e","n/e","n/e","n/e","n/e","n/e","n/e","n/e","n/e","n/e","n/e","2450","n/e","n/e","36","n/e","0","n/e","n/e","1307"
"BZN|SE1","29.03.2022 19:00 - 29.03.2022 20:00 (CET/CEST)","n/e","n/e","n/e","n/e","n/e","n/e","n/e","n/e","n/e","n/e","n/e","n/e","n/e","2400","n/e","n/e","36","n/e","0","n/e","n/e","1282"
"BZN|SE1","29.03.2022 20:00 - 29.03.2022 21:00 (CET/CEST)","n/e","n/e","n/e","n/e","n/e","n/e","n/e","n/e","n/e","n/e","n/e","n/e","n/e","2372","n/e","n/e","36","n/e","0","n/e","n/e","1287"
"BZN|SE1","29.03.2022 21:00 - 29.03.2022 22:00 (CET/CEST)","n/e","n/e","n/e","n/e","n/e","n/e","n/e","n/e","n/e","n/e","n/e","n/e","n/e","2366","n/e","n/e","36","n/e","0","n/e","n/e","1298"
"BZN|SE1","29.03.2022 22:00 - 29.03.2022 23:00 (CET/CEST)","n/e","n/e","n/e","n/e","n/e","n/e","n/e","n/e","n/e","n/e","n/e","n/e","n/e","2238","n/e","n/e","36","n/e","0","n/e","n/e","1335"
"BZN|SE1","29.03.2022 23:00 - 30.03.2022 00:00 (CET/CEST)","n/e","n/e","n/e","n/e","n/e","n/e","n/e","n/e","n/e","n/e","n/e","n/e","n/e","2227","n/e","n/e","36","n/e","0","n/e","n/e","1389"
"BZN|SE1","30.03.2022 00:00 - 30.03.2022 01:00 (CET/CEST)","n/e","n/e","n/e","n/e","n/e","n/e","n/e","n/e","n/e","n/e","n/e","n/e","n/e","2220","n/e","n/e","34","n/e","0","n/e","n/e","1355"
"BZN|SE1","30.03.2022 01:00 - 30.03.2022 02:00 (CET/CEST)","n/e","n/e","n/e","n/e","n/e","n/e","n/e","n/e","n/e","n/e","n/e","n/e","n/e","2222","n/e","n/e","34","n/e","0","n/e","n/e","1412"
"BZN|SE1","30.03.2022 02:00 - 30.03.2022 03:00 (CET/CEST)","n/e","n/e","n/e","n/e","n/e","n/e","n/e","n/e","n/e","n/e","n/e","n/e","n/e","2194","n/e","n/e","36","n/e","0","n/e","n/e","1428"
"BZN|SE1","30.03.2022 03:00 - 30.03.2022 04:00 (CET/CEST)","n/e","n/e","n/e","n/e","n/e","n/e","n/e","n/e","n/e","n/e","n/e","n/e","n/e","2163","n/e","n/e","36","n/e","0","n/e","n/e","1458"
"BZN|SE1","30.03.2022 04:00 - 30.03.2022 05:00 (CET/CEST)","n/e","n/e","n/e","n/e","n/e","n/e","n/e","n/e","n/e","n/e","n/e","n/e","n/e","2155","n/e","n/e","36","n/e","0","n/e","n/e","1466"
"BZN|SE1","30.03.2022 05:00 - 30.03.2022 06:00 (CET/CEST)","n/e","n/e","n/e","n/e","n/e","n/e","n/e","n/e","n/e","n/e","n/e","n/e","n/e","2282","n/e","n/e","36","n/e","0","n/e","n/e","1490"
"BZN|SE1","30.03.2022 06:00 - 30.03.2022 07:00 (CET/CEST)","n/e","n/e","n/e","n/e","n/e","n/e","n/e","n/e","n/e","n/e","n/e","n/e","n/e","2264","n/e","n/e","37","n/e","0","n/e","n/e","1500"
"BZN|SE1","30.03.2022 07:00 - 30.03.2022 08:00 (CET/CEST)","n/e","n/e","n/e","n/e","n/e","n/e","n/e","n/e","n/e","n/e","n/e","n/e","n/e","2393","n/e","n/e","37","n/e","0","n/e","n/e","1443"
"BZN|SE1","30.03.2022 08:00 - 30.03.2022 09:00 (CET/CEST)","n/e","n/e","n/e","n/e","n/e","n/e","n/e","n/e","n/e","n/e","n/e","n/e","n/e","2403","n/e","n/e","37","n/e","0","n/e","n/e","1319"
"BZN|SE1","30.03.2022 09:00 - 30.03.2022 10:00 (CET/CEST)","n/e","n/e","n/e","n/e","n/e","n/e","n/e","n/e","n/e","n/e","n/e","n/e","n/e","2649","n/e","n/e","37","n/e","0","n/e","n/e","1297"
"BZN|SE1","30.03.2022 10:00 - 30.03.2022 11:00 (CET/CEST)","n/e","n/e","n/e","n/e","n/e","n/e","n/e","n/e","n/e","n/e","n/e","n/e","n/e","2681","n/e","n/e","37","n/e","1","n/e","n/e","1382"
"BZN|SE1","30.03.2022 11:00 - 30.03.2022 12:00 (CET/CEST)","n/e","n/e","n/e","n/e","n/e","n/e","n/e","n/e","n/e","n/e","n/e","n/e","n/e","2565","n/e","n/e","37","n/e","1","n/e","n/e","1344"
"BZN|SE1","30.03.2022 12:00 - 30.03.2022 13:00 (CET/CEST)","n/e","n/e","n/e","n/e","n/e","n/e","n/e","n/e","n/e","n/e","n/e","n/e","n/e","2542","n/e","n/e","37","n/e","1","n/e","n/e","1226"
"BZN|SE1","30.03.2022 13:00 - 30.03.2022 14:00 (CET/CEST)","n/e","n/e","n/e","n/e","n/e","n/e","n/e","n/e","n/e","n/e","n/e","n/e","n/e","2539","n/e","n/e","37","n/e","1","n/e","n/e","1182"
"BZN|SE1","30.03.2022 14:00 - 30.03.2022 15:00 (CET/CEST)","n/e","n/e","n/e","n/e","n/e","n/e","n/e","n/e","n/e","n/e","n/e","n/e","n/e","2498","n/e","n/e","37","n/e","1","n/e","n/e","1150"
"BZN|SE1","30.03.2022 15:00 - 30.03.2022 16:00 (CET/CEST)","n/e","n/e","n/e","n/e","n/e","n/e","n/e","n/e","n/e","n/e","n/e","n/e","n/e","2513","n/e","n/e","37","n/e","1","n/e","n/e","1135"
"BZN|SE1","30.03.2022 16:00 - 30.03.2022 17:00 (CET/CEST)","n/e","n/e","n/e","n/e","n/e","n/e","n/e","n/e","n/e","n/e","n/e","n/e","n/e","2538","n/e","n/e","36","n/e","0","n/e","n/e","1099"
"BZN|SE1","30.03.2022 17:00 - 30.03.2022 18:00 (CET/CEST)","n/e","n/e","n/e","n/e","n/e","n/e","n/e","n/e","n/e","n/e","n/e","n/e","n/e","2573","n/e","n/e","32","n/e","0","n/e","n/e","1046"
"BZN|SE1","30.03.2022 18:00 - 30.03.2022 19:00 (CET/CEST)","n/e","n/e","n/e","n/e","n/e","n/e","n/e","n/e","n/e","n/e","n/e","n/e","n/e","2908","n/e","n/e","32","n/e","0","n/e","n/e","901"
"BZN|SE1","30.03.2022 19:00 - 30.03.2022 20:00 (CET/CEST)","n/e","n/e","n/e","n/e","n/e","n/e","n/e","n/e","n/e","n/e","n/e","n/e","n/e","2906","n/e","n/e","32","n/e","0","n/e","n/e","965"
"BZN|SE1","30.03.2022 20:00 - 30.03.2022 21:00 (CET/CEST)","n/e","n/e","n/e","n/e","n/e","n/e","n/e","n/e","n/e","n/e","n/e","n/e","n/e","2869","n/e","n/e","32","n/e","0","n/e","n/e","962"
"BZN|SE1","30.03.2022 21:00 - 30.03.2022 22:00 (CET/CEST)","n/e","n/e","n/e","n/e","n/e","n/e","n/e","n/e","n/e","n/e","n/e","n/e","n/e","2663","n/e","n/e","32","n/e","0","n/e","n/e","916"
"BZN|SE1","30.03.2022 22:00 - 30.03.2022 23:00 (CET/CEST)","n/e","n/e","n/e","n/e","n/e","n/e","n/e","n/e","n/e","n/e","n/e","n/e","n/e","2556","n/e","n/e","32","n/e","0","n/e","n/e","977"
"BZN|SE1","30.03.2022 23:00 - 31.03.2022 00:00 (CET/CEST)","n/e","n/e","n/e","n/e","n/e","n/e","n/e","n/e","n/e","n/e","n/e","n/e","n/e","2548","n/e","n/e","32","n/e","0","n/e","n/e","1048"
"BZN|SE1","31.03.2022 00:00 - 31.03.2022 01:00 (CET/CEST)","n/e","n/e","n/e","n/e","n/e","n/e","n/e","n/e","n/e","n/e","n/e","n/e","n/e","2667","n/e","n/e","30","n/e","0","n/e","n/e","1090"
"BZN|SE1","31.03.2022 01:00 - 31.03.2022 02:00 (CET/CEST)","n/e","n/e","n/e","n/e","n/e","n/e","n/e","n/e","n/e","n/e","n/e","n/e","n/e","2800","n/e","n/e","30","n/e","0","n/e","n/e","1072"
"BZN|SE1","31.03.2022 02:00 - 31.03.2022 03:00 (CET/CEST)","n/e","n/e","n/e","n/e","n/e","n/e","n/e","n/e","n/e","n/e","n/e","n/e","n/e","2872","n/e","n/e","30","n/e","0","n/e","n/e","1005"
"BZN|SE1","31.03.2022 03:00 - 31.03.2022 04:00 (CET/CEST)","n/e","n/e","n/e","n/e","n/e","n/e","n/e","n/e","n/e","n/e","n/e","n/e","n/e","2896","n/e","n/e","30","n/e","0","n/e","n/e","1057"
"BZN|SE1","31.03.2022 04:00 - 31.03.2022 05:00 (CET/CEST)","n/e","n/e","n/e","n/e","n/e","n/e","n/e","n/e","n/e","n/e","n/e","n/e","n/e","2987","n/e","n/e","30","n/e","0","n/e","n/e","1048"
"BZN|SE1","31.03.2022 05:00 - 31.03.2022 06:00 (CET/CEST)","n/e","n/e","n/e","n/e","n/e","n/e","n/e","n/e","n/e","n/e","n/e","n/e","n/e","3002","n/e","n/e","32","n/e","0","n/e","n/e","1046"
"BZN|SE1","31.03.2022 06:00 - 31.03.2022 07:00 (CET/CEST)","n/e","n/e","n/e","n/e","n/e","n/e","n/e","n/e","n/e","n/e","n/e","n/e","n/e","3085","n/e","n/e","32","n/e","0","n/e","n/e","1043"
"BZN|SE1","31.03.2022 07:00 - 31.03.2022 08:00 (CET/CEST)","n/e","n/e","n/e","n/e","n/e","n/e","n/e","n/e","n/e","n/e","n/e","n/e","n/e","3262","n/e","n/e","37","n/e","0","n/e","n/e","1050"
"BZN|SE1","31.03.2022 08:00 - 31.03.2022 09:00 (CET/CEST)","n/e","n/e","n/e","n/e","n/e","n/e","n/e","n/e","n/e","n/e","n/e","n/e","n/e","3479","n/e","n/e","37","n/e","0","n/e","n/e","967"
"BZN|SE1","31.03.2022 09:00 - 31.03.2022 10:00 (CET/CEST)","n/e","n/e","n/e","n/e","n/e","n/e","n/e","n/e","n/e","n/e","n/e","n/e","n/e","3639","n/e","n/e","37","n/e","0","n/e","n/e","600"
"BZN|SE1","31.03.2022 10:00 - 31.03.2022 11:00 (CET/CEST)","n/e","n/e","n/e","n/e","n/e","n/e","n/e","n/e","n/e","n/e","n/e","n/e","n/e","3720","n/e","n/e","37","n/e","1","n/e","n/e","381"
"BZN|SE1","31.03.2022 11:00 - 31.03.2022 12:00 (CET/CEST)","n/e","n/e","n/e","n/e","n/e","n/e","n/e","n/e","n/e","n/e","n/e","n/e","n/e","3713","n/e","n/e","37","n/e","1","n/e","n/e","256"
"BZN|SE1","31.03.2022 12:00 - 31.03.2022 13:00 (CET/CEST)","n/e","n/e","n/e","n/e","n/e","n/e","n/e","n/e","n/e","n/e","n/e","n/e","n/e","3679","n/e","n/e","37","n/e","1","n/e","n/e","274"
"BZN|SE1","31.03.2022 13:00 - 31.03.2022 14:00 (CET/CEST)","n/e","n/e","n/e","n/e","n/e","n/e","n/e","n/e","n/e","n/e","n/e","n/e","n/e","3637","n/e","n/e","37","n/e","1","n/e","n/e","267"
"BZN|SE1","31.03.2022 14:00 - 31.03.2022 15:00 (CET/CEST)","n/e","n/e","n/e","n/e","n/e","n/e","n/e","n/e","n/e","n/e","n/e","n/e","n/e","3635","n/e","n/e","37","n/e","1","n/e","n/e","226"
"BZN|SE1","31.03.2022 15:00 - 31.03.2022 16:00 (CET/CEST)","n/e","n/e","n/e","n/e","n/e","n/e","n/e","n/e","n/e","n/e","n/e","n/e","n/e","3704","n/e","n/e","37","n/e","1","n/e","n/e","203"
"BZN|SE1","31.03.2022 16:00 - 31.03.2022 17:00 (CET/CEST)","n/e","n/e","n/e","n/e","n/e","n/e","n/e","n/e","n/e","n/e","n/e","n/e","n/e","3713","n/e","n/e","37","n/e","0","n/e","n/e","154"
"BZN|SE1","31.03.2022 17:00 - 31.03.2022 18:00 (CET/CEST)","n/e","n/e","n/e","n/e","n/e","n/e","n/e","n/e","n/e","n/e","n/e","n/e","n/e","3704","n/e","n/e","37","n/e","0","n/e","n/e","155"
"BZN|SE1","31.03.2022 18:00 - 31.03.2022 19:00 (CET/CEST)","n/e","n/e","n/e","n/e","n/e","n/e","n/e","n/e","n/e","n/e","n/e","n/e","n/e","3723","n/e","n/e","36","n/e","0","n/e","n/e","148"
"BZN|SE1","31.03.2022 19:00 - 31.03.2022 20:00 (CET/CEST)","n/e","n/e","n/e","n/e","n/e","n/e","n/e","n/e","n/e","n/e","n/e","n/e","n/e","3765","n/e","n/e","36","n/e","0","n/e","n/e","194"
"BZN|SE1","31.03.2022 20:00 - 31.03.2022 21:00 (CET/CEST)","n/e","n/e","n/e","n/e","n/e","n/e","n/e","n/e","n/e","n/e","n/e","n/e","n/e","3779","n/e","n/e","36","n/e","0","n/e","n/e","202"
"BZN|SE1","31.03.2022 21:00 - 31.03.2022 22:00 (CET/CEST)","n/e","n/e","n/e","n/e","n/e","n/e","n/e","n/e","n/e","n/e","n/e","n/e","n/e","3852","n/e","n/e","36","n/e","0","n/e","n/e","173"
"BZN|SE1","31.03.2022 22:00 - 31.03.2022 23:00 (CET/CEST)","n/e","n/e","n/e","n/e","n/e","n/e","n/e","n/e","n/e","n/e","n/e","n/e","n/e","3762","n/e","n/e","36","n/e","0","n/e","n/e","151"
"BZN|SE1","31.03.2022 23:00 - 01.04.2022 00:00 (CET/CEST)","n/e","n/e","n/e","n/e","n/e","n/e","n/e","n/e","n/e","n/e","n/e","n/e","n/e","3694","n/e","n/e","31","n/e","0","n/e","n/e","135"
"BZN|SE1","01.04.2022 00:00 - 01.04.2022 01:00 (CET/CEST)","n/e","n/e","n/e","n/e","n/e","n/e","n/e","n/e","n/e","n/e","n/e","n/e","n/e","3583","n/e","n/e","31","n/e","0","n/e","n/e","74"
"BZN|SE1","01.04.2022 01:00 - 01.04.2022 02:00 (CET/CEST)","n/e","n/e","n/e","n/e","n/e","n/e","n/e","n/e","n/e","n/e","n/e","n/e","n/e","3502","n/e","n/e","31","n/e","0","n/e","n/e","52"
"BZN|SE1","01.04.2022 02:00 - 01.04.2022 03:00 (CET/CEST)","n/e","n/e","n/e","n/e","n/e","n/e","n/e","n/e","n/e","n/e","n/e","n/e","n/e","3475","n/e","n/e","31","n/e","0","n/e","n/e","59"
"BZN|SE1","01.04.2022 03:00 - 01.04.2022 04:00 (CET/CEST)","n/e","n/e","n/e","n/e","n/e","n/e","n/e","n/e","n/e","n/e","n/e","n/e","n/e","3525","n/e","n/e","31","n/e","0","n/e","n/e","72"
"BZN|SE1","01.04.2022 04:00 - 01.04.2022 05:00 (CET/CEST)","n/e","n/e","n/e","n/e","n/e","n/e","n/e","n/e","n/e","n/e","n/e","n/e","n/e","3683","n/e","n/e","31","n/e","0","n/e","n/e","79"
"BZN|SE1","01.04.2022 05:00 - 01.04.2022 06:00 (CET/CEST)","n/e","n/e","n/e","n/e","n/e","n/e","n/e","n/e","n/e","n/e","n/e","n/e","n/e","3926","n/e","n/e","31","n/e","0","n/e","n/e","78"
"BZN|SE1","01.04.2022 06:00 - 01.04.2022 07:00 (CET/CEST)","n/e","n/e","n/e","n/e","n/e","n/e","n/e","n/e","n/e","n/e","n/e","n/e","n/e","3951","n/e","n/e","34","n/e","0","n/e","n/e","89"
"BZN|SE1","01.04.2022 07:00 - 01.04.2022 08:00 (CET/CEST)","n/e","n/e","n/e","n/e","n/e","n/e","n/e","n/e","n/e","n/e","n/e","n/e","n/e","3946","n/e","n/e","36","n/e","0","n/e","n/e","73"
"BZN|SE1","01.04.2022 08:00 - 01.04.2022 09:00 (CET/CEST)","n/e","n/e","n/e","n/e","n/e","n/e","n/e","n/e","n/e","n/e","n/e","n/e","n/e","3958","n/e","n/e","36","n/e","1","n/e","n/e","60"
"BZN|SE1","01.04.2022 09:00 - 01.04.2022 10:00 (CET/CEST)","n/e","n/e","n/e","n/e","n/e","n/e","n/e","n/e","n/e","n/e","n/e","n/e","n/e","3978","n/e","n/e","36","n/e","2","n/e","n/e","44"
"BZN|SE1","01.04.2022 10:00 - 01.04.2022 11:00 (CET/CEST)","n/e","n/e","n/e","n/e","n/e","n/e","n/e","n/e","n/e","n/e","n/e","n/e","n/e","3954","n/e","n/e","36","n/e","3","n/e","n/e","47"
"BZN|SE1","01.04.2022 11:00 - 01.04.2022 12:00 (CET/CEST)","n/e","n/e","n/e","n/e","n/e","n/e","n/e","n/e","n/e","n/e","n/e","n/e","n/e","4023","n/e","n/e","36","n/e","4","n/e","n/e","78"
"BZN|SE1","01.04.2022 12:00 - 01.04.2022 13:00 (CET/CEST)","n/e","n/e","n/e","n/e","n/e","n/e","n/e","n/e","n/e","n/e","n/e","n/e","n/e","3997","n/e","n/e","31","n/e","4","n/e","n/e","139"
"BZN|SE1","01.04.2022 13:00 - 01.04.2022 14:00 (CET/CEST)","n/e","n/e","n/e","n/e","n/e","n/e","n/e","n/e","n/e","n/e","n/e","n/e","n/e","3976","n/e","n/e","31","n/e","4","n/e","n/e","220"
"BZN|SE1","01.04.2022 14:00 - 01.04.2022 15:00 (CET/CEST)","n/e","n/e","n/e","n/e","n/e","n/e","n/e","n/e","n/e","n/e","n/e","n/e","n/e","3854","n/e","n/e","30","n/e","3","n/e","n/e","283"
"BZN|SE1","01.04.2022 15:00 - 01.04.2022 16:00 (CET/CEST)","n/e","n/e","n/e","n/e","n/e","n/e","n/e","n/e","n/e","n/e","n/e","n/e","n/e","3783","n/e","n/e","36","n/e","2","n/e","n/e","322"
"BZN|SE1","01.04.2022 16:00 - 01.04.2022 17:00 (CET/CEST)","n/e","n/e","n/e","n/e","n/e","n/e","n/e","n/e","n/e","n/e","n/e","n/e","n/e","3736","n/e","n/e","36","n/e","1","n/e","n/e","331"
"BZN|SE1","01.04.2022 17:00 - 01.04.2022 18:00 (CET/CEST)","n/e","n/e","n/e","n/e","n/e","n/e","n/e","n/e","n/e","n/e","n/e","n/e","n/e","3756","n/e","n/e","36","n/e","1","n/e","n/e","326"
"BZN|SE1","01.04.2022 18:00 - 01.04.2022 19:00 (CET/CEST)","n/e","n/e","n/e","n/e","n/e","n/e","n/e","n/e","n/e","n/e","n/e","n/e","n/e","3747","n/e","n/e","33","n/e","0","n/e","n/e","380"
"BZN|SE1","01.04.2022 19:00 - 01.04.2022 20:00 (CET/CEST)","n/e","n/e","n/e","n/e","n/e","n/e","n/e","n/e","n/e","n/e","n/e","n/e","n/e","3578","n/e","n/e","33","n/e","0","n/e","n/e","487"
"BZN|SE1","01.04.2022 20:00 - 01.04.2022 21:00 (CET/CEST)","n/e","n/e","n/e","n/e","n/e","n/e","n/e","n/e","n/e","n/e","n/e","n/e","n/e","3362","n/e","n/e","29","n/e","0","n/e","n/e","522"
"BZN|SE1","01.04.2022 21:00 - 01.04.2022 22:00 (CET/CEST)","n/e","n/e","n/e","n/e","n/e","n/e","n/e","n/e","n/e","n/e","n/e","n/e","n/e","3108","n/e","n/e","29","n/e","0","n/e","n/e","615"
"BZN|SE1","01.04.2022 22:00 - 01.04.2022 23:00 (CET/CEST)","n/e","n/e","n/e","n/e","n/e","n/e","n/e","n/e","n/e","n/e","n/e","n/e","n/e","2941","n/e","n/e","27","n/e","0","n/e","n/e","756"
"BZN|SE1","01.04.2022 23:00 - 02.04.2022 00:00 (CET/CEST)","n/e","n/e","n/e","n/e","n/e","n/e","n/e","n/e","n/e","n/e","n/e","n/e","n/e","2689","n/e","n/e","27","n/e","0","n/e","n/e","823"
"BZN|SE1","02.04.2022 00:00 - 02.04.2022 01:00 (CET/CEST)","n/e","n/e","n/e","n/e","n/e","n/e","n/e","n/e","n/e","n/e","n/e","n/e","n/e","2856","n/e","n/e","27","n/e","0","n/e","n/e","873"
"BZN|SE1","02.04.2022 01:00 - 02.04.2022 02:00 (CET/CEST)","n/e","n/e","n/e","n/e","n/e","n/e","n/e","n/e","n/e","n/e","n/e","n/e","n/e","2669","n/e","n/e","25","n/e","0","n/e","n/e","974"
"BZN|SE1","02.04.2022 02:00 - 02.04.2022 03:00 (CET/CEST)","n/e","n/e","n/e","n/e","n/e","n/e","n/e","n/e","n/e","n/e","n/e","n/e","n/e","2231","n/e","n/e","25","n/e","0","n/e","n/e","1135"
"BZN|SE1","02.04.2022 03:00 - 02.04.2022 04:00 (CET/CEST)","n/e","n/e","n/e","n/e","n/e","n/e","n/e","n/e","n/e","n/e","n/e","n/e","n/e","2137","n/e","n/e","27","n/e","0","n/e","n/e","1328"
"BZN|SE1","02.04.2022 04:00 - 02.04.2022 05:00 (CET/CEST)","n/e","n/e","n/e","n/e","n/e","n/e","n/e","n/e","n/e","n/e","n/e","n/e","n/e","1818","n/e","n/e","27","n/e","0","n/e","n/e","1411"
"BZN|SE1","02.04.2022 05:00 - 02.04.2022 06:00 (CET/CEST)","n/e","n/e","n/e","n/e","n/e","n/e","n/e","n/e","n/e","n/e","n/e","n/e","n/e","1748","n/e","n/e","27","n/e","0","n/e","n/e","1449"
"BZN|SE1","02.04.2022 06:00 - 02.04.2022 07:00 (CET/CEST)","n/e","n/e","n/e","n/e","n/e","n/e","n/e","n/e","n/e","n/e","n/e","n/e","n/e","1679","n/e","n/e","30","n/e","0","n/e","n/e","1473"
"BZN|SE1","02.04.2022 07:00 - 02.04.2022 08:00 (CET/CEST)","n/e","n/e","n/e","n/e","n/e","n/e","n/e","n/e","n/e","n/e","n/e","n/e","n/e","1719","n/e","n/e","32","n/e","0","n/e","n/e","1476"
"BZN|SE1","02.04.2022 08:00 - 02.04.2022 09:00 (CET/CEST)","n/e","n/e","n/e","n/e","n/e","n/e","n/e","n/e","n/e","n/e","n/e","n/e","n/e","1815","n/e","n/e","32","n/e","0","n/e","n/e","1443"
"BZN|SE1","02.04.2022 09:00 - 02.04.2022 10:00 (CET/CEST)","n/e","n/e","n/e","n/e","n/e","n/e","n/e","n/e","n/e","n/e","n/e","n/e","n/e","2104","n/e","n/e","32","n/e","0","n/e","n/e","1240"
"BZN|SE1","02.04.2022 10:00 - 02.04.2022 11:00 (CET/CEST)","n/e","n/e","n/e","n/e","n/e","n/e","n/e","n/e","n/e","n/e","n/e","n/e","n/e","2240","n/e","n/e","32","n/e","1","n/e","n/e","1049"
"BZN|SE1","02.04.2022 11:00 - 02.04.2022 12:00 (CET/CEST)","n/e","n/e","n/e","n/e","n/e","n/e","n/e","n/e","n/e","n/e","n/e","n/e","n/e","2155","n/e","n/e","29","n/e","1","n/e","n/e","978"
"BZN|SE1","02.04.2022 12:00 - 02.04.2022 13:00 (CET/CEST)","n/e","n/e","n/e","n/e","n/e","n/e","n/e","n/e","n/e","n/e","n/e","n/e","n/e","1890","n/e","n/e","28","n/e","1","n/e","n/e","935"
"BZN|SE1","02.04.2022 13:00 - 02.04.2022 14:00 (CET/CEST)","n/e","n/e","n/e","n/e","n/e","n/e","n/e","n/e","n/e","n/e","n/e","n/e","n/e","1766","n/e","n/e","28","n/e","2","n/e","n/e","920"
"BZN|SE1","02.04.2022 14:00 - 02.04.2022 15:00 (CET/CEST)","n/e","n/e","n/e","n/e","n/e","n/e","n/e","n/e","n/e","n/e","n/e","n/e","n/e","1844","n/e","n/e","28","n/e","1","n/e","n/e","1122"
"BZN|SE1","02.04.2022 15:00 - 02.04.2022 16:00 (CET/CEST)","n/e","n/e","n/e","n/e","n/e","n/e","n/e","n/e","n/e","n/e","n/e","n/e","n/e","1865","n/e","n/e","27","n/e","1","n/e","n/e","1170"
"BZN|SE1","02.04.2022 16:00 - 02.04.2022 17:00 (CET/CEST)","n/e","n/e","n/e","n/e","n/e","n/e","n/e","n/e","n/e","n/e","n/e","n/e","n/e","2058","n/e","n/e","27","n/e","1","n/e","n/e","1205"
"BZN|SE1","02.04.2022 17:00 - 02.04.2022 18:00 (CET/CEST)","n/e","n/e","n/e","n/e","n/e","n/e","n/e","n/e","n/e","n/e","n/e","n/e","n/e","2307","n/e","n/e","27","n/e","0","n/e","n/e","1229"
"BZN|SE1","02.04.2022 18:00 - 02.04.2022 19:00 (CET/CEST)","n/e","n/e","n/e","n/e","n/e","n/e","n/e","n/e","n/e","n/e","n/e","n/e","n/e","2331","n/e","n/e","27","n/e","0","n/e","n/e","1227"
"BZN|SE1","02.04.2022 19:00 - 02.04.2022 20:00 (CET/CEST)","n/e","n/e","n/e","n/e","n/e","n/e","n/e","n/e","n/e","n/e","n/e","n/e","n/e","2202","n/e","n/e","26","n/e","0","n/e","n/e","1241"
"BZN|SE1","02.04.2022 20:00 - 02.04.2022 21:00 (CET/CEST)","n/e","n/e","n/e","n/e","n/e","n/e","n/e","n/e","n/e","n/e","n/e","n/e","n/e","2148","n/e","n/e","30","n/e","0","n/e","n/e","1205"
"BZN|SE1","02.04.2022 21:00 - 02.04.2022 22:00 (CET/CEST)","n/e","n/e","n/e","n/e","n/e","n/e","n/e","n/e","n/e","n/e","n/e","n/e","n/e","2071","n/e","n/e","30","n/e","0","n/e","n/e","1222"
"BZN|SE1","02.04.2022 22:00 - 02.04.2022 23:00 (CET/CEST)","n/e","n/e","n/e","n/e","n/e","n/e","n/e","n/e","n/e","n/e","n/e","n/e","n/e","2032","n/e","n/e","30","n/e","0","n/e","n/e","1232"
"BZN|SE1","02.04.2022 23:00 - 03.04.2022 00:00 (CET/CEST)","n/e","n/e","n/e","n/e","n/e","n/e","n/e","n/e","n/e","n/e","n/e","n/e","n/e","1994","n/e","n/e","30","n/e","0","n/e","n/e","1207"
"BZN|SE1","03.04.2022 00:00 - 03.04.2022 01:00 (CET/CEST)","n/e","n/e","n/e","n/e","n/e","n/e","n/e","n/e","n/e","n/e","n/e","n/e","n/e","2217","n/e","n/e","30","n/e","0","n/e","n/e","1140"
"BZN|SE1","03.04.2022 01:00 - 03.04.2022 02:00 (CET/CEST)","n/e","n/e","n/e","n/e","n/e","n/e","n/e","n/e","n/e","n/e","n/e","n/e","n/e","2213","n/e","n/e","30","n/e","0","n/e","n/e","1043"
"BZN|SE1","03.04.2022 02:00 - 03.04.2022 03:00 (CET/CEST)","n/e","n/e","n/e","n/e","n/e","n/e","n/e","n/e","n/e","n/e","n/e","n/e","n/e","2270","n/e","n/e","30","n/e","0","n/e","n/e","976"
"BZN|SE1","03.04.2022 03:00 - 03.04.2022 04:00 (CET/CEST)","n/e","n/e","n/e","n/e","n/e","n/e","n/e","n/e","n/e","n/e","n/e","n/e","n/e","2455","n/e","n/e","30","n/e","0","n/e","n/e","932"
"BZN|SE1","03.04.2022 04:00 - 03.04.2022 05:00 (CET/CEST)","n/e","n/e","n/e","n/e","n/e","n/e","n/e","n/e","n/e","n/e","n/e","n/e","n/e","2616","n/e","n/e","30","n/e","0","n/e","n/e","779"
"BZN|SE1","03.04.2022 05:00 - 03.04.2022 06:00 (CET/CEST)","n/e","n/e","n/e","n/e","n/e","n/e","n/e","n/e","n/e","n/e","n/e","n/e","n/e","2664","n/e","n/e","30","n/e","0","n/e","n/e","674"
"BZN|SE1","03.04.2022 06:00 - 03.04.2022 07:00 (CET/CEST)","n/e","n/e","n/e","n/e","n/e","n/e","n/e","n/e","n/e","n/e","n/e","n/e","n/e","2681","n/e","n/e","30","n/e","0","n/e","n/e","625"
"BZN|SE1","03.04.2022 07:00 - 03.04.2022 08:00 (CET/CEST)","n/e","n/e","n/e","n/e","n/e","n/e","n/e","n/e","n/e","n/e","n/e","n/e","n/e","2740","n/e","n/e","33","n/e","0","n/e","n/e","549"
"BZN|SE1","03.04.2022 08:00 - 03.04.2022 09:00 (CET/CEST)","n/e","n/e","n/e","n/e","n/e","n/e","n/e","n/e","n/e","n/e","n/e","n/e","n/e","2961","n/e","n/e","28","n/e","0","n/e","n/e","394"
"BZN|SE1","03.04.2022 09:00 - 03.04.2022 10:00 (CET/CEST)","n/e","n/e","n/e","n/e","n/e","n/e","n/e","n/e","n/e","n/e","n/e","n/e","n/e","3294","n/e","n/e","27","n/e","0","n/e","n/e","207"
"BZN|SE1","03.04.2022 10:00 - 03.04.2022 11:00 (CET/CEST)","n/e","n/e","n/e","n/e","n/e","n/e","n/e","n/e","n/e","n/e","n/e","n/e","n/e","3309","n/e","n/e","28","n/e","1","n/e","n/e","111"
"BZN|SE1","03.04.2022 11:00 - 03.04.2022 12:00 (CET/CEST)","n/e","n/e","n/e","n/e","n/e","n/e","n/e","n/e","n/e","n/e","n/e","n/e","n/e","3317","n/e","n/e","28","n/e","1","n/e","n/e","68"
"BZN|SE1","03.04.2022 12:00 - 03.04.2022 13:00 (CET/CEST)","n/e","n/e","n/e","n/e","n/e","n/e","n/e","n/e","n/e","n/e","n/e","n/e","n/e","3314","n/e","n/e","28","n/e","1","n/e","n/e","63"
"BZN|SE1","03.04.2022 13:00 - 03.04.2022 14:00 (CET/CEST)","n/e","n/e","n/e","n/e","n/e","n/e","n/e","n/e","n/e","n/e","n/e","n/e","n/e","3226","n/e","n/e","28","n/e","1","n/e","n/e","55"
"BZN|SE1","03.04.2022 14:00 - 03.04.2022 15:00 (CET/CEST)","n/e","n/e","n/e","n/e","n/e","n/e","n/e","n/e","n/e","n/e","n/e","n/e","n/e","3209","n/e","n/e","27","n/e","1","n/e","n/e","50"
"BZN|SE1","03.04.2022 15:00 - 03.04.2022 16:00 (CET/CEST)","n/e","n/e","n/e","n/e","n/e","n/e","n/e","n/e","n/e","n/e","n/e","n/e","n/e","3217","n/e","n/e","32","n/e","1","n/e","n/e","44"
"BZN|SE1","03.04.2022 16:00 - 03.04.2022 17:00 (CET/CEST)","n/e","n/e","n/e","n/e","n/e","n/e","n/e","n/e","n/e","n/e","n/e","n/e","n/e","3268","n/e","n/e","31","n/e","0","n/e","n/e","45"
"BZN|SE1","03.04.2022 17:00 - 03.04.2022 18:00 (CET/CEST)","n/e","n/e","n/e","n/e","n/e","n/e","n/e","n/e","n/e","n/e","n/e","n/e","n/e","3409","n/e","n/e","31","n/e","0","n/e","n/e","49"
"BZN|SE1","03.04.2022 18:00 - 03.04.2022 19:00 (CET/CEST)","n/e","n/e","n/e","n/e","n/e","n/e","n/e","n/e","n/e","n/e","n/e","n/e","n/e","3555","n/e","n/e","31","n/e","0","n/e","n/e","78"
"BZN|SE1","03.04.2022 19:00 - 03.04.2022 20:00 (CET/CEST)","n/e","n/e","n/e","n/e","n/e","n/e","n/e","n/e","n/e","n/e","n/e","n/e","n/e","3558","n/e","n/e","31","n/e","0","n/e","n/e","148"
"BZN|SE1","03.04.2022 20:00 - 03.04.2022 21:00 (CET/CEST)","n/e","n/e","n/e","n/e","n/e","n/e","n/e","n/e","n/e","n/e","n/e","n/e","n/e","3561","n/e","n/e","34","n/e","0","n/e","n/e","169"
"BZN|SE1","03.04.2022 21:00 - 03.04.2022 22:00 (CET/CEST)","n/e","n/e","n/e","n/e","n/e","n/e","n/e","n/e","n/e","n/e","n/e","n/e","n/e","3480","n/e","n/e","33","n/e","0","n/e","n/e","147"
"BZN|SE1","03.04.2022 22:00 - 03.04.2022 23:00 (CET/CEST)","n/e","n/e","n/e","n/e","n/e","n/e","n/e","n/e","n/e","n/e","n/e","n/e","n/e","3219","n/e","n/e","31","n/e","0","n/e","n/e","155"
"BZN|SE1","03.04.2022 23:00 - 04.04.2022 00:00 (CET/CEST)","n/e","n/e","n/e","n/e","n/e","n/e","n/e","n/e","n/e","n/e","n/e","n/e","n/e","3063","n/e","n/e","27","n/e","0","n/e","n/e","203"
"BZN|SE1","04.04.2022 00:00 - 04.04.2022 01:00 (CET/CEST)","n/e","n/e","n/e","n/e","n/e","n/e","n/e","n/e","n/e","n/e","n/e","n/e","n/e","3040","n/e","n/e","27","n/e","0","n/e","n/e","229"
"BZN|SE1","04.04.2022 01:00 - 04.04.2022 02:00 (CET/CEST)","n/e","n/e","n/e","n/e","n/e","n/e","n/e","n/e","n/e","n/e","n/e","n/e","n/e","2992","n/e","n/e","27","n/e","0","n/e","n/e","240"
"BZN|SE1","04.04.2022 02:00 - 04.04.2022 03:00 (CET/CEST)","n/e","n/e","n/e","n/e","n/e","n/e","n/e","n/e","n/e","n/e","n/e","n/e","n/e","2899","n/e","n/e","27","n/e","0","n/e","n/e","258"
"BZN|SE1","04.04.2022 03:00 - 04.04.2022 04:00 (CET/CEST)","n/e","n/e","n/e","n/e","n/e","n/e","n/e","n/e","n/e","n/e","n/e","n/e","n/e","2948","n/e","n/e","27","n/e","0","n/e","n/e","332"
"BZN|SE1","04.04.2022 04:00 - 04.04.2022 05:00 (CET/CEST)","n/e","n/e","n/e","n/e","n/e","n/e","n/e","n/e","n/e","n/e","n/e","n/e","n/e","3047","n/e","n/e","30","n/e","0","n/e","n/e","434"
"BZN|SE1","04.04.2022 05:00 - 04.04.2022 06:00 (CET/CEST)","n/e","n/e","n/e","n/e","n/e","n/e","n/e","n/e","n/e","n/e","n/e","n/e","n/e","3355","n/e","n/e","34","n/e","0","n/e","n/e","444"
"BZN|SE1","04.04.2022 06:00 - 04.04.2022 07:00 (CET/CEST)","n/e","n/e","n/e","n/e","n/e","n/e","n/e","n/e","n/e","n/e","n/e","n/e","n/e","3510","n/e","n/e","38","n/e","0","n/e","n/e","479"
"BZN|SE1","04.04.2022 07:00 - 04.04.2022 08:00 (CET/CEST)","n/e","n/e","n/e","n/e","n/e","n/e","n/e","n/e","n/e","n/e","n/e","n/e","n/e","3471","n/e","n/e","40","n/e","0","n/e","n/e","489"
"BZN|SE1","04.04.2022 08:00 - 04.04.2022 09:00 (CET/CEST)","n/e","n/e","n/e","n/e","n/e","n/e","n/e","n/e","n/e","n/e","n/e","n/e","n/e","3498","n/e","n/e","40","n/e","0","n/e","n/e","547"
"BZN|SE1","04.04.2022 09:00 - 04.04.2022 10:00 (CET/CEST)","n/e","n/e","n/e","n/e","n/e","n/e","n/e","n/e","n/e","n/e","n/e","n/e","n/e","3426","n/e","n/e","40","n/e","0","n/e","n/e","575"
"BZN|SE1","04.04.2022 10:00 - 04.04.2022 11:00 (CET/CEST)","n/e","n/e","n/e","n/e","n/e","n/e","n/e","n/e","n/e","n/e","n/e","n/e","n/e","3361","n/e","n/e","39","n/e","0","n/e","n/e","570"
"BZN|SE1","04.04.2022 11:00 - 04.04.2022 12:00 (CET/CEST)","n/e","n/e","n/e","n/e","n/e","n/e","n/e","n/e","n/e","n/e","n/e","n/e","n/e","3287","n/e","n/e","40","n/e","0","n/e","n/e","570"
"BZN|SE1","04.04.2022 12:00 - 04.04.2022 13:00 (CET/CEST)","n/e","n/e","n/e","n/e","n/e","n/e","n/e","n/e","n/e","n/e","n/e","n/e","n/e","3233","n/e","n/e","39","n/e","0","n/e","n/e","592"
"BZN|SE1","04.04.2022 13:00 - 04.04.2022 14:00 (CET/CEST)","n/e","n/e","n/e","n/e","n/e","n/e","n/e","n/e","n/e","n/e","n/e","n/e","n/e","3034","n/e","n/e","40","n/e","0","n/e","n/e","605"
"BZN|SE1","04.04.2022 14:00 - 04.04.2022 15:00 (CET/CEST)","n/e","n/e","n/e","n/e","n/e","n/e","n/e","n/e","n/e","n/e","n/e","n/e","n/e","3041","n/e","n/e","41","n/e","0","n/e","n/e","600"
"BZN|SE1","04.04.2022 15:00 - 04.04.2022 16:00 (CET/CEST)","n/e","n/e","n/e","n/e","n/e","n/e","n/e","n/e","n/e","n/e","n/e","n/e","n/e","2875","n/e","n/e","41","n/e","0","n/e","n/e","565"
"BZN|SE1","04.04.2022 16:00 - 04.04.2022 17:00 (CET/CEST)","n/e","n/e","n/e","n/e","n/e","n/e","n/e","n/e","n/e","n/e","n/e","n/e","n/e","2930","n/e","n/e","39","n/e","0","n/e","n/e","490"
"BZN|SE1","04.04.2022 17:00 - 04.04.2022 18:00 (CET/CEST)","n/e","n/e","n/e","n/e","n/e","n/e","n/e","n/e","n/e","n/e","n/e","n/e","n/e","3338","n/e","n/e","39","n/e","0","n/e","n/e","471"
"BZN|SE1","04.04.2022 18:00 - 04.04.2022 19:00 (CET/CEST)","n/e","n/e","n/e","n/e","n/e","n/e","n/e","n/e","n/e","n/e","n/e","n/e","n/e","3407","n/e","n/e","39","n/e","0","n/e","n/e","448"
"BZN|SE1","04.04.2022 19:00 - 04.04.2022 20:00 (CET/CEST)","n/e","n/e","n/e","n/e","n/e","n/e","n/e","n/e","n/e","n/e","n/e","n/e","n/e","3405","n/e","n/e","39","n/e","0","n/e","n/e","468"
"BZN|SE1","04.04.2022 20:00 - 04.04.2022 21:00 (CET/CEST)","n/e","n/e","n/e","n/e","n/e","n/e","n/e","n/e","n/e","n/e","n/e","n/e","n/e","3400","n/e","n/e","39","n/e","0","n/e","n/e","572"
"BZN|SE1","04.04.2022 21:00 - 04.04.2022 22:00 (CET/CEST)","n/e","n/e","n/e","n/e","n/e","n/e","n/e","n/e","n/e","n/e","n/e","n/e","n/e","3280","n/e","n/e","39","n/e","0","n/e","n/e","796"
"BZN|SE1","04.04.2022 22:00 - 04.04.2022 23:00 (CET/CEST)","n/e","n/e","n/e","n/e","n/e","n/e","n/e","n/e","n/e","n/e","n/e","n/e","n/e","2796","n/e","n/e","40","n/e","0","n/e","n/e","1021"
"BZN|SE1","04.04.2022 23:00 - 05.04.2022 00:00 (CET/CEST)","n/e","n/e","n/e","n/e","n/e","n/e","n/e","n/e","n/e","n/e","n/e","n/e","n/e","2685","n/e","n/e","41","n/e","0","n/e","n/e","1185"
"BZN|SE1","05.04.2022 00:00 - 05.04.2022 01:00 (CET/CEST)","n/e","n/e","n/e","n/e","n/e","n/e","n/e","n/e","n/e","n/e","n/e","n/e","n/e","1543","n/e","n/e","40","n/e","0","n/e","n/e","1288"
"BZN|SE1","05.04.2022 01:00 - 05.04.2022 02:00 (CET/CEST)","n/e","n/e","n/e","n/e","n/e","n/e","n/e","n/e","n/e","n/e","n/e","n/e","n/e","1463","n/e","n/e","40","n/e","0","n/e","n/e","1359"
"BZN|SE1","05.04.2022 02:00 - 05.04.2022 03:00 (CET/CEST)","n/e","n/e","n/e","n/e","n/e","n/e","n/e","n/e","n/e","n/e","n/e","n/e","n/e","1442","n/e","n/e","40","n/e","0","n/e","n/e","1421"
"BZN|SE1","05.04.2022 03:00 - 05.04.2022 04:00 (CET/CEST)","n/e","n/e","n/e","n/e","n/e","n/e","n/e","n/e","n/e","n/e","n/e","n/e","n/e","1455","n/e","n/e","43","n/e","0","n/e","n/e","1455"
"BZN|SE1","05.04.2022 04:00 - 05.04.2022 05:00 (CET/CEST)","n/e","n/e","n/e","n/e","n/e","n/e","n/e","n/e","n/e","n/e","n/e","n/e","n/e","1565","n/e","n/e","43","n/e","0","n/e","n/e","1522"
"BZN|SE1","05.04.2022 05:00 - 05.04.2022 06:00 (CET/CEST)","n/e","n/e","n/e","n/e","n/e","n/e","n/e","n/e","n/e","n/e","n/e","n/e","n/e","2175","n/e","n/e","43","n/e","0","n/e","n/e","1607"
"BZN|SE1","05.04.2022 06:00 - 05.04.2022 07:00 (CET/CEST)","n/e","n/e","n/e","n/e","n/e","n/e","n/e","n/e","n/e","n/e","n/e","n/e","n/e","2655","n/e","n/e","43","n/e","0","n/e","n/e","1647"
"BZN|SE1","05.04.2022 07:00 - 05.04.2022 08:00 (CET/CEST)","n/e","n/e","n/e","n/e","n/e","n/e","n/e","n/e","n/e","n/e","n/e","n/e","n/e","2657","n/e","n/e","44","n/e","0","n/e","n/e","1630"
"BZN|SE1","05.04.2022 08:00 - 05.04.2022 09:00 (CET/CEST)","n/e","n/e","n/e","n/e","n/e","n/e","n/e","n/e","n/e","n/e","n/e","n/e","n/e","2643","n/e","n/e","43","n/e","0","n/e","n/e","1621"
"BZN|SE1","05.04.2022 09:00 - 05.04.2022 10:00 (CET/CEST)","n/e","n/e","n/e","n/e","n/e","n/e","n/e","n/e","n/e","n/e","n/e","n/e","n/e","2485","n/e","n/e","42","n/e","0","n/e","n/e","1621"
"BZN|SE1","05.04.2022 10:00 - 05.04.2022 11:00 (CET/CEST)","n/e","n/e","n/e","n/e","n/e","n/e","n/e","n/e","n/e","n/e","n/e","n/e","n/e","2370","n/e","n/e","42","n/e","1","n/e","n/e","1591"
"BZN|SE1","05.04.2022 11:00 - 05.04.2022 12:00 (CET/CEST)","n/e","n/e","n/e","n/e","n/e","n/e","n/e","n/e","n/e","n/e","n/e","n/e","n/e","2177","n/e","n/e","43","n/e","1","n/e","n/e","1528"
"BZN|SE1","05.04.2022 12:00 - 05.04.2022 13:00 (CET/CEST)","n/e","n/e","n/e","n/e","n/e","n/e","n/e","n/e","n/e","n/e","n/e","n/e","n/e","2057","n/e","n/e","43","n/e","1","n/e","n/e","1489"
"BZN|SE1","05.04.2022 13:00 - 05.04.2022 14:00 (CET/CEST)","n/e","n/e","n/e","n/e","n/e","n/e","n/e","n/e","n/e","n/e","n/e","n/e","n/e","1952","n/e","n/e","44","n/e","1","n/e","n/e","1432"
"BZN|SE1","05.04.2022 14:00 - 05.04.2022 15:00 (CET/CEST)","n/e","n/e","n/e","n/e","n/e","n/e","n/e","n/e","n/e","n/e","n/e","n/e","n/e","1951","n/e","n/e","44","n/e","0","n/e","n/e","1351"
"BZN|SE1","05.04.2022 15:00 - 05.04.2022 16:00 (CET/CEST)","n/e","n/e","n/e","n/e","n/e","n/e","n/e","n/e","n/e","n/e","n/e","n/e","n/e","1913","n/e","n/e","44","n/e","0","n/e","n/e","1297"
"BZN|SE1","05.04.2022 16:00 - 05.04.2022 17:00 (CET/CEST)","n/e","n/e","n/e","n/e","n/e","n/e","n/e","n/e","n/e","n/e","n/e","n/e","n/e","1905","n/e","n/e","43","n/e","0","n/e","n/e","1213"
"BZN|SE1","05.04.2022 17:00 - 05.04.2022 18:00 (CET/CEST)","n/e","n/e","n/e","n/e","n/e","n/e","n/e","n/e","n/e","n/e","n/e","n/e","n/e","1918","n/e","n/e","43","n/e","0","n/e","n/e","1106"
"BZN|SE1","05.04.2022 18:00 - 05.04.2022 19:00 (CET/CEST)","n/e","n/e","n/e","n/e","n/e","n/e","n/e","n/e","n/e","n/e","n/e","n/e","n/e","1935","n/e","n/e","43","n/e","0","n/e","n/e","1119"
"BZN|SE1","05.04.2022 19:00 - 05.04.2022 20:00 (CET/CEST)","n/e","n/e","n/e","n/e","n/e","n/e","n/e","n/e","n/e","n/e","n/e","n/e","n/e","2076","n/e","n/e","43","n/e","0","n/e","n/e","1122"
"BZN|SE1","05.04.2022 20:00 - 05.04.2022 21:00 (CET/CEST)","n/e","n/e","n/e","n/e","n/e","n/e","n/e","n/e","n/e","n/e","n/e","n/e","n/e","1925","n/e","n/e","43","n/e","0","n/e","n/e","1125"
"BZN|SE1","05.04.2022 21:00 - 05.04.2022 22:00 (CET/CEST)","n/e","n/e","n/e","n/e","n/e","n/e","n/e","n/e","n/e","n/e","n/e","n/e","n/e","1830","n/e","n/e","42","n/e","0","n/e","n/e","1132"
"BZN|SE1","05.04.2022 22:00 - 05.04.2022 23:00 (CET/CEST)","n/e","n/e","n/e","n/e","n/e","n/e","n/e","n/e","n/e","n/e","n/e","n/e","n/e","1854","n/e","n/e","43","n/e","0","n/e","n/e","1120"
"BZN|SE1","05.04.2022 23:00 - 06.04.2022 00:00 (CET/CEST)","n/e","n/e","n/e","n/e","n/e","n/e","n/e","n/e","n/e","n/e","n/e","n/e","n/e","1779","n/e","n/e","44","n/e","0","n/e","n/e","1101"
"BZN|SE1","06.04.2022 00:00 - 06.04.2022 01:00 (CET/CEST)","n/e","n/e","n/e","n/e","n/e","n/e","n/e","n/e","n/e","n/e","n/e","n/e","n/e","1909","n/e","n/e","43","n/e","0","n/e","n/e","1032"
"BZN|SE1","06.04.2022 01:00 - 06.04.2022 02:00 (CET/CEST)","n/e","n/e","n/e","n/e","n/e","n/e","n/e","n/e","n/e","n/e","n/e","n/e","n/e","1879","n/e","n/e","42","n/e","0","n/e","n/e","979"
"BZN|SE1","06.04.2022 02:00 - 06.04.2022 03:00 (CET/CEST)","n/e","n/e","n/e","n/e","n/e","n/e","n/e","n/e","n/e","n/e","n/e","n/e","n/e","1879","n/e","n/e","42","n/e","0","n/e","n/e","1044"
"BZN|SE1","06.04.2022 03:00 - 06.04.2022 04:00 (CET/CEST)","n/e","n/e","n/e","n/e","n/e","n/e","n/e","n/e","n/e","n/e","n/e","n/e","n/e","1883","n/e","n/e","44","n/e","0","n/e","n/e","1129"
"BZN|SE1","06.04.2022 04:00 - 06.04.2022 05:00 (CET/CEST)","n/e","n/e","n/e","n/e","n/e","n/e","n/e","n/e","n/e","n/e","n/e","n/e","n/e","2024","n/e","n/e","44","n/e","0","n/e","n/e","1154"
"BZN|SE1","06.04.2022 05:00 - 06.04.2022 06:00 (CET/CEST)","n/e","n/e","n/e","n/e","n/e","n/e","n/e","n/e","n/e","n/e","n/e","n/e","n/e","1798","n/e","n/e","44","n/e","0","n/e","n/e","1115"
"BZN|SE1","06.04.2022 06:00 - 06.04.2022 07:00 (CET/CEST)","n/e","n/e","n/e","n/e","n/e","n/e","n/e","n/e","n/e","n/e","n/e","n/e","n/e","1739","n/e","n/e","44","n/e","0","n/e","n/e","1054"
"BZN|SE1","06.04.2022 07:00 - 06.04.2022 08:00 (CET/CEST)","n/e","n/e","n/e","n/e","n/e","n/e","n/e","n/e","n/e","n/e","n/e","n/e","n/e","2039","n/e","n/e","44","n/e","0","n/e","n/e","1000"
"BZN|SE1","06.04.2022 08:00 - 06.04.2022 09:00 (CET/CEST)","n/e","n/e","n/e","n/e","n/e","n/e","n/e","n/e","n/e","n/e","n/e","n/e","n/e","2061","n/e","n/e","45","n/e","0","n/e","n/e","935"
"BZN|SE1","06.04.2022 09:00 - 06.04.2022 10:00 (CET/CEST)","n/e","n/e","n/e","n/e","n/e","n/e","n/e","n/e","n/e","n/e","n/e","n/e","n/e","2094","n/e","n/e","44","n/e","0","n/e","n/e","836"
"BZN|SE1","06.04.2022 10:00 - 06.04.2022 11:00 (CET/CEST)","n/e","n/e","n/e","n/e","n/e","n/e","n/e","n/e","n/e","n/e","n/e","n/e","n/e","2074","n/e","n/e","43","n/e","0","n/e","n/e","727"
"BZN|SE1","06.04.2022 11:00 - 06.04.2022 12:00 (CET/CEST)","n/e","n/e","n/e","n/e","n/e","n/e","n/e","n/e","n/e","n/e","n/e","n/e","n/e","2096","n/e","n/e","44","n/e","0","n/e","n/e","742"
"BZN|SE1","06.04.2022 12:00 - 06.04.2022 13:00 (CET/CEST)","n/e","n/e","n/e","n/e","n/e","n/e","n/e","n/e","n/e","n/e","n/e","n/e","n/e","2077","n/e","n/e","44","n/e","0","n/e","n/e","700"
"BZN|SE1","06.04.2022 13:00 - 06.04.2022 14:00 (CET/CEST)","n/e","n/e","n/e","n/e","n/e","n/e","n/e","n/e","n/e","n/e","n/e","n/e","n/e","2090","n/e","n/e","43","n/e","0","n/e","n/e","677"
"BZN|SE1","06.04.2022 14:00 - 06.04.2022 15:00 (CET/CEST)","n/e","n/e","n/e","n/e","n/e","n/e","n/e","n/e","n/e","n/e","n/e","n/e","n/e","2218","n/e","n/e","43","n/e","1","n/e","n/e","441"
"BZN|SE1","06.04.2022 15:00 - 06.04.2022 16:00 (CET/CEST)","n/e","n/e","n/e","n/e","n/e","n/e","n/e","n/e","n/e","n/e","n/e","n/e","n/e","2152","n/e","n/e","43","n/e","0","n/e","n/e","555"
"BZN|SE1","06.04.2022 16:00 - 06.04.2022 17:00 (CET/CEST)","n/e","n/e","n/e","n/e","n/e","n/e","n/e","n/e","n/e","n/e","n/e","n/e","n/e","2201","n/e","n/e","42","n/e","0","n/e","n/e","619"
"BZN|SE1","06.04.2022 17:00 - 06.04.2022 18:00 (CET/CEST)","n/e","n/e","n/e","n/e","n/e","n/e","n/e","n/e","n/e","n/e","n/e","n/e","n/e","2516","n/e","n/e","43","n/e","0","n/e","n/e","607"
"BZN|SE1","06.04.2022 18:00 - 06.04.2022 19:00 (CET/CEST)","n/e","n/e","n/e","n/e","n/e","n/e","n/e","n/e","n/e","n/e","n/e","n/e","n/e","2627","n/e","n/e","43","n/e","0","n/e","n/e","538"
"BZN|SE1","06.04.2022 19:00 - 06.04.2022 20:00 (CET/CEST)","n/e","n/e","n/e","n/e","n/e","n/e","n/e","n/e","n/e","n/e","n/e","n/e","n/e","2687","n/e","n/e","43","n/e","0","n/e","n/e","500"
"BZN|SE1","06.04.2022 20:00 - 06.04.2022 21:00 (CET/CEST)","n/e","n/e","n/e","n/e","n/e","n/e","n/e","n/e","n/e","n/e","n/e","n/e","n/e","2768","n/e","n/e","42","n/e","0","n/e","n/e","612"
"BZN|SE1","06.04.2022 21:00 - 06.04.2022 22:00 (CET/CEST)","n/e","n/e","n/e","n/e","n/e","n/e","n/e","n/e","n/e","n/e","n/e","n/e","n/e","2820","n/e","n/e","42","n/e","0","n/e","n/e","591"
"BZN|SE1","06.04.2022 22:00 - 06.04.2022 23:00 (CET/CEST)","n/e","n/e","n/e","n/e","n/e","n/e","n/e","n/e","n/e","n/e","n/e","n/e","n/e","2937","n/e","n/e","43","n/e","0","n/e","n/e","558"
"BZN|SE1","06.04.2022 23:00 - 07.04.2022 00:00 (CET/CEST)","n/e","n/e","n/e","n/e","n/e","n/e","n/e","n/e","n/e","n/e","n/e","n/e","n/e","2912","n/e","n/e","43","n/e","0","n/e","n/e","523"
"BZN|SE1","07.04.2022 00:00 - 07.04.2022 01:00 (CET/CEST)","n/e","n/e","n/e","n/e","n/e","n/e","n/e","n/e","n/e","n/e","n/e","n/e","n/e","3524","n/e","n/e","41","n/e","0","n/e","n/e","485"
"BZN|SE1","07.04.2022 01:00 - 07.04.2022 02:00 (CET/CEST)","n/e","n/e","n/e","n/e","n/e","n/e","n/e","n/e","n/e","n/e","n/e","n/e","n/e","3523","n/e","n/e","41","n/e","0","n/e","n/e","469"
"BZN|SE1","07.04.2022 02:00 - 07.04.2022 03:00 (CET/CEST)","n/e","n/e","n/e","n/e","n/e","n/e","n/e","n/e","n/e","n/e","n/e","n/e","n/e","3524","n/e","n/e","41","n/e","0","n/e","n/e","453"
"BZN|SE1","07.04.2022 03:00 - 07.04.2022 04:00 (CET/CEST)","n/e","n/e","n/e","n/e","n/e","n/e","n/e","n/e","n/e","n/e","n/e","n/e","n/e","3528","n/e","n/e","41","n/e","0","n/e","n/e","480"
"BZN|SE1","07.04.2022 04:00 - 07.04.2022 05:00 (CET/CEST)","n/e","n/e","n/e","n/e","n/e","n/e","n/e","n/e","n/e","n/e","n/e","n/e","n/e","3523","n/e","n/e","43","n/e","0","n/e","n/e","493"
"BZN|SE1","07.04.2022 05:00 - 07.04.2022 06:00 (CET/CEST)","n/e","n/e","n/e","n/e","n/e","n/e","n/e","n/e","n/e","n/e","n/e","n/e","n/e","3518","n/e","n/e","44","n/e","0","n/e","n/e","539"
"BZN|SE1","07.04.2022 06:00 - 07.04.2022 07:00 (CET/CEST)","n/e","n/e","n/e","n/e","n/e","n/e","n/e","n/e","n/e","n/e","n/e","n/e","n/e","3478","n/e","n/e","45","n/e","0","n/e","n/e","547"
"BZN|SE1","07.04.2022 07:00 - 07.04.2022 08:00 (CET/CEST)","n/e","n/e","n/e","n/e","n/e","n/e","n/e","n/e","n/e","n/e","n/e","n/e","n/e","3574","n/e","n/e","45","n/e","0","n/e","n/e","529"
"BZN|SE1","07.04.2022 08:00 - 07.04.2022 09:00 (CET/CEST)","n/e","n/e","n/e","n/e","n/e","n/e","n/e","n/e","n/e","n/e","n/e","n/e","n/e","3595","n/e","n/e","41","n/e","0","n/e","n/e","492"
"BZN|SE1","07.04.2022 09:00 - 07.04.2022 10:00 (CET/CEST)","n/e","n/e","n/e","n/e","n/e","n/e","n/e","n/e","n/e","n/e","n/e","n/e","n/e","3632","n/e","n/e","40","n/e","0","n/e","n/e","531"
"BZN|SE1","07.04.2022 10:00 - 07.04.2022 11:00 (CET/CEST)","n/e","n/e","n/e","n/e","n/e","n/e","n/e","n/e","n/e","n/e","n/e","n/e","n/e","3541","n/e","n/e","40","n/e","0","n/e","n/e","504"
"BZN|SE1","07.04.2022 11:00 - 07.04.2022 12:00 (CET/CEST)","n/e","n/e","n/e","n/e","n/e","n/e","n/e","n/e","n/e","n/e","n/e","n/e","n/e","3550","n/e","n/e","37","n/e","0","n/e","n/e","503"
"BZN|SE1","07.04.2022 12:00 - 07.04.2022 13:00 (CET/CEST)","n/e","n/e","n/e","n/e","n/e","n/e","n/e","n/e","n/e","n/e","n/e","n/e","n/e","3540","n/e","n/e","40","n/e","0","n/e","n/e","523"
"BZN|SE1","07.04.2022 13:00 - 07.04.2022 14:00 (CET/CEST)","n/e","n/e","n/e","n/e","n/e","n/e","n/e","n/e","n/e","n/e","n/e","n/e","n/e","3532","n/e","n/e","39","n/e","0","n/e","n/e","543"
"BZN|SE1","07.04.2022 14:00 - 07.04.2022 15:00 (CET/CEST)","n/e","n/e","n/e","n/e","n/e","n/e","n/e","n/e","n/e","n/e","n/e","n/e","n/e","3427","n/e","n/e","39","n/e","0","n/e","n/e","490"
"BZN|SE1","07.04.2022 15:00 - 07.04.2022 16:00 (CET/CEST)","n/e","n/e","n/e","n/e","n/e","n/e","n/e","n/e","n/e","n/e","n/e","n/e","n/e","3418","n/e","n/e","39","n/e","0","n/e","n/e","426"
"BZN|SE1","07.04.2022 16:00 - 07.04.2022 17:00 (CET/CEST)","n/e","n/e","n/e","n/e","n/e","n/e","n/e","n/e","n/e","n/e","n/e","n/e","n/e","3233","n/e","n/e","41","n/e","0","n/e","n/e","355"
"BZN|SE1","07.04.2022 17:00 - 07.04.2022 18:00 (CET/CEST)","n/e","n/e","n/e","n/e","n/e","n/e","n/e","n/e","n/e","n/e","n/e","n/e","n/e","3156","n/e","n/e","41","n/e","0","n/e","n/e","288"
"BZN|SE1","07.04.2022 18:00 - 07.04.2022 19:00 (CET/CEST)","n/e","n/e","n/e","n/e","n/e","n/e","n/e","n/e","n/e","n/e","n/e","n/e","n/e","3235","n/e","n/e","41","n/e","0","n/e","n/e","265"
"BZN|SE1","07.04.2022 19:00 - 07.04.2022 20:00 (CET/CEST)","n/e","n/e","n/e","n/e","n/e","n/e","n/e","n/e","n/e","n/e","n/e","n/e","n/e","3549","n/e","n/e","35","n/e","0","n/e","n/e","254"
"BZN|SE1","07.04.2022 20:00 - 07.04.2022 21:00 (CET/CEST)","n/e","n/e","n/e","n/e","n/e","n/e","n/e","n/e","n/e","n/e","n/e","n/e","n/e","3455","n/e","n/e","35","n/e","0","n/e","n/e","266"
"BZN|SE1","07.04.2022 21:00 - 07.04.2022 22:00 (CET/CEST)","n/e","n/e","n/e","n/e","n/e","n/e","n/e","n/e","n/e","n/e","n/e","n/e","n/e","3230","n/e","n/e","34","n/e","0","n/e","n/e","250"
"BZN|SE1","07.04.2022 22:00 - 07.04.2022 23:00 (CET/CEST)","n/e","n/e","n/e","n/e","n/e","n/e","n/e","n/e","n/e","n/e","n/e","n/e","n/e","2789","n/e","n/e","35","n/e","0","n/e","n/e","203"
"BZN|SE1","07.04.2022 23:00 - 08.04.2022 00:00 (CET/CEST)","n/e","n/e","n/e","n/e","n/e","n/e","n/e","n/e","n/e","n/e","n/e","n/e","n/e","2270","n/e","n/e","35","n/e","0","n/e","n/e","205"
"BZN|SE1","08.04.2022 00:00 - 08.04.2022 01:00 (CET/CEST)","n/e","n/e","n/e","n/e","n/e","n/e","n/e","n/e","n/e","n/e","n/e","n/e","n/e","1160","n/e","n/e","36","n/e","0","n/e","n/e","217"
"BZN|SE1","08.04.2022 01:00 - 08.04.2022 02:00 (CET/CEST)","n/e","n/e","n/e","n/e","n/e","n/e","n/e","n/e","n/e","n/e","n/e","n/e","n/e","1081","n/e","n/e","36","n/e","0","n/e","n/e","266"
"BZN|SE1","08.04.2022 02:00 - 08.04.2022 03:00 (CET/CEST)","n/e","n/e","n/e","n/e","n/e","n/e","n/e","n/e","n/e","n/e","n/e","n/e","n/e","962","n/e","n/e","36","n/e","0","n/e","n/e","372"
"BZN|SE1","08.04.2022 03:00 - 08.04.2022 04:00 (CET/CEST)","n/e","n/e","n/e","n/e","n/e","n/e","n/e","n/e","n/e","n/e","n/e","n/e","n/e","946","n/e","n/e","36","n/e","0","n/e","n/e","574"
"BZN|SE1","08.04.2022 04:00 - 08.04.2022 05:00 (CET/CEST)","n/e","n/e","n/e","n/e","n/e","n/e","n/e","n/e","n/e","n/e","n/e","n/e","n/e","1056","n/e","n/e","36","n/e","0","n/e","n/e","758"
"BZN|SE1","08.04.2022 05:00 - 08.04.2022 06:00 (CET/CEST)","n/e","n/e","n/e","n/e","n/e","n/e","n/e","n/e","n/e","n/e","n/e","n/e","n/e","1172","n/e","n/e","39","n/e","0","n/e","n/e","895"
"BZN|SE1","08.04.2022 06:00 - 08.04.2022 07:00 (CET/CEST)","n/e","n/e","n/e","n/e","n/e","n/e","n/e","n/e","n/e","n/e","n/e","n/e","n/e","1296","n/e","n/e","42","n/e","0","n/e","n/e","1031"
"BZN|SE1","08.04.2022 07:00 - 08.04.2022 08:00 (CET/CEST)","n/e","n/e","n/e","n/e","n/e","n/e","n/e","n/e","n/e","n/e","n/e","n/e","n/e","1265","n/e","n/e","42","n/e","0","n/e","n/e","1189"
"BZN|SE1","08.04.2022 08:00 - 08.04.2022 09:00 (CET/CEST)","n/e","n/e","n/e","n/e","n/e","n/e","n/e","n/e","n/e","n/e","n/e","n/e","n/e","1127","n/e","n/e","41","n/e","0","n/e","n/e","1295"
"BZN|SE1","08.04.2022 09:00 - 08.04.2022 10:00 (CET/CEST)","n/e","n/e","n/e","n/e","n/e","n/e","n/e","n/e","n/e","n/e","n/e","n/e","n/e","1122","n/e","n/e","41","n/e","0","n/e","n/e","1423"
"BZN|SE1","08.04.2022 10:00 - 08.04.2022 11:00 (CET/CEST)","n/e","n/e","n/e","n/e","n/e","n/e","n/e","n/e","n/e","n/e","n/e","n/e","n/e","1097","n/e","n/e","41","n/e","0","n/e","n/e","1660"
"BZN|SE1","08.04.2022 11:00 - 08.04.2022 12:00 (CET/CEST)","n/e","n/e","n/e","n/e","n/e","n/e","n/e","n/e","n/e","n/e","n/e","n/e","n/e","1124","n/e","n/e","38","n/e","0","n/e","n/e","1778"
"BZN|SE1","08.04.2022 12:00 - 08.04.2022 13:00 (CET/CEST)","n/e","n/e","n/e","n/e","n/e","n/e","n/e","n/e","n/e","n/e","n/e","n/e","n/e","1125","n/e","n/e","41","n/e","0","n/e","n/e","1738"
"BZN|SE1","08.04.2022 13:00 - 08.04.2022 14:00 (CET/CEST)","n/e","n/e","n/e","n/e","n/e","n/e","n/e","n/e","n/e","n/e","n/e","n/e","n/e","1152","n/e","n/e","41","n/e","0","n/e","n/e","1723"
"BZN|SE1","08.04.2022 14:00 - 08.04.2022 15:00 (CET/CEST)","n/e","n/e","n/e","n/e","n/e","n/e","n/e","n/e","n/e","n/e","n/e","n/e","n/e","1176","n/e","n/e","41","n/e","0","n/e","n/e","1668"
"BZN|SE1","08.04.2022 15:00 - 08.04.2022 16:00 (CET/CEST)","n/e","n/e","n/e","n/e","n/e","n/e","n/e","n/e","n/e","n/e","n/e","n/e","n/e","1227","n/e","n/e","41","n/e","0","n/e","n/e","1683"
"BZN|SE1","08.04.2022 16:00 - 08.04.2022 17:00 (CET/CEST)","n/e","n/e","n/e","n/e","n/e","n/e","n/e","n/e","n/e","n/e","n/e","n/e","n/e","1242","n/e","n/e","40","n/e","0","n/e","n/e","1637"
"BZN|SE1","08.04.2022 17:00 - 08.04.2022 18:00 (CET/CEST)","n/e","n/e","n/e","n/e","n/e","n/e","n/e","n/e","n/e","n/e","n/e","n/e","n/e","1263","n/e","n/e","40","n/e","0","n/e","n/e","1469"
"BZN|SE1","08.04.2022 18:00 - 08.04.2022 19:00 (CET/CEST)","n/e","n/e","n/e","n/e","n/e","n/e","n/e","n/e","n/e","n/e","n/e","n/e","n/e","1916","n/e","n/e","40","n/e","0","n/e","n/e","1207"
"BZN|SE1","08.04.2022 19:00 - 08.04.2022 20:00 (CET/CEST)","n/e","n/e","n/e","n/e","n/e","n/e","n/e","n/e","n/e","n/e","n/e","n/e","n/e","1904","n/e","n/e","40","n/e","0","n/e","n/e","1000"
"BZN|SE1","08.04.2022 20:00 - 08.04.2022 21:00 (CET/CEST)","n/e","n/e","n/e","n/e","n/e","n/e","n/e","n/e","n/e","n/e","n/e","n/e","n/e","1851","n/e","n/e","35","n/e","0","n/e","n/e","844"
"BZN|SE1","08.04.2022 21:00 - 08.04.2022 22:00 (CET/CEST)","n/e","n/e","n/e","n/e","n/e","n/e","n/e","n/e","n/e","n/e","n/e","n/e","n/e","1628","n/e","n/e","32","n/e","0","n/e","n/e","698"
"BZN|SE1","08.04.2022 22:00 - 08.04.2022 23:00 (CET/CEST)","n/e","n/e","n/e","n/e","n/e","n/e","n/e","n/e","n/e","n/e","n/e","n/e","n/e","1442","n/e","n/e","32","n/e","0","n/e","n/e","604"
"BZN|SE1","08.04.2022 23:00 - 09.04.2022 00:00 (CET/CEST)","n/e","n/e","n/e","n/e","n/e","n/e","n/e","n/e","n/e","n/e","n/e","n/e","n/e","1376","n/e","n/e","32","n/e","0","n/e","n/e","544"
"BZN|SE1","09.04.2022 00:00 - 09.04.2022 01:00 (CET/CEST)","n/e","n/e","n/e","n/e","n/e","n/e","n/e","n/e","n/e","n/e","n/e","n/e","n/e","1735","n/e","n/e","28","n/e","0","n/e","n/e","543"
"BZN|SE1","09.04.2022 01:00 - 09.04.2022 02:00 (CET/CEST)","n/e","n/e","n/e","n/e","n/e","n/e","n/e","n/e","n/e","n/e","n/e","n/e","n/e","1910","n/e","n/e","28","n/e","0","n/e","n/e","522"
"BZN|SE1","09.04.2022 02:00 - 09.04.2022 03:00 (CET/CEST)","n/e","n/e","n/e","n/e","n/e","n/e","n/e","n/e","n/e","n/e","n/e","n/e","n/e","1864","n/e","n/e","28","n/e","0","n/e","n/e","470"
"BZN|SE1","09.04.2022 03:00 - 09.04.2022 04:00 (CET/CEST)","n/e","n/e","n/e","n/e","n/e","n/e","n/e","n/e","n/e","n/e","n/e","n/e","n/e","2074","n/e","n/e","28","n/e","0","n/e","n/e","392"
"BZN|SE1","09.04.2022 04:00 - 09.04.2022 05:00 (CET/CEST)","n/e","n/e","n/e","n/e","n/e","n/e","n/e","n/e","n/e","n/e","n/e","n/e","n/e","2114","n/e","n/e","28","n/e","0","n/e","n/e","320"
"BZN|SE1","09.04.2022 05:00 - 09.04.2022 06:00 (CET/CEST)","n/e","n/e","n/e","n/e","n/e","n/e","n/e","n/e","n/e","n/e","n/e","n/e","n/e","2261","n/e","n/e","24","n/e","0","n/e","n/e","253"
"BZN|SE1","09.04.2022 06:00 - 09.04.2022 07:00 (CET/CEST)","n/e","n/e","n/e","n/e","n/e","n/e","n/e","n/e","n/e","n/e","n/e","n/e","n/e","2434","n/e","n/e","24","n/e","0","n/e","n/e","240"
"BZN|SE1","09.04.2022 07:00 - 09.04.2022 08:00 (CET/CEST)","n/e","n/e","n/e","n/e","n/e","n/e","n/e","n/e","n/e","n/e","n/e","n/e","n/e","2881","n/e","n/e","24","n/e","0","n/e","n/e","211"
"BZN|SE1","09.04.2022 08:00 - 09.04.2022 09:00 (CET/CEST)","n/e","n/e","n/e","n/e","n/e","n/e","n/e","n/e","n/e","n/e","n/e","n/e","n/e","2870","n/e","n/e","24","n/e","0","n/e","n/e","165"
"BZN|SE1","09.04.2022 09:00 - 09.04.2022 10:00 (CET/CEST)","n/e","n/e","n/e","n/e","n/e","n/e","n/e","n/e","n/e","n/e","n/e","n/e","n/e","2859","n/e","n/e","24","n/e","0","n/e","n/e","142"
"BZN|SE1","09.04.2022 10:00 - 09.04.2022 11:00 (CET/CEST)","n/e","n/e","n/e","n/e","n/e","n/e","n/e","n/e","n/e","n/e","n/e","n/e","n/e","2138","n/e","n/e","24","n/e","0","n/e","n/e","137"
"BZN|SE1","09.04.2022 11:00 - 09.04.2022 12:00 (CET/CEST)","n/e","n/e","n/e","n/e","n/e","n/e","n/e","n/e","n/e","n/e","n/e","n/e","n/e","1369","n/e","n/e","24","n/e","0","n/e","n/e","147"
"BZN|SE1","09.04.2022 12:00 - 09.04.2022 13:00 (CET/CEST)","n/e","n/e","n/e","n/e","n/e","n/e","n/e","n/e","n/e","n/e","n/e","n/e","n/e","1278","n/e","n/e","21","n/e","1","n/e","n/e","155"
"BZN|SE1","09.04.2022 13:00 - 09.04.2022 14:00 (CET/CEST)","n/e","n/e","n/e","n/e","n/e","n/e","n/e","n/e","n/e","n/e","n/e","n/e","n/e","1247","n/e","n/e","21","n/e","1","n/e","n/e","152"
"BZN|SE1","09.04.2022 14:00 - 09.04.2022 15:00 (CET/CEST)","n/e","n/e","n/e","n/e","n/e","n/e","n/e","n/e","n/e","n/e","n/e","n/e","n/e","1248","n/e","n/e","21","n/e","1","n/e","n/e","146"
"BZN|SE1","09.04.2022 15:00 - 09.04.2022 16:00 (CET/CEST)","n/e","n/e","n/e","n/e","n/e","n/e","n/e","n/e","n/e","n/e","n/e","n/e","n/e","1254","n/e","n/e","21","n/e","1","n/e","n/e","129"
"BZN|SE1","09.04.2022 16:00 - 09.04.2022 17:00 (CET/CEST)","n/e","n/e","n/e","n/e","n/e","n/e","n/e","n/e","n/e","n/e","n/e","n/e","n/e","2158","n/e","n/e","21","n/e","0","n/e","n/e","117"
"BZN|SE1","09.04.2022 17:00 - 09.04.2022 18:00 (CET/CEST)","n/e","n/e","n/e","n/e","n/e","n/e","n/e","n/e","n/e","n/e","n/e","n/e","n/e","2829","n/e","n/e","21","n/e","0","n/e","n/e","132"
"BZN|SE1","09.04.2022 18:00 - 09.04.2022 19:00 (CET/CEST)","n/e","n/e","n/e","n/e","n/e","n/e","n/e","n/e","n/e","n/e","n/e","n/e","n/e","2925","n/e","n/e","21","n/e","0","n/e","n/e","190"
"BZN|SE1","09.04.2022 19:00 - 09.04.2022 20:00 (CET/CEST)","n/e","n/e","n/e","n/e","n/e","n/e","n/e","n/e","n/e","n/e","n/e","n/e","n/e","3168","n/e","n/e","21","n/e","0","n/e","n/e","282"
"BZN|SE1","09.04.2022 20:00 - 09.04.2022 21:00 (CET/CEST)","n/e","n/e","n/e","n/e","n/e","n/e","n/e","n/e","n/e","n/e","n/e","n/e","n/e","3134","n/e","n/e","21","n/e","0","n/e","n/e","403"
"BZN|SE1","09.04.2022 21:00 - 09.04.2022 22:00 (CET/CEST)","n/e","n/e","n/e","n/e","n/e","n/e","n/e","n/e","n/e","n/e","n/e","n/e","n/e","2638","n/e","n/e","21","n/e","0","n/e","n/e","521"
"BZN|SE1","09.04.2022 22:00 - 09.04.2022 23:00 (CET/CEST)","n/e","n/e","n/e","n/e","n/e","n/e","n/e","n/e","n/e","n/e","n/e","n/e","n/e","2623","n/e","n/e","21","n/e","0","n/e","n/e","663"
"BZN|SE1","09.04.2022 23:00 - 10.04.2022 00:00 (CET/CEST)","n/e","n/e","n/e","n/e","n/e","n/e","n/e","n/e","n/e","n/e","n/e","n/e","n/e","2367","n/e","n/e","25","n/e","0","n/e","n/e","733"
"BZN|SE1","10.04.2022 00:00 - 10.04.2022 01:00 (CET/CEST)","n/e","n/e","n/e","n/e","n/e","n/e","n/e","n/e","n/e","n/e","n/e","n/e","n/e","2007","n/e","n/e","24","n/e","0","n/e","n/e","651"
"BZN|SE1","10.04.2022 01:00 - 10.04.2022 02:00 (CET/CEST)","n/e","n/e","n/e","n/e","n/e","n/e","n/e","n/e","n/e","n/e","n/e","n/e","n/e","1905","n/e","n/e","25","n/e","0","n/e","n/e","641"
"BZN|SE1","10.04.2022 02:00 - 10.04.2022 03:00 (CET/CEST)","n/e","n/e","n/e","n/e","n/e","n/e","n/e","n/e","n/e","n/e","n/e","n/e","n/e","1870","n/e","n/e","25","n/e","0","n/e","n/e","553"
"BZN|SE1","10.04.2022 03:00 - 10.04.2022 04:00 (CET/CEST)","n/e","n/e","n/e","n/e","n/e","n/e","n/e","n/e","n/e","n/e","n/e","n/e","n/e","1902","n/e","n/e","25","n/e","0","n/e","n/e","465"
"BZN|SE1","10.04.2022 04:00 - 10.04.2022 05:00 (CET/CEST)","n/e","n/e","n/e","n/e","n/e","n/e","n/e","n/e","n/e","n/e","n/e","n/e","n/e","1897","n/e","n/e","25","n/e","0","n/e","n/e","459"
"BZN|SE1","10.04.2022 05:00 - 10.04.2022 06:00 (CET/CEST)","n/e","n/e","n/e","n/e","n/e","n/e","n/e","n/e","n/e","n/e","n/e","n/e","n/e","1895","n/e","n/e","25","n/e","0","n/e","n/e","442"
"BZN|SE1","10.04.2022 06:00 - 10.04.2022 07:00 (CET/CEST)","n/e","n/e","n/e","n/e","n/e","n/e","n/e","n/e","n/e","n/e","n/e","n/e","n/e","1963","n/e","n/e","25","n/e","0","n/e","n/e","432"
"BZN|SE1","10.04.2022 07:00 - 10.04.2022 08:00 (CET/CEST)","n/e","n/e","n/e","n/e","n/e","n/e","n/e","n/e","n/e","n/e","n/e","n/e","n/e","2018","n/e","n/e","25","n/e","0","n/e","n/e","424"
"BZN|SE1","10.04.2022 08:00 - 10.04.2022 09:00 (CET/CEST)","n/e","n/e","n/e","n/e","n/e","n/e","n/e","n/e","n/e","n/e","n/e","n/e","n/e","2166","n/e","n/e","25","n/e","0","n/e","n/e","386"
"BZN|SE1","10.04.2022 09:00 - 10.04.2022 10:00 (CET/CEST)","n/e","n/e","n/e","n/e","n/e","n/e","n/e","n/e","n/e","n/e","n/e","n/e","n/e","1590","n/e","n/e","24","n/e","0","n/e","n/e","318"
"BZN|SE1","10.04.2022 10:00 - 10.04.2022 11:00 (CET/CEST)","n/e","n/e","n/e","n/e","n/e","n/e","n/e","n/e","n/e","n/e","n/e","n/e","n/e","1308","n/e","n/e","25","n/e","0","n/e","n/e","307"
"BZN|SE1","10.04.2022 11:00 - 10.04.2022 12:00 (CET/CEST)","n/e","n/e","n/e","n/e","n/e","n/e","n/e","n/e","n/e","n/e","n/e","n/e","n/e","1271","n/e","n/e","25","n/e","0","n/e","n/e","273"
"BZN|SE1","10.04.2022 12:00 - 10.04.2022 13:00 (CET/CEST)","n/e","n/e","n/e","n/e","n/e","n/e","n/e","n/e","n/e","n/e","n/e","n/e","n/e","1358","n/e","n/e","24","n/e","0","n/e","n/e","298"
"BZN|SE1","10.04.2022 13:00 - 10.04.2022 14:00 (CET/CEST)","n/e","n/e","n/e","n/e","n/e","n/e","n/e","n/e","n/e","n/e","n/e","n/e","n/e","1343","n/e","n/e","24","n/e","0","n/e","n/e","322"
"BZN|SE1","10.04.2022 14:00 - 10.04.2022 15:00 (CET/CEST)","n/e","n/e","n/e","n/e","n/e","n/e","n/e","n/e","n/e","n/e","n/e","n/e","n/e","1342","n/e","n/e","24","n/e","0","n/e","n/e","347"
"BZN|SE1","10.04.2022 15:00 - 10.04.2022 16:00 (CET/CEST)","n/e","n/e","n/e","n/e","n/e","n/e","n/e","n/e","n/e","n/e","n/e","n/e","n/e","1524","n/e","n/e","24","n/e","0","n/e","n/e","276"
"BZN|SE1","10.04.2022 16:00 - 10.04.2022 17:00 (CET/CEST)","n/e","n/e","n/e","n/e","n/e","n/e","n/e","n/e","n/e","n/e","n/e","n/e","n/e","1969","n/e","n/e","24","n/e","0","n/e","n/e","249"
"BZN|SE1","10.04.2022 17:00 - 10.04.2022 18:00 (CET/CEST)","n/e","n/e","n/e","n/e","n/e","n/e","n/e","n/e","n/e","n/e","n/e","n/e","n/e","2135","n/e","n/e","25","n/e","0","n/e","n/e","210"
"BZN|SE1","10.04.2022 18:00 - 10.04.2022 19:00 (CET/CEST)","n/e","n/e","n/e","n/e","n/e","n/e","n/e","n/e","n/e","n/e","n/e","n/e","n/e","2554","n/e","n/e","24","n/e","0","n/e","n/e","184"
"BZN|SE1","10.04.2022 19:00 - 10.04.2022 20:00 (CET/CEST)","n/e","n/e","n/e","n/e","n/e","n/e","n/e","n/e","n/e","n/e","n/e","n/e","n/e","2584","n/e","n/e","24","n/e","0","n/e","n/e","171"
"BZN|SE1","10.04.2022 20:00 - 10.04.2022 21:00 (CET/CEST)","n/e","n/e","n/e","n/e","n/e","n/e","n/e","n/e","n/e","n/e","n/e","n/e","n/e","2556","n/e","n/e","24","n/e","0","n/e","n/e","149"
"BZN|SE1","10.04.2022 21:00 - 10.04.2022 22:00 (CET/CEST)","n/e","n/e","n/e","n/e","n/e","n/e","n/e","n/e","n/e","n/e","n/e","n/e","n/e","2507","n/e","n/e","24","n/e","0","n/e","n/e","115"
"BZN|SE1","10.04.2022 22:00 - 10.04.2022 23:00 (CET/CEST)","n/e","n/e","n/e","n/e","n/e","n/e","n/e","n/e","n/e","n/e","n/e","n/e","n/e","2315","n/e","n/e","25","n/e","0","n/e","n/e","136"
"BZN|SE1","10.04.2022 23:00 - 11.04.2022 00:00 (CET/CEST)","n/e","n/e","n/e","n/e","n/e","n/e","n/e","n/e","n/e","n/e","n/e","n/e","n/e","2215","n/e","n/e","24","n/e","0","n/e","n/e","187"
"BZN|SE1","11.04.2022 00:00 - 11.04.2022 01:00 (CET/CEST)","n/e","n/e","n/e","n/e","n/e","n/e","n/e","n/e","n/e","n/e","n/e","n/e","n/e","1119","n/e","n/e","22","n/e","0","n/e","n/e","244"
"BZN|SE1","11.04.2022 01:00 - 11.04.2022 02:00 (CET/CEST)","n/e","n/e","n/e","n/e","n/e","n/e","n/e","n/e","n/e","n/e","n/e","n/e","n/e","1114","n/e","n/e","22","n/e","0","n/e","n/e","312"
"BZN|SE1","11.04.2022 02:00 - 11.04.2022 03:00 (CET/CEST)","n/e","n/e","n/e","n/e","n/e","n/e","n/e","n/e","n/e","n/e","n/e","n/e","n/e","1113","n/e","n/e","22","n/e","0","n/e","n/e","397"
"BZN|SE1","11.04.2022 03:00 - 11.04.2022 04:00 (CET/CEST)","n/e","n/e","n/e","n/e","n/e","n/e","n/e","n/e","n/e","n/e","n/e","n/e","n/e","1257","n/e","n/e","22","n/e","0","n/e","n/e","465"
"BZN|SE1","11.04.2022 04:00 - 11.04.2022 05:00 (CET/CEST)","n/e","n/e","n/e","n/e","n/e","n/e","n/e","n/e","n/e","n/e","n/e","n/e","n/e","1735","n/e","n/e","22","n/e","0","n/e","n/e","480"
"BZN|SE1","11.04.2022 05:00 - 11.04.2022 06:00 (CET/CEST)","n/e","n/e","n/e","n/e","n/e","n/e","n/e","n/e","n/e","n/e","n/e","n/e","n/e","2254","n/e","n/e","22","n/e","0","n/e","n/e","521"
"BZN|SE1","11.04.2022 06:00 - 11.04.2022 07:00 (CET/CEST)","n/e","n/e","n/e","n/e","n/e","n/e","n/e","n/e","n/e","n/e","n/e","n/e","n/e","2296","n/e","n/e","22","n/e","0","n/e","n/e","538"
"BZN|SE1","11.04.2022 07:00 - 11.04.2022 08:00 (CET/CEST)","n/e","n/e","n/e","n/e","n/e","n/e","n/e","n/e","n/e","n/e","n/e","n/e","n/e","2451","n/e","n/e","22","n/e","0","n/e","n/e","558"
"BZN|SE1","11.04.2022 08:00 - 11.04.2022 09:00 (CET/CEST)","n/e","n/e","n/e","n/e","n/e","n/e","n/e","n/e","n/e","n/e","n/e","n/e","n/e","2635","n/e","n/e","26","n/e","0","n/e","n/e","543"
"BZN|SE1","11.04.2022 09:00 - 11.04.2022 10:00 (CET/CEST)","n/e","n/e","n/e","n/e","n/e","n/e","n/e","n/e","n/e","n/e","n/e","n/e","n/e","2645","n/e","n/e","26","n/e","1","n/e","n/e","467"
"BZN|SE1","11.04.2022 10:00 - 11.04.2022 11:00 (CET/CEST)","n/e","n/e","n/e","n/e","n/e","n/e","n/e","n/e","n/e","n/e","n/e","n/e","n/e","2630","n/e","n/e","27","n/e","1","n/e","n/e","474"
"BZN|SE1","11.04.2022 11:00 - 11.04.2022 12:00 (CET/CEST)","n/e","n/e","n/e","n/e","n/e","n/e","n/e","n/e","n/e","n/e","n/e","n/e","n/e","2646","n/e","n/e","27","n/e","2","n/e","n/e","505"
"BZN|SE1","11.04.2022 12:00 - 11.04.2022 13:00 (CET/CEST)","n/e","n/e","n/e","n/e","n/e","n/e","n/e","n/e","n/e","n/e","n/e","n/e","n/e","2569","n/e","n/e","26","n/e","2","n/e","n/e","532"
"BZN|SE1","11.04.2022 13:00 - 11.04.2022 14:00 (CET/CEST)","n/e","n/e","n/e","n/e","n/e","n/e","n/e","n/e","n/e","n/e","n/e","n/e","n/e","2589","n/e","n/e","27","n/e","2","n/e","n/e","556"
"BZN|SE1","11.04.2022 14:00 - 11.04.2022 15:00 (CET/CEST)","n/e","n/e","n/e","n/e","n/e","n/e","n/e","n/e","n/e","n/e","n/e","n/e","n/e","2452","n/e","n/e","27","n/e","2","n/e","n/e","501"
"BZN|SE1","11.04.2022 15:00 - 11.04.2022 16:00 (CET/CEST)","n/e","n/e","n/e","n/e","n/e","n/e","n/e","n/e","n/e","n/e","n/e","n/e","n/e","2384","n/e","n/e","27","n/e","2","n/e","n/e","479"
"BZN|SE1","11.04.2022 16:00 - 11.04.2022 17:00 (CET/CEST)","n/e","n/e","n/e","n/e","n/e","n/e","n/e","n/e","n/e","n/e","n/e","n/e","n/e","2403","n/e","n/e","25","n/e","1","n/e","n/e","459"
"BZN|SE1","11.04.2022 17:00 - 11.04.2022 18:00 (CET/CEST)","n/e","n/e","n/e","n/e","n/e","n/e","n/e","n/e","n/e","n/e","n/e","n/e","n/e","2391","n/e","n/e","29","n/e","1","n/e","n/e","456"
"BZN|SE1","11.04.2022 18:00 - 11.04.2022 19:00 (CET/CEST)","n/e","n/e","n/e","n/e","n/e","n/e","n/e","n/e","n/e","n/e","n/e","n/e","n/e","2421","n/e","n/e","28","n/e","0","n/e","n/e","484"
"BZN|SE1","11.04.2022 19:00 - 11.04.2022 20:00 (CET/CEST)","n/e","n/e","n/e","n/e","n/e","n/e","n/e","n/e","n/e","n/e","n/e","n/e","n/e","2303","n/e","n/e","28","n/e","0","n/e","n/e","610"
"BZN|SE1","11.04.2022 20:00 - 11.04.2022 21:00 (CET/CEST)","n/e","n/e","n/e","n/e","n/e","n/e","n/e","n/e","n/e","n/e","n/e","n/e","n/e","2225","n/e","n/e","22","n/e","0","n/e","n/e","693"
"BZN|SE1","11.04.2022 21:00 - 11.04.2022 22:00 (CET/CEST)","n/e","n/e","n/e","n/e","n/e","n/e","n/e","n/e","n/e","n/e","n/e","n/e","n/e","2215","n/e","n/e","17","n/e","0","n/e","n/e","723"
"BZN|SE1","11.04.2022 22:00 - 11.04.2022 23:00 (CET/CEST)","n/e","n/e","n/e","n/e","n/e","n/e","n/e","n/e","n/e","n/e","n/e","n/e","n/e","2216","n/e","n/e","20","n/e","0","n/e","n/e","747"
"BZN|SE1","11.04.2022 23:00 - 12.04.2022 00:00 (CET/CEST)","n/e","n/e","n/e","n/e","n/e","n/e","n/e","n/e","n/e","n/e","n/e","n/e","n/e","2168","n/e","n/e","20","n/e","0","n/e","n/e","721"
"BZN|SE1","12.04.2022 00:00 - 12.04.2022 01:00 (CET/CEST)","n/e","n/e","n/e","n/e","n/e","n/e","n/e","n/e","n/e","n/e","n/e","n/e","n/e","2107","n/e","n/e","18","n/e","0","n/e","n/e","695"
"BZN|SE1","12.04.2022 01:00 - 12.04.2022 02:00 (CET/CEST)","n/e","n/e","n/e","n/e","n/e","n/e","n/e","n/e","n/e","n/e","n/e","n/e","n/e","2139","n/e","n/e","18","n/e","0","n/e","n/e","748"
"BZN|SE1","12.04.2022 02:00 - 12.04.2022 03:00 (CET/CEST)","n/e","n/e","n/e","n/e","n/e","n/e","n/e","n/e","n/e","n/e","n/e","n/e","n/e","2172","n/e","n/e","18","n/e","0","n/e","n/e","763"
"BZN|SE1","12.04.2022 03:00 - 12.04.2022 04:00 (CET/CEST)","n/e","n/e","n/e","n/e","n/e","n/e","n/e","n/e","n/e","n/e","n/e","n/e","n/e","2204","n/e","n/e","19","n/e","0","n/e","n/e","698"
"BZN|SE1","12.04.2022 04:00 - 12.04.2022 05:00 (CET/CEST)","n/e","n/e","n/e","n/e","n/e","n/e","n/e","n/e","n/e","n/e","n/e","n/e","n/e","2589","n/e","n/e","18","n/e","0","n/e","n/e","630"
"BZN|SE1","12.04.2022 05:00 - 12.04.2022 06:00 (CET/CEST)","n/e","n/e","n/e","n/e","n/e","n/e","n/e","n/e","n/e","n/e","n/e","n/e","n/e","2686","n/e","n/e","18","n/e","0","n/e","n/e","575"
"BZN|SE1","12.04.2022 06:00 - 12.04.2022 07:00 (CET/CEST)","n/e","n/e","n/e","n/e","n/e","n/e","n/e","n/e","n/e","n/e","n/e","n/e","n/e","2679","n/e","n/e","18","n/e","0","n/e","n/e","502"
"BZN|SE1","12.04.2022 07:00 - 12.04.2022 08:00 (CET/CEST)","n/e","n/e","n/e","n/e","n/e","n/e","n/e","n/e","n/e","n/e","n/e","n/e","n/e","2678","n/e","n/e","23","n/e","0","n/e","n/e","446"
"BZN|SE1","12.04.2022 08:00 - 12.04.2022 09:00 (CET/CEST)","n/e","n/e","n/e","n/e","n/e","n/e","n/e","n/e","n/e","n/e","n/e","n/e","n/e","2985","n/e","n/e","28","n/e","0","n/e","n/e","276"
"BZN|SE1","12.04.2022 09:00 - 12.04.2022 10:00 (CET/CEST)","n/e","n/e","n/e","n/e","n/e","n/e","n/e","n/e","n/e","n/e","n/e","n/e","n/e","3539","n/e","n/e","33","n/e","1","n/e","n/e","145"
"BZN|SE1","12.04.2022 10:00 - 12.04.2022 11:00 (CET/CEST)","n/e","n/e","n/e","n/e","n/e","n/e","n/e","n/e","n/e","n/e","n/e","n/e","n/e","3615","n/e","n/e","33","n/e","2","n/e","n/e","72"
"BZN|SE1","12.04.2022 11:00 - 12.04.2022 12:00 (CET/CEST)","n/e","n/e","n/e","n/e","n/e","n/e","n/e","n/e","n/e","n/e","n/e","n/e","n/e","3614","n/e","n/e","33","n/e","2","n/e","n/e","51"
"BZN|SE1","12.04.2022 12:00 - 12.04.2022 13:00 (CET/CEST)","n/e","n/e","n/e","n/e","n/e","n/e","n/e","n/e","n/e","n/e","n/e","n/e","n/e","3590","n/e","n/e","31","n/e","2","n/e","n/e","47"
"BZN|SE1","12.04.2022 13:00 - 12.04.2022 14:00 (CET/CEST)","n/e","n/e","n/e","n/e","n/e","n/e","n/e","n/e","n/e","n/e","n/e","n/e","n/e","3541","n/e","n/e","30","n/e","2","n/e","n/e","51"
"BZN|SE1","12.04.2022 14:00 - 12.04.2022 15:00 (CET/CEST)","n/e","n/e","n/e","n/e","n/e","n/e","n/e","n/e","n/e","n/e","n/e","n/e","n/e","3539","n/e","n/e","33","n/e","2","n/e","n/e","53"
"BZN|SE1","12.04.2022 15:00 - 12.04.2022 16:00 (CET/CEST)","n/e","n/e","n/e","n/e","n/e","n/e","n/e","n/e","n/e","n/e","n/e","n/e","n/e","3534","n/e","n/e","33","n/e","1","n/e","n/e","55"
"BZN|SE1","12.04.2022 16:00 - 12.04.2022 17:00 (CET/CEST)","n/e","n/e","n/e","n/e","n/e","n/e","n/e","n/e","n/e","n/e","n/e","n/e","n/e","3543","n/e","n/e","33","n/e","1","n/e","n/e","45"
"BZN|SE1","12.04.2022 17:00 - 12.04.2022 18:00 (CET/CEST)","n/e","n/e","n/e","n/e","n/e","n/e","n/e","n/e","n/e","n/e","n/e","n/e","n/e","3799","n/e","n/e","33","n/e","0","n/e","n/e","51"
"BZN|SE1","12.04.2022 18:00 - 12.04.2022 19:00 (CET/CEST)","n/e","n/e","n/e","n/e","n/e","n/e","n/e","n/e","n/e","n/e","n/e","n/e","n/e","3763","n/e","n/e","33","n/e","0","n/e","n/e","59"
"BZN|SE1","12.04.2022 19:00 - 12.04.2022 20:00 (CET/CEST)","n/e","n/e","n/e","n/e","n/e","n/e","n/e","n/e","n/e","n/e","n/e","n/e","n/e","3753","n/e","n/e","33","n/e","0","n/e","n/e","79"
"BZN|SE1","12.04.2022 20:00 - 12.04.2022 21:00 (CET/CEST)","n/e","n/e","n/e","n/e","n/e","n/e","n/e","n/e","n/e","n/e","n/e","n/e","n/e","3743","n/e","n/e","33","n/e","0","n/e","n/e","91"
"BZN|SE1","12.04.2022 21:00 - 12.04.2022 22:00 (CET/CEST)","n/e","n/e","n/e","n/e","n/e","n/e","n/e","n/e","n/e","n/e","n/e","n/e","n/e","3742","n/e","n/e","32","n/e","0","n/e","n/e","94"
"BZN|SE1","12.04.2022 22:00 - 12.04.2022 23:00 (CET/CEST)","n/e","n/e","n/e","n/e","n/e","n/e","n/e","n/e","n/e","n/e","n/e","n/e","n/e","3720","n/e","n/e","33","n/e","0","n/e","n/e","76"
"BZN|SE1","12.04.2022 23:00 - 13.04.2022 00:00 (CET/CEST)","n/e","n/e","n/e","n/e","n/e","n/e","n/e","n/e","n/e","n/e","n/e","n/e","n/e","3671","n/e","n/e","33","n/e","0","n/e","n/e","63"
"BZN|SE1","13.04.2022 00:00 - 13.04.2022 01:00 (CET/CEST)","n/e","n/e","n/e","n/e","n/e","n/e","n/e","n/e","n/e","n/e","n/e","n/e","n/e","3005","n/e","n/e","18","n/e","0","n/e","n/e","53"
"BZN|SE1","13.04.2022 01:00 - 13.04.2022 02:00 (CET/CEST)","n/e","n/e","n/e","n/e","n/e","n/e","n/e","n/e","n/e","n/e","n/e","n/e","n/e","3022","n/e","n/e","20","n/e","0","n/e","n/e","54"
"BZN|SE1","13.04.2022 02:00 - 13.04.2022 03:00 (CET/CEST)","n/e","n/e","n/e","n/e","n/e","n/e","n/e","n/e","n/e","n/e","n/e","n/e","n/e","3024","n/e","n/e","20","n/e","0","n/e","n/e","58"
"BZN|SE1","13.04.2022 03:00 - 13.04.2022 04:00 (CET/CEST)","n/e","n/e","n/e","n/e","n/e","n/e","n/e","n/e","n/e","n/e","n/e","n/e","n/e","3204","n/e","n/e","20","n/e","0","n/e","n/e","42"
"BZN|SE1","13.04.2022 04:00 - 13.04.2022 05:00 (CET/CEST)","n/e","n/e","n/e","n/e","n/e","n/e","n/e","n/e","n/e","n/e","n/e","n/e","n/e","3406","n/e","n/e","27","n/e","0","n/e","n/e","24"
"BZN|SE1","13.04.2022 05:00 - 13.04.2022 06:00 (CET/CEST)","n/e","n/e","n/e","n/e","n/e","n/e","n/e","n/e","n/e","n/e","n/e","n/e","n/e","3571","n/e","n/e","32","n/e","0","n/e","n/e","31"
"BZN|SE1","13.04.2022 06:00 - 13.04.2022 07:00 (CET/CEST)","n/e","n/e","n/e","n/e","n/e","n/e","n/e","n/e","n/e","n/e","n/e","n/e","n/e","3607","n/e","n/e","32","n/e","0","n/e","n/e","37"
"BZN|SE1","13.04.2022 07:00 - 13.04.2022 08:00 (CET/CEST)","n/e","n/e","n/e","n/e","n/e","n/e","n/e","n/e","n/e","n/e","n/e","n/e","n/e","3628","n/e","n/e","32","n/e","0","n/e","n/e","48"
"BZN|SE1","13.04.2022 08:00 - 13.04.2022 09:00 (CET/CEST)","n/e","n/e","n/e","n/e","n/e","n/e","n/e","n/e","n/e","n/e","n/e","n/e","n/e","3890","n/e","n/e","32","n/e","0","n/e","n/e","47"
"BZN|SE1","13.04.2022 09:00 - 13.04.2022 10:00 (CET/CEST)","n/e","n/e","n/e","n/e","n/e","n/e","n/e","n/e","n/e","n/e","n/e","n/e","n/e","3861","n/e","n/e","31","n/e","1","n/e","n/e","46"
"BZN|SE1","13.04.2022 10:00 - 13.04.2022 11:00 (CET/CEST)","n/e","n/e","n/e","n/e","n/e","n/e","n/e","n/e","n/e","n/e","n/e","n/e","n/e","3859","n/e","n/e","23","n/e","1","n/e","n/e","48"
"BZN|SE1","13.04.2022 11:00 - 13.04.2022 12:00 (CET/CEST)","n/e","n/e","n/e","n/e","n/e","n/e","n/e","n/e","n/e","n/e","n/e","n/e","n/e","3855","n/e","n/e","20","n/e","1","n/e","n/e","64"
"BZN|SE1","13.04.2022 12:00 - 13.04.2022 13:00 (CET/CEST)","n/e","n/e","n/e","n/e","n/e","n/e","n/e","n/e","n/e","n/e","n/e","n/e","n/e","3629","n/e","n/e","19","n/e","1","n/e","n/e","81"
"BZN|SE1","13.04.2022 13:00 - 13.04.2022 14:00 (CET/CEST)","n/e","n/e","n/e","n/e","n/e","n/e","n/e","n/e","n/e","n/e","n/e","n/e","n/e","3606","n/e","n/e","19","n/e","1","n/e","n/e","120"
"BZN|SE1","13.04.2022 14:00 - 13.04.2022 15:00 (CET/CEST)","n/e","n/e","n/e","n/e","n/e","n/e","n/e","n/e","n/e","n/e","n/e","n/e","n/e","3589","n/e","n/e","18","n/e","1","n/e","n/e","157"
"BZN|SE1","13.04.2022 15:00 - 13.04.2022 16:00 (CET/CEST)","n/e","n/e","n/e","n/e","n/e","n/e","n/e","n/e","n/e","n/e","n/e","n/e","n/e","3533","n/e","n/e","18","n/e","1","n/e","n/e","189"
"BZN|SE1","13.04.2022 16:00 - 13.04.2022 17:00 (CET/CEST)","n/e","n/e","n/e","n/e","n/e","n/e","n/e","n/e","n/e","n/e","n/e","n/e","n/e","3603","n/e","n/e","17","n/e","0","n/e","n/e","207"
"BZN|SE1","13.04.2022 17:00 - 13.04.2022 18:00 (CET/CEST)","n/e","n/e","n/e","n/e","n/e","n/e","n/e","n/e","n/e","n/e","n/e","n/e","n/e","3611","n/e","n/e","16","n/e","0","n/e","n/e","155"
"BZN|SE1","13.04.2022 18:00 - 13.04.2022 19:00 (CET/CEST)","n/e","n/e","n/e","n/e","n/e","n/e","n/e","n/e","n/e","n/e","n/e","n/e","n/e","3652","n/e","n/e","16","n/e","0","n/e","n/e","176"
"BZN|SE1","13.04.2022 19:00 - 13.04.2022 20:00 (CET/CEST)","n/e","n/e","n/e","n/e","n/e","n/e","n/e","n/e","n/e","n/e","n/e","n/e","n/e","3658","n/e","n/e","17","n/e","0","n/e","n/e","206"
"BZN|SE1","13.04.2022 20:00 - 13.04.2022 21:00 (CET/CEST)","n/e","n/e","n/e","n/e","n/e","n/e","n/e","n/e","n/e","n/e","n/e","n/e","n/e","3656","n/e","n/e","17","n/e","0","n/e","n/e","202"
"BZN|SE1","13.04.2022 21:00 - 13.04.2022 22:00 (CET/CEST)","n/e","n/e","n/e","n/e","n/e","n/e","n/e","n/e","n/e","n/e","n/e","n/e","n/e","3594","n/e","n/e","16","n/e","0","n/e","n/e","180"
"BZN|SE1","13.04.2022 22:00 - 13.04.2022 23:00 (CET/CEST)","n/e","n/e","n/e","n/e","n/e","n/e","n/e","n/e","n/e","n/e","n/e","n/e","n/e","3462","n/e","n/e","17","n/e","0","n/e","n/e","174"
"BZN|SE1","13.04.2022 23:00 - 14.04.2022 00:00 (CET/CEST)","n/e","n/e","n/e","n/e","n/e","n/e","n/e","n/e","n/e","n/e","n/e","n/e","n/e","2943","n/e","n/e","17","n/e","0","n/e","n/e","147"
"BZN|SE1","14.04.2022 00:00 - 14.04.2022 01:00 (CET/CEST)","n/e","n/e","n/e","n/e","n/e","n/e","n/e","n/e","n/e","n/e","n/e","n/e","n/e","2341","n/e","n/e","18","n/e","0","n/e","n/e","167"
"BZN|SE1","14.04.2022 01:00 - 14.04.2022 02:00 (CET/CEST)","n/e","n/e","n/e","n/e","n/e","n/e","n/e","n/e","n/e","n/e","n/e","n/e","n/e","2214","n/e","n/e","18","n/e","0","n/e","n/e","197"
"BZN|SE1","14.04.2022 02:00 - 14.04.2022 03:00 (CET/CEST)","n/e","n/e","n/e","n/e","n/e","n/e","n/e","n/e","n/e","n/e","n/e","n/e","n/e","2230","n/e","n/e","20","n/e","0","n/e","n/e","230"
"BZN|SE1","14.04.2022 03:00 - 14.04.2022 04:00 (CET/CEST)","n/e","n/e","n/e","n/e","n/e","n/e","n/e","n/e","n/e","n/e","n/e","n/e","n/e","2364","n/e","n/e","20","n/e","0","n/e","n/e","237"
"BZN|SE1","14.04.2022 04:00 - 14.04.2022 05:00 (CET/CEST)","n/e","n/e","n/e","n/e","n/e","n/e","n/e","n/e","n/e","n/e","n/e","n/e","n/e","2775","n/e","n/e","19","n/e","0","n/e","n/e","299"
"BZN|SE1","14.04.2022 05:00 - 14.04.2022 06:00 (CET/CEST)","n/e","n/e","n/e","n/e","n/e","n/e","n/e","n/e","n/e","n/e","n/e","n/e","n/e","3345","n/e","n/e","24","n/e","0","n/e","n/e","337"
"BZN|SE1","14.04.2022 06:00 - 14.04.2022 07:00 (CET/CEST)","n/e","n/e","n/e","n/e","n/e","n/e","n/e","n/e","n/e","n/e","n/e","n/e","n/e","3787","n/e","n/e","28","n/e","0","n/e","n/e","377"
"BZN|SE1","14.04.2022 07:00 - 14.04.2022 08:00 (CET/CEST)","n/e","n/e","n/e","n/e","n/e","n/e","n/e","n/e","n/e","n/e","n/e","n/e","n/e","3819","n/e","n/e","31","n/e","0","n/e","n/e","352"
"BZN|SE1","14.04.2022 08:00 - 14.04.2022 09:00 (CET/CEST)","n/e","n/e","n/e","n/e","n/e","n/e","n/e","n/e","n/e","n/e","n/e","n/e","n/e","4089","n/e","n/e","31","n/e","0","n/e","n/e","295"
"BZN|SE1","14.04.2022 09:00 - 14.04.2022 10:00 (CET/CEST)","n/e","n/e","n/e","n/e","n/e","n/e","n/e","n/e","n/e","n/e","n/e","n/e","n/e","4096","n/e","n/e","31","n/e","1","n/e","n/e","263"
"BZN|SE1","14.04.2022 10:00 - 14.04.2022 11:00 (CET/CEST)","n/e","n/e","n/e","n/e","n/e","n/e","n/e","n/e","n/e","n/e","n/e","n/e","n/e","4072","n/e","n/e","28","n/e","1","n/e","n/e","282"
"BZN|SE1","14.04.2022 11:00 - 14.04.2022 12:00 (CET/CEST)","n/e","n/e","n/e","n/e","n/e","n/e","n/e","n/e","n/e","n/e","n/e","n/e","n/e","4022","n/e","n/e","28","n/e","2","n/e","n/e","283"
"BZN|SE1","14.04.2022 12:00 - 14.04.2022 13:00 (CET/CEST)","n/e","n/e","n/e","n/e","n/e","n/e","n/e","n/e","n/e","n/e","n/e","n/e","n/e","4040","n/e","n/e","27","n/e","2","n/e","n/e","336"
"BZN|SE1","14.04.2022 13:00 - 14.04.2022 14:00 (CET/CEST)","n/e","n/e","n/e","n/e","n/e","n/e","n/e","n/e","n/e","n/e","n/e","n/e","n/e","3922","n/e","n/e","27","n/e","2","n/e","n/e","400"
"BZN|SE1","14.04.2022 14:00 - 14.04.2022 15:00 (CET/CEST)","n/e","n/e","n/e","n/e","n/e","n/e","n/e","n/e","n/e","n/e","n/e","n/e","n/e","3820","n/e","n/e","28","n/e","1","n/e","n/e","414"
"BZN|SE1","14.04.2022 15:00 - 14.04.2022 16:00 (CET/CEST)","n/e","n/e","n/e","n/e","n/e","n/e","n/e","n/e","n/e","n/e","n/e","n/e","n/e","3804","n/e","n/e","28","n/e","1","n/e","n/e","422"
"BZN|SE1","14.04.2022 16:00 - 14.04.2022 17:00 (CET/CEST)","n/e","n/e","n/e","n/e","n/e","n/e","n/e","n/e","n/e","n/e","n/e","n/e","n/e","3680","n/e","n/e","29","n/e","1","n/e","n/e","464"
"BZN|SE1","14.04.2022 17:00 - 14.04.2022 18:00 (CET/CEST)","n/e","n/e","n/e","n/e","n/e","n/e","n/e","n/e","n/e","n/e","n/e","n/e","n/e","3694","n/e","n/e","19","n/e","0","n/e","n/e","505"
"BZN|SE1","14.04.2022 18:00 - 14.04.2022 19:00 (CET/CEST)","n/e","n/e","n/e","n/e","n/e","n/e","n/e","n/e","n/e","n/e","n/e","n/e","n/e","3729","n/e","n/e","19","n/e","0","n/e","n/e","586"
"BZN|SE1","14.04.2022 19:00 - 14.04.2022 20:00 (CET/CEST)","n/e","n/e","n/e","n/e","n/e","n/e","n/e","n/e","n/e","n/e","n/e","n/e","n/e","3723","n/e","n/e","19","n/e","0","n/e","n/e","628"
"BZN|SE1","14.04.2022 20:00 - 14.04.2022 21:00 (CET/CEST)","n/e","n/e","n/e","n/e","n/e","n/e","n/e","n/e","n/e","n/e","n/e","n/e","n/e","3658","n/e","n/e","19","n/e","0","n/e","n/e","732"
"BZN|SE1","14.04.2022 21:00 - 14.04.2022 22:00 (CET/CEST)","n/e","n/e","n/e","n/e","n/e","n/e","n/e","n/e","n/e","n/e","n/e","n/e","n/e","3302","n/e","n/e","18","n/e","0","n/e","n/e","826"
"BZN|SE1","14.04.2022 22:00 - 14.04.2022 23:00 (CET/CEST)","n/e","n/e","n/e","n/e","n/e","n/e","n/e","n/e","n/e","n/e","n/e","n/e","n/e","2737","n/e","n/e","19","n/e","0","n/e","n/e","826"
"BZN|SE1","14.04.2022 23:00 - 15.04.2022 00:00 (CET/CEST)","n/e","n/e","n/e","n/e","n/e","n/e","n/e","n/e","n/e","n/e","n/e","n/e","n/e","2564","n/e","n/e","19","n/e","0","n/e","n/e","825"
"BZN|SE1","15.04.2022 00:00 - 15.04.2022 01:00 (CET/CEST)","n/e","n/e","n/e","n/e","n/e","n/e","n/e","n/e","n/e","n/e","n/e","n/e","n/e","1582","n/e","n/e","20","n/e","0","n/e","n/e","780"
"BZN|SE1","15.04.2022 01:00 - 15.04.2022 02:00 (CET/CEST)","n/e","n/e","n/e","n/e","n/e","n/e","n/e","n/e","n/e","n/e","n/e","n/e","n/e","1431","n/e","n/e","20","n/e","0","n/e","n/e","695"
"BZN|SE1","15.04.2022 02:00 - 15.04.2022 03:00 (CET/CEST)","n/e","n/e","n/e","n/e","n/e","n/e","n/e","n/e","n/e","n/e","n/e","n/e","n/e","1399","n/e","n/e","21","n/e","0","n/e","n/e","658"
"BZN|SE1","15.04.2022 03:00 - 15.04.2022 04:00 (CET/CEST)","n/e","n/e","n/e","n/e","n/e","n/e","n/e","n/e","n/e","n/e","n/e","n/e","n/e","1397","n/e","n/e","21","n/e","0","n/e","n/e","628"
"BZN|SE1","15.04.2022 04:00 - 15.04.2022 05:00 (CET/CEST)","n/e","n/e","n/e","n/e","n/e","n/e","n/e","n/e","n/e","n/e","n/e","n/e","n/e","1523","n/e","n/e","24","n/e","0","n/e","n/e","547"
"BZN|SE1","15.04.2022 05:00 - 15.04.2022 06:00 (CET/CEST)","n/e","n/e","n/e","n/e","n/e","n/e","n/e","n/e","n/e","n/e","n/e","n/e","n/e","1710","n/e","n/e","26","n/e","0","n/e","n/e","479"
"BZN|SE1","15.04.2022 06:00 - 15.04.2022 07:00 (CET/CEST)","n/e","n/e","n/e","n/e","n/e","n/e","n/e","n/e","n/e","n/e","n/e","n/e","n/e","2117","n/e","n/e","32","n/e","0","n/e","n/e","397"
"BZN|SE1","15.04.2022 07:00 - 15.04.2022 08:00 (CET/CEST)","n/e","n/e","n/e","n/e","n/e","n/e","n/e","n/e","n/e","n/e","n/e","n/e","n/e","3065","n/e","n/e","32","n/e","0","n/e","n/e","320"
"BZN|SE1","15.04.2022 08:00 - 15.04.2022 09:00 (CET/CEST)","n/e","n/e","n/e","n/e","n/e","n/e","n/e","n/e","n/e","n/e","n/e","n/e","n/e","3366","n/e","n/e","32","n/e","1","n/e","n/e","196"
"BZN|SE1","15.04.2022 09:00 - 15.04.2022 10:00 (CET/CEST)","n/e","n/e","n/e","n/e","n/e","n/e","n/e","n/e","n/e","n/e","n/e","n/e","n/e","3432","n/e","n/e","31","n/e","1","n/e","n/e","138"
"BZN|SE1","15.04.2022 10:00 - 15.04.2022 11:00 (CET/CEST)","n/e","n/e","n/e","n/e","n/e","n/e","n/e","n/e","n/e","n/e","n/e","n/e","n/e","3322","n/e","n/e","32","n/e","2","n/e","n/e","68"
"BZN|SE1","15.04.2022 11:00 - 15.04.2022 12:00 (CET/CEST)","n/e","n/e","n/e","n/e","n/e","n/e","n/e","n/e","n/e","n/e","n/e","n/e","n/e","2902","n/e","n/e","32","n/e","2","n/e","n/e","55"
"BZN|SE1","15.04.2022 12:00 - 15.04.2022 13:00 (CET/CEST)","n/e","n/e","n/e","n/e","n/e","n/e","n/e","n/e","n/e","n/e","n/e","n/e","n/e","2854","n/e","n/e","31","n/e","2","n/e","n/e","61"
"BZN|SE1","15.04.2022 13:00 - 15.04.2022 14:00 (CET/CEST)","n/e","n/e","n/e","n/e","n/e","n/e","n/e","n/e","n/e","n/e","n/e","n/e","n/e","2795","n/e","n/e","28","n/e","2","n/e","n/e","62"
"BZN|SE1","15.04.2022 14:00 - 15.04.2022 15:00 (CET/CEST)","n/e","n/e","n/e","n/e","n/e","n/e","n/e","n/e","n/e","n/e","n/e","n/e","n/e","2741","n/e","n/e","29","n/e","2","n/e","n/e","49"
"BZN|SE1","15.04.2022 15:00 - 15.04.2022 16:00 (CET/CEST)","n/e","n/e","n/e","n/e","n/e","n/e","n/e","n/e","n/e","n/e","n/e","n/e","n/e","2776","n/e","n/e","28","n/e","2","n/e","n/e","47"
"BZN|SE1","15.04.2022 16:00 - 15.04.2022 17:00 (CET/CEST)","n/e","n/e","n/e","n/e","n/e","n/e","n/e","n/e","n/e","n/e","n/e","n/e","n/e","2788","n/e","n/e","29","n/e","1","n/e","n/e","48"
"BZN|SE1","15.04.2022 17:00 - 15.04.2022 18:00 (CET/CEST)","n/e","n/e","n/e","n/e","n/e","n/e","n/e","n/e","n/e","n/e","n/e","n/e","n/e","2994","n/e","n/e","29","n/e","1","n/e","n/e","49"
"BZN|SE1","15.04.2022 18:00 - 15.04.2022 19:00 (CET/CEST)","n/e","n/e","n/e","n/e","n/e","n/e","n/e","n/e","n/e","n/e","n/e","n/e","n/e","3485","n/e","n/e","28","n/e","0","n/e","n/e","43"
"BZN|SE1","15.04.2022 19:00 - 15.04.2022 20:00 (CET/CEST)","n/e","n/e","n/e","n/e","n/e","n/e","n/e","n/e","n/e","n/e","n/e","n/e","n/e","3608","n/e","n/e","28","n/e","0","n/e","n/e","40"
"BZN|SE1","15.04.2022 20:00 - 15.04.2022 21:00 (CET/CEST)","n/e","n/e","n/e","n/e","n/e","n/e","n/e","n/e","n/e","n/e","n/e","n/e","n/e","3571","n/e","n/e","28","n/e","0","n/e","n/e","46"
"BZN|SE1","15.04.2022 21:00 - 15.04.2022 22:00 (CET/CEST)","n/e","n/e","n/e","n/e","n/e","n/e","n/e","n/e","n/e","n/e","n/e","n/e","n/e","3138","n/e","n/e","26","n/e","0","n/e","n/e","43"
"BZN|SE1","15.04.2022 22:00 - 15.04.2022 23:00 (CET/CEST)","n/e","n/e","n/e","n/e","n/e","n/e","n/e","n/e","n/e","n/e","n/e","n/e","n/e","2871","n/e","n/e","26","n/e","0","n/e","n/e","41"
"BZN|SE1","15.04.2022 23:00 - 16.04.2022 00:00 (CET/CEST)","n/e","n/e","n/e","n/e","n/e","n/e","n/e","n/e","n/e","n/e","n/e","n/e","n/e","2831","n/e","n/e","26","n/e","0","n/e","n/e","44"
"BZN|SE1","16.04.2022 00:00 - 16.04.2022 01:00 (CET/CEST)","n/e","n/e","n/e","n/e","n/e","n/e","n/e","n/e","n/e","n/e","n/e","n/e","n/e","2852","n/e","n/e","27","n/e","0","n/e","n/e","68"
"BZN|SE1","16.04.2022 01:00 - 16.04.2022 02:00 (CET/CEST)","n/e","n/e","n/e","n/e","n/e","n/e","n/e","n/e","n/e","n/e","n/e","n/e","n/e","2638","n/e","n/e","27","n/e","0","n/e","n/e","106"
"BZN|SE1","16.04.2022 02:00 - 16.04.2022 03:00 (CET/CEST)","n/e","n/e","n/e","n/e","n/e","n/e","n/e","n/e","n/e","n/e","n/e","n/e","n/e","2549","n/e","n/e","28","n/e","0","n/e","n/e","153"
"BZN|SE1","16.04.2022 03:00 - 16.04.2022 04:00 (CET/CEST)","n/e","n/e","n/e","n/e","n/e","n/e","n/e","n/e","n/e","n/e","n/e","n/e","n/e","2370","n/e","n/e","28","n/e","0","n/e","n/e","205"
"BZN|SE1","16.04.2022 04:00 - 16.04.2022 05:00 (CET/CEST)","n/e","n/e","n/e","n/e","n/e","n/e","n/e","n/e","n/e","n/e","n/e","n/e","n/e","2377","n/e","n/e","28","n/e","0","n/e","n/e","251"
"BZN|SE1","16.04.2022 05:00 - 16.04.2022 06:00 (CET/CEST)","n/e","n/e","n/e","n/e","n/e","n/e","n/e","n/e","n/e","n/e","n/e","n/e","n/e","2389","n/e","n/e","31","n/e","0","n/e","n/e","279"
"BZN|SE1","16.04.2022 06:00 - 16.04.2022 07:00 (CET/CEST)","n/e","n/e","n/e","n/e","n/e","n/e","n/e","n/e","n/e","n/e","n/e","n/e","n/e","2351","n/e","n/e","34","n/e","0","n/e","n/e","302"
"BZN|SE1","16.04.2022 07:00 - 16.04.2022 08:00 (CET/CEST)","n/e","n/e","n/e","n/e","n/e","n/e","n/e","n/e","n/e","n/e","n/e","n/e","n/e","2368","n/e","n/e","34","n/e","0","n/e","n/e","330"
"BZN|SE1","16.04.2022 08:00 - 16.04.2022 09:00 (CET/CEST)","n/e","n/e","n/e","n/e","n/e","n/e","n/e","n/e","n/e","n/e","n/e","n/e","n/e","2398","n/e","n/e","34","n/e","0","n/e","n/e","340"
"BZN|SE1","16.04.2022 09:00 - 16.04.2022 10:00 (CET/CEST)","n/e","n/e","n/e","n/e","n/e","n/e","n/e","n/e","n/e","n/e","n/e","n/e","n/e","2408","n/e","n/e","34","n/e","1","n/e","n/e","279"
"BZN|SE1","16.04.2022 10:00 - 16.04.2022 11:00 (CET/CEST)","n/e","n/e","n/e","n/e","n/e","n/e","n/e","n/e","n/e","n/e","n/e","n/e","n/e","2415","n/e","n/e","35","n/e","1","n/e","n/e","195"
"BZN|SE1","16.04.2022 11:00 - 16.04.2022 12:00 (CET/CEST)","n/e","n/e","n/e","n/e","n/e","n/e","n/e","n/e","n/e","n/e","n/e","n/e","n/e","2341","n/e","n/e","35","n/e","2","n/e","n/e","222"
"BZN|SE1","16.04.2022 12:00 - 16.04.2022 13:00 (CET/CEST)","n/e","n/e","n/e","n/e","n/e","n/e","n/e","n/e","n/e","n/e","n/e","n/e","n/e","2297","n/e","n/e","34","n/e","2","n/e","n/e","195"
"BZN|SE1","16.04.2022 13:00 - 16.04.2022 14:00 (CET/CEST)","n/e","n/e","n/e","n/e","n/e","n/e","n/e","n/e","n/e","n/e","n/e","n/e","n/e","2214","n/e","n/e","34","n/e","2","n/e","n/e","216"
"BZN|SE1","16.04.2022 14:00 - 16.04.2022 15:00 (CET/CEST)","n/e","n/e","n/e","n/e","n/e","n/e","n/e","n/e","n/e","n/e","n/e","n/e","n/e","2035","n/e","n/e","29","n/e","2","n/e","n/e","262"
"BZN|SE1","16.04.2022 15:00 - 16.04.2022 16:00 (CET/CEST)","n/e","n/e","n/e","n/e","n/e","n/e","n/e","n/e","n/e","n/e","n/e","n/e","n/e","2141","n/e","n/e","29","n/e","1","n/e","n/e","331"
"BZN|SE1","16.04.2022 16:00 - 16.04.2022 17:00 (CET/CEST)","n/e","n/e","n/e","n/e","n/e","n/e","n/e","n/e","n/e","n/e","n/e","n/e","n/e","2229","n/e","n/e","25","n/e","1","n/e","n/e","417"
"BZN|SE1","16.04.2022 17:00 - 16.04.2022 18:00 (CET/CEST)","n/e","n/e","n/e","n/e","n/e","n/e","n/e","n/e","n/e","n/e","n/e","n/e","n/e","2339","n/e","n/e","25","n/e","1","n/e","n/e","472"
"BZN|SE1","16.04.2022 18:00 - 16.04.2022 19:00 (CET/CEST)","n/e","n/e","n/e","n/e","n/e","n/e","n/e","n/e","n/e","n/e","n/e","n/e","n/e","2291","n/e","n/e","25","n/e","0","n/e","n/e","553"
"BZN|SE1","16.04.2022 19:00 - 16.04.2022 20:00 (CET/CEST)","n/e","n/e","n/e","n/e","n/e","n/e","n/e","n/e","n/e","n/e","n/e","n/e","n/e","2171","n/e","n/e","25","n/e","0","n/e","n/e","647"
"BZN|SE1","16.04.2022 20:00 - 16.04.2022 21:00 (CET/CEST)","n/e","n/e","n/e","n/e","n/e","n/e","n/e","n/e","n/e","n/e","n/e","n/e","n/e","2122","n/e","n/e","22","n/e","0","n/e","n/e","725"
"BZN|SE1","16.04.2022 21:00 - 16.04.2022 22:00 (CET/CEST)","n/e","n/e","n/e","n/e","n/e","n/e","n/e","n/e","n/e","n/e","n/e","n/e","n/e","2077","n/e","n/e","21","n/e","0","n/e","n/e","746"
"BZN|SE1","16.04.2022 22:00 - 16.04.2022 23:00 (CET/CEST)","n/e","n/e","n/e","n/e","n/e","n/e","n/e","n/e","n/e","n/e","n/e","n/e","n/e","2068","n/e","n/e","22","n/e","0","n/e","n/e","741"
"BZN|SE1","16.04.2022 23:00 - 17.04.2022 00:00 (CET/CEST)","n/e","n/e","n/e","n/e","n/e","n/e","n/e","n/e","n/e","n/e","n/e","n/e","n/e","2024","n/e","n/e","22","n/e","0","n/e","n/e","707"
"BZN|SE1","17.04.2022 00:00 - 17.04.2022 01:00 (CET/CEST)","n/e","n/e","n/e","n/e","n/e","n/e","n/e","n/e","n/e","n/e","n/e","n/e","n/e","1718","n/e","n/e","21","n/e","0","n/e","n/e","675"
"BZN|SE1","17.04.2022 01:00 - 17.04.2022 02:00 (CET/CEST)","n/e","n/e","n/e","n/e","n/e","n/e","n/e","n/e","n/e","n/e","n/e","n/e","n/e","1608","n/e","n/e","22","n/e","0","n/e","n/e","609"
"BZN|SE1","17.04.2022 02:00 - 17.04.2022 03:00 (CET/CEST)","n/e","n/e","n/e","n/e","n/e","n/e","n/e","n/e","n/e","n/e","n/e","n/e","n/e","1606","n/e","n/e","22","n/e","0","n/e","n/e","602"
"BZN|SE1","17.04.2022 03:00 - 17.04.2022 04:00 (CET/CEST)","n/e","n/e","n/e","n/e","n/e","n/e","n/e","n/e","n/e","n/e","n/e","n/e","n/e","1665","n/e","n/e","22","n/e","0","n/e","n/e","572"
"BZN|SE1","17.04.2022 04:00 - 17.04.2022 05:00 (CET/CEST)","n/e","n/e","n/e","n/e","n/e","n/e","n/e","n/e","n/e","n/e","n/e","n/e","n/e","1827","n/e","n/e","22","n/e","0","n/e","n/e","577"
"BZN|SE1","17.04.2022 05:00 - 17.04.2022 06:00 (CET/CEST)","n/e","n/e","n/e","n/e","n/e","n/e","n/e","n/e","n/e","n/e","n/e","n/e","n/e","1950","n/e","n/e","22","n/e","0","n/e","n/e","539"
"BZN|SE1","17.04.2022 06:00 - 17.04.2022 07:00 (CET/CEST)","n/e","n/e","n/e","n/e","n/e","n/e","n/e","n/e","n/e","n/e","n/e","n/e","n/e","2180","n/e","n/e","22","n/e","0","n/e","n/e","427"
"BZN|SE1","17.04.2022 07:00 - 17.04.2022 08:00 (CET/CEST)","n/e","n/e","n/e","n/e","n/e","n/e","n/e","n/e","n/e","n/e","n/e","n/e","n/e","2288","n/e","n/e","31","n/e","0","n/e","n/e","403"
"BZN|SE1","17.04.2022 08:00 - 17.04.2022 09:00 (CET/CEST)","n/e","n/e","n/e","n/e","n/e","n/e","n/e","n/e","n/e","n/e","n/e","n/e","n/e","2471","n/e","n/e","31","n/e","1","n/e","n/e","272"
"BZN|SE1","17.04.2022 09:00 - 17.04.2022 10:00 (CET/CEST)","n/e","n/e","n/e","n/e","n/e","n/e","n/e","n/e","n/e","n/e","n/e","n/e","n/e","2465","n/e","n/e","29","n/e","1","n/e","n/e","163"
"BZN|SE1","17.04.2022 10:00 - 17.04.2022 11:00 (CET/CEST)","n/e","n/e","n/e","n/e","n/e","n/e","n/e","n/e","n/e","n/e","n/e","n/e","n/e","2312","n/e","n/e","23","n/e","2","n/e","n/e","91"
"BZN|SE1","17.04.2022 11:00 - 17.04.2022 12:00 (CET/CEST)","n/e","n/e","n/e","n/e","n/e","n/e","n/e","n/e","n/e","n/e","n/e","n/e","n/e","1947","n/e","n/e","22","n/e","2","n/e","n/e","55"
"BZN|SE1","17.04.2022 12:00 - 17.04.2022 13:00 (CET/CEST)","n/e","n/e","n/e","n/e","n/e","n/e","n/e","n/e","n/e","n/e","n/e","n/e","n/e","1349","n/e","n/e","22","n/e","2","n/e","n/e","36"
"BZN|SE1","17.04.2022 13:00 - 17.04.2022 14:00 (CET/CEST)","n/e","n/e","n/e","n/e","n/e","n/e","n/e","n/e","n/e","n/e","n/e","n/e","n/e","1283","n/e","n/e","22","n/e","2","n/e","n/e","28"
"BZN|SE1","17.04.2022 14:00 - 17.04.2022 15:00 (CET/CEST)","n/e","n/e","n/e","n/e","n/e","n/e","n/e","n/e","n/e","n/e","n/e","n/e","n/e","1288","n/e","n/e","22","n/e","2","n/e","n/e","30"
"BZN|SE1","17.04.2022 15:00 - 17.04.2022 16:00 (CET/CEST)","n/e","n/e","n/e","n/e","n/e","n/e","n/e","n/e","n/e","n/e","n/e","n/e","n/e","1225","n/e","n/e","25","n/e","1","n/e","n/e","26"
"BZN|SE1","17.04.2022 16:00 - 17.04.2022 17:00 (CET/CEST)","n/e","n/e","n/e","n/e","n/e","n/e","n/e","n/e","n/e","n/e","n/e","n/e","n/e","1531","n/e","n/e","21","n/e","1","n/e","n/e","32"
"BZN|SE1","17.04.2022 17:00 - 17.04.2022 18:00 (CET/CEST)","n/e","n/e","n/e","n/e","n/e","n/e","n/e","n/e","n/e","n/e","n/e","n/e","n/e","2371","n/e","n/e","21","n/e","0","n/e","n/e","38"
"BZN|SE1","17.04.2022 18:00 - 17.04.2022 19:00 (CET/CEST)","n/e","n/e","n/e","n/e","n/e","n/e","n/e","n/e","n/e","n/e","n/e","n/e","n/e","2602","n/e","n/e","21","n/e","0","n/e","n/e","49"
"BZN|SE1","17.04.2022 19:00 - 17.04.2022 20:00 (CET/CEST)","n/e","n/e","n/e","n/e","n/e","n/e","n/e","n/e","n/e","n/e","n/e","n/e","n/e","2700","n/e","n/e","21","n/e","0","n/e","n/e","65"
"BZN|SE1","17.04.2022 20:00 - 17.04.2022 21:00 (CET/CEST)","n/e","n/e","n/e","n/e","n/e","n/e","n/e","n/e","n/e","n/e","n/e","n/e","n/e","2797","n/e","n/e","21","n/e","0","n/e","n/e","95"
"BZN|SE1","17.04.2022 21:00 - 17.04.2022 22:00 (CET/CEST)","n/e","n/e","n/e","n/e","n/e","n/e","n/e","n/e","n/e","n/e","n/e","n/e","n/e","2763","n/e","n/e","20","n/e","0","n/e","n/e","99"
"BZN|SE1","17.04.2022 22:00 - 17.04.2022 23:00 (CET/CEST)","n/e","n/e","n/e","n/e","n/e","n/e","n/e","n/e","n/e","n/e","n/e","n/e","n/e","2605","n/e","n/e","21","n/e","0","n/e","n/e","91"
"BZN|SE1","17.04.2022 23:00 - 18.04.2022 00:00 (CET/CEST)","n/e","n/e","n/e","n/e","n/e","n/e","n/e","n/e","n/e","n/e","n/e","n/e","n/e","2462","n/e","n/e","21","n/e","0","n/e","n/e","89"
"BZN|SE1","18.04.2022 00:00 - 18.04.2022 01:00 (CET/CEST)","n/e","n/e","n/e","n/e","n/e","n/e","n/e","n/e","n/e","n/e","n/e","n/e","n/e","2472","n/e","n/e","21","n/e","0","n/e","n/e","78"
"BZN|SE1","18.04.2022 01:00 - 18.04.2022 02:00 (CET/CEST)","n/e","n/e","n/e","n/e","n/e","n/e","n/e","n/e","n/e","n/e","n/e","n/e","n/e","2455","n/e","n/e","21","n/e","0","n/e","n/e","91"
"BZN|SE1","18.04.2022 02:00 - 18.04.2022 03:00 (CET/CEST)","n/e","n/e","n/e","n/e","n/e","n/e","n/e","n/e","n/e","n/e","n/e","n/e","n/e","2456","n/e","n/e","21","n/e","0","n/e","n/e","90"
"BZN|SE1","18.04.2022 03:00 - 18.04.2022 04:00 (CET/CEST)","n/e","n/e","n/e","n/e","n/e","n/e","n/e","n/e","n/e","n/e","n/e","n/e","n/e","2481","n/e","n/e","21","n/e","0","n/e","n/e","96"
"BZN|SE1","18.04.2022 04:00 - 18.04.2022 05:00 (CET/CEST)","n/e","n/e","n/e","n/e","n/e","n/e","n/e","n/e","n/e","n/e","n/e","n/e","n/e","2651","n/e","n/e","21","n/e","0","n/e","n/e","106"
"BZN|SE1","18.04.2022 05:00 - 18.04.2022 06:00 (CET/CEST)","n/e","n/e","n/e","n/e","n/e","n/e","n/e","n/e","n/e","n/e","n/e","n/e","n/e","2605","n/e","n/e","21","n/e","0","n/e","n/e","101"
"BZN|SE1","18.04.2022 06:00 - 18.04.2022 07:00 (CET/CEST)","n/e","n/e","n/e","n/e","n/e","n/e","n/e","n/e","n/e","n/e","n/e","n/e","n/e","2630","n/e","n/e","21","n/e","0","n/e","n/e","99"
"BZN|SE1","18.04.2022 07:00 - 18.04.2022 08:00 (CET/CEST)","n/e","n/e","n/e","n/e","n/e","n/e","n/e","n/e","n/e","n/e","n/e","n/e","n/e","2686","n/e","n/e","21","n/e","0","n/e","n/e","97"
"BZN|SE1","18.04.2022 08:00 - 18.04.2022 09:00 (CET/CEST)","n/e","n/e","n/e","n/e","n/e","n/e","n/e","n/e","n/e","n/e","n/e","n/e","n/e","2690","n/e","n/e","21","n/e","1","n/e","n/e","92"
"BZN|SE1","18.04.2022 09:00 - 18.04.2022 10:00 (CET/CEST)","n/e","n/e","n/e","n/e","n/e","n/e","n/e","n/e","n/e","n/e","n/e","n/e","n/e","3007","n/e","n/e","21","n/e","1","n/e","n/e","70"
"BZN|SE1","18.04.2022 10:00 - 18.04.2022 11:00 (CET/CEST)","n/e","n/e","n/e","n/e","n/e","n/e","n/e","n/e","n/e","n/e","n/e","n/e","n/e","2979","n/e","n/e","21","n/e","1","n/e","n/e","45"
"BZN|SE1","18.04.2022 11:00 - 18.04.2022 12:00 (CET/CEST)","n/e","n/e","n/e","n/e","n/e","n/e","n/e","n/e","n/e","n/e","n/e","n/e","n/e","2841","n/e","n/e","21","n/e","1","n/e","n/e","39"
"BZN|SE1","18.04.2022 12:00 - 18.04.2022 13:00 (CET/CEST)","n/e","n/e","n/e","n/e","n/e","n/e","n/e","n/e","n/e","n/e","n/e","n/e","n/e","2640","n/e","n/e","21","n/e","1","n/e","n/e","39"
"BZN|SE1","18.04.2022 13:00 - 18.04.2022 14:00 (CET/CEST)","n/e","n/e","n/e","n/e","n/e","n/e","n/e","n/e","n/e","n/e","n/e","n/e","n/e","2231","n/e","n/e","21","n/e","1","n/e","n/e","49"
"BZN|SE1","18.04.2022 14:00 - 18.04.2022 15:00 (CET/CEST)","n/e","n/e","n/e","n/e","n/e","n/e","n/e","n/e","n/e","n/e","n/e","n/e","n/e","2147","n/e","n/e","21","n/e","1","n/e","n/e","57"
"BZN|SE1","18.04.2022 15:00 - 18.04.2022 16:00 (CET/CEST)","n/e","n/e","n/e","n/e","n/e","n/e","n/e","n/e","n/e","n/e","n/e","n/e","n/e","2331","n/e","n/e","21","n/e","1","n/e","n/e","49"
"BZN|SE1","18.04.2022 16:00 - 18.04.2022 17:00 (CET/CEST)","n/e","n/e","n/e","n/e","n/e","n/e","n/e","n/e","n/e","n/e","n/e","n/e","n/e","2521","n/e","n/e","21","n/e","1","n/e","n/e","45"
"BZN|SE1","18.04.2022 17:00 - 18.04.2022 18:00 (CET/CEST)","n/e","n/e","n/e","n/e","n/e","n/e","n/e","n/e","n/e","n/e","n/e","n/e","n/e","2993","n/e","n/e","21","n/e","0","n/e","n/e","37"
"BZN|SE1","18.04.2022 18:00 - 18.04.2022 19:00 (CET/CEST)","n/e","n/e","n/e","n/e","n/e","n/e","n/e","n/e","n/e","n/e","n/e","n/e","n/e","3117","n/e","n/e","21","n/e","0","n/e","n/e","56"
"BZN|SE1","18.04.2022 19:00 - 18.04.2022 20:00 (CET/CEST)","n/e","n/e","n/e","n/e","n/e","n/e","n/e","n/e","n/e","n/e","n/e","n/e","n/e","3283","n/e","n/e","21","n/e","0","n/e","n/e","89"
"BZN|SE1","18.04.2022 20:00 - 18.04.2022 21:00 (CET/CEST)","n/e","n/e","n/e","n/e","n/e","n/e","n/e","n/e","n/e","n/e","n/e","n/e","n/e","3116","n/e","n/e","20","n/e","0","n/e","n/e","106"
"BZN|SE1","18.04.2022 21:00 - 18.04.2022 22:00 (CET/CEST)","n/e","n/e","n/e","n/e","n/e","n/e","n/e","n/e","n/e","n/e","n/e","n/e","n/e","3043","n/e","n/e","19","n/e","0","n/e","n/e","115"
"BZN|SE1","18.04.2022 22:00 - 18.04.2022 23:00 (CET/CEST)","n/e","n/e","n/e","n/e","n/e","n/e","n/e","n/e","n/e","n/e","n/e","n/e","n/e","2761","n/e","n/e","20","n/e","0","n/e","n/e","107"
"BZN|SE1","18.04.2022 23:00 - 19.04.2022 00:00 (CET/CEST)","n/e","n/e","n/e","n/e","n/e","n/e","n/e","n/e","n/e","n/e","n/e","n/e","n/e","2511","n/e","n/e","20","n/e","0","n/e","n/e","131"
"BZN|SE1","19.04.2022 00:00 - 19.04.2022 01:00 (CET/CEST)","n/e","n/e","n/e","n/e","n/e","n/e","n/e","n/e","n/e","n/e","n/e","n/e","n/e","2418","n/e","n/e","19","n/e","0","n/e","n/e","144"
"BZN|SE1","19.04.2022 01:00 - 19.04.2022 02:00 (CET/CEST)","n/e","n/e","n/e","n/e","n/e","n/e","n/e","n/e","n/e","n/e","n/e","n/e","n/e","2202","n/e","n/e","19","n/e","0","n/e","n/e","133"
"BZN|SE1","19.04.2022 02:00 - 19.04.2022 03:00 (CET/CEST)","n/e","n/e","n/e","n/e","n/e","n/e","n/e","n/e","n/e","n/e","n/e","n/e","n/e","2205","n/e","n/e","19","n/e","0","n/e","n/e","133"
"BZN|SE1","19.04.2022 03:00 - 19.04.2022 04:00 (CET/CEST)","n/e","n/e","n/e","n/e","n/e","n/e","n/e","n/e","n/e","n/e","n/e","n/e","n/e","2301","n/e","n/e","19","n/e","0","n/e","n/e","74"
"BZN|SE1","19.04.2022 04:00 - 19.04.2022 05:00 (CET/CEST)","n/e","n/e","n/e","n/e","n/e","n/e","n/e","n/e","n/e","n/e","n/e","n/e","n/e","2817","n/e","n/e","19","n/e","0","n/e","n/e","50"
"BZN|SE1","19.04.2022 05:00 - 19.04.2022 06:00 (CET/CEST)","n/e","n/e","n/e","n/e","n/e","n/e","n/e","n/e","n/e","n/e","n/e","n/e","n/e","3427","n/e","n/e","19","n/e","0","n/e","n/e","49"
"BZN|SE1","19.04.2022 06:00 - 19.04.2022 07:00 (CET/CEST)","n/e","n/e","n/e","n/e","n/e","n/e","n/e","n/e","n/e","n/e","n/e","n/e","n/e","3804","n/e","n/e","19","n/e","0","n/e","n/e","39"
"BZN|SE1","19.04.2022 07:00 - 19.04.2022 08:00 (CET/CEST)","n/e","n/e","n/e","n/e","n/e","n/e","n/e","n/e","n/e","n/e","n/e","n/e","n/e","3827","n/e","n/e","19","n/e","0","n/e","n/e","34"
"BZN|SE1","19.04.2022 08:00 - 19.04.2022 09:00 (CET/CEST)","n/e","n/e","n/e","n/e","n/e","n/e","n/e","n/e","n/e","n/e","n/e","n/e","n/e","3827","n/e","n/e","19","n/e","1","n/e","n/e","21"
"BZN|SE1","19.04.2022 09:00 - 19.04.2022 10:00 (CET/CEST)","n/e","n/e","n/e","n/e","n/e","n/e","n/e","n/e","n/e","n/e","n/e","n/e","n/e","3846","n/e","n/e","20","n/e","1","n/e","n/e","12"
"BZN|SE1","19.04.2022 10:00 - 19.04.2022 11:00 (CET/CEST)","n/e","n/e","n/e","n/e","n/e","n/e","n/e","n/e","n/e","n/e","n/e","n/e","n/e","3852","n/e","n/e","20","n/e","1","n/e","n/e","11"
"BZN|SE1","19.04.2022 11:00 - 19.04.2022 12:00 (CET/CEST)","n/e","n/e","n/e","n/e","n/e","n/e","n/e","n/e","n/e","n/e","n/e","n/e","n/e","3626","n/e","n/e","20","n/e","2","n/e","n/e","8"
"BZN|SE1","19.04.2022 12:00 - 19.04.2022 13:00 (CET/CEST)","n/e","n/e","n/e","n/e","n/e","n/e","n/e","n/e","n/e","n/e","n/e","n/e","n/e","3387","n/e","n/e","20","n/e","2","n/e","n/e","8"
"BZN|SE1","19.04.2022 13:00 - 19.04.2022 14:00 (CET/CEST)","n/e","n/e","n/e","n/e","n/e","n/e","n/e","n/e","n/e","n/e","n/e","n/e","n/e","3064","n/e","n/e","20","n/e","2","n/e","n/e","9"
"BZN|SE1","19.04.2022 14:00 - 19.04.2022 15:00 (CET/CEST)","n/e","n/e","n/e","n/e","n/e","n/e","n/e","n/e","n/e","n/e","n/e","n/e","n/e","3025","n/e","n/e","20","n/e","2","n/e","n/e","13"
"BZN|SE1","19.04.2022 15:00 - 19.04.2022 16:00 (CET/CEST)","n/e","n/e","n/e","n/e","n/e","n/e","n/e","n/e","n/e","n/e","n/e","n/e","n/e","3018","n/e","n/e","20","n/e","2","n/e","n/e","27"
"BZN|SE1","19.04.2022 16:00 - 19.04.2022 17:00 (CET/CEST)","n/e","n/e","n/e","n/e","n/e","n/e","n/e","n/e","n/e","n/e","n/e","n/e","n/e","3058","n/e","n/e","18","n/e","1","n/e","n/e","39"
"BZN|SE1","19.04.2022 17:00 - 19.04.2022 18:00 (CET/CEST)","n/e","n/e","n/e","n/e","n/e","n/e","n/e","n/e","n/e","n/e","n/e","n/e","n/e","3244","n/e","n/e","19","n/e","1","n/e","n/e","70"
"BZN|SE1","19.04.2022 18:00 - 19.04.2022 19:00 (CET/CEST)","n/e","n/e","n/e","n/e","n/e","n/e","n/e","n/e","n/e","n/e","n/e","n/e","n/e","3450","n/e","n/e","19","n/e","0","n/e","n/e","128"
"BZN|SE1","19.04.2022 19:00 - 19.04.2022 20:00 (CET/CEST)","n/e","n/e","n/e","n/e","n/e","n/e","n/e","n/e","n/e","n/e","n/e","n/e","n/e","3381","n/e","n/e","19","n/e","0","n/e","n/e","200"
"BZN|SE1","19.04.2022 20:00 - 19.04.2022 21:00 (CET/CEST)","n/e","n/e","n/e","n/e","n/e","n/e","n/e","n/e","n/e","n/e","n/e","n/e","n/e","3355","n/e","n/e","19","n/e","0","n/e","n/e","239"
"BZN|SE1","19.04.2022 21:00 - 19.04.2022 22:00 (CET/CEST)","n/e","n/e","n/e","n/e","n/e","n/e","n/e","n/e","n/e","n/e","n/e","n/e","n/e","3315","n/e","n/e","19","n/e","0","n/e","n/e","246"
"BZN|SE1","19.04.2022 22:00 - 19.04.2022 23:00 (CET/CEST)","n/e","n/e","n/e","n/e","n/e","n/e","n/e","n/e","n/e","n/e","n/e","n/e","n/e","3168","n/e","n/e","19","n/e","0","n/e","n/e","262"
"BZN|SE1","19.04.2022 23:00 - 20.04.2022 00:00 (CET/CEST)","n/e","n/e","n/e","n/e","n/e","n/e","n/e","n/e","n/e","n/e","n/e","n/e","n/e","2879","n/e","n/e","19","n/e","0","n/e","n/e","265"
"BZN|SE1","20.04.2022 00:00 - 20.04.2022 01:00 (CET/CEST)","n/e","n/e","n/e","n/e","n/e","n/e","n/e","n/e","n/e","n/e","n/e","n/e","n/e","2383","n/e","n/e","18","n/e","0","n/e","n/e","292"
"BZN|SE1","20.04.2022 01:00 - 20.04.2022 02:00 (CET/CEST)","n/e","n/e","n/e","n/e","n/e","n/e","n/e","n/e","n/e","n/e","n/e","n/e","n/e","2277","n/e","n/e","18","n/e","0","n/e","n/e","285"
"BZN|SE1","20.04.2022 02:00 - 20.04.2022 03:00 (CET/CEST)","n/e","n/e","n/e","n/e","n/e","n/e","n/e","n/e","n/e","n/e","n/e","n/e","n/e","2276","n/e","n/e","18","n/e","0","n/e","n/e","283"
"BZN|SE1","20.04.2022 03:00 - 20.04.2022 04:00 (CET/CEST)","n/e","n/e","n/e","n/e","n/e","n/e","n/e","n/e","n/e","n/e","n/e","n/e","n/e","2291","n/e","n/e","18","n/e","0","n/e","n/e","231"
"BZN|SE1","20.04.2022 04:00 - 20.04.2022 05:00 (CET/CEST)","n/e","n/e","n/e","n/e","n/e","n/e","n/e","n/e","n/e","n/e","n/e","n/e","n/e","2500","n/e","n/e","18","n/e","0","n/e","n/e","177"
"BZN|SE1","20.04.2022 05:00 - 20.04.2022 06:00 (CET/CEST)","n/e","n/e","n/e","n/e","n/e","n/e","n/e","n/e","n/e","n/e","n/e","n/e","n/e","2913","n/e","n/e","18","n/e","0","n/e","n/e","156"
"BZN|SE1","20.04.2022 06:00 - 20.04.2022 07:00 (CET/CEST)","n/e","n/e","n/e","n/e","n/e","n/e","n/e","n/e","n/e","n/e","n/e","n/e","n/e","3339","n/e","n/e","18","n/e","0","n/e","n/e","142"
"BZN|SE1","20.04.2022 07:00 - 20.04.2022 08:00 (CET/CEST)","n/e","n/e","n/e","n/e","n/e","n/e","n/e","n/e","n/e","n/e","n/e","n/e","n/e","3746","n/e","n/e","19","n/e","0","n/e","n/e","133"
"BZN|SE1","20.04.2022 08:00 - 20.04.2022 09:00 (CET/CEST)","n/e","n/e","n/e","n/e","n/e","n/e","n/e","n/e","n/e","n/e","n/e","n/e","n/e","3740","n/e","n/e","19","n/e","1","n/e","n/e","83"
"BZN|SE1","20.04.2022 09:00 - 20.04.2022 10:00 (CET/CEST)","n/e","n/e","n/e","n/e","n/e","n/e","n/e","n/e","n/e","n/e","n/e","n/e","n/e","3731","n/e","n/e","19","n/e","1","n/e","n/e","47"
"BZN|SE1","20.04.2022 10:00 - 20.04.2022 11:00 (CET/CEST)","n/e","n/e","n/e","n/e","n/e","n/e","n/e","n/e","n/e","n/e","n/e","n/e","n/e","3503","n/e","n/e","20","n/e","1","n/e","n/e","32"
"BZN|SE1","20.04.2022 11:00 - 20.04.2022 12:00 (CET/CEST)","n/e","n/e","n/e","n/e","n/e","n/e","n/e","n/e","n/e","n/e","n/e","n/e","n/e","3190","n/e","n/e","20","n/e","2","n/e","n/e","29"
"BZN|SE1","20.04.2022 12:00 - 20.04.2022 13:00 (CET/CEST)","n/e","n/e","n/e","n/e","n/e","n/e","n/e","n/e","n/e","n/e","n/e","n/e","n/e","2966","n/e","n/e","20","n/e","2","n/e","n/e","32"
"BZN|SE1","20.04.2022 13:00 - 20.04.2022 14:00 (CET/CEST)","n/e","n/e","n/e","n/e","n/e","n/e","n/e","n/e","n/e","n/e","n/e","n/e","n/e","2710","n/e","n/e","20","n/e","2","n/e","n/e","37"
"BZN|SE1","20.04.2022 14:00 - 20.04.2022 15:00 (CET/CEST)","n/e","n/e","n/e","n/e","n/e","n/e","n/e","n/e","n/e","n/e","n/e","n/e","n/e","2667","n/e","n/e","20","n/e","2","n/e","n/e","45"
"BZN|SE1","20.04.2022 15:00 - 20.04.2022 16:00 (CET/CEST)","n/e","n/e","n/e","n/e","n/e","n/e","n/e","n/e","n/e","n/e","n/e","n/e","n/e","2587","n/e","n/e","20","n/e","2","n/e","n/e","47"
"BZN|SE1","20.04.2022 16:00 - 20.04.2022 17:00 (CET/CEST)","n/e","n/e","n/e","n/e","n/e","n/e","n/e","n/e","n/e","n/e","n/e","n/e","n/e","2727","n/e","n/e","20","n/e","1","n/e","n/e","53"
"BZN|SE1","20.04.2022 17:00 - 20.04.2022 18:00 (CET/CEST)","n/e","n/e","n/e","n/e","n/e","n/e","n/e","n/e","n/e","n/e","n/e","n/e","n/e","2893","n/e","n/e","20","n/e","1","n/e","n/e","83"
"BZN|SE1","20.04.2022 18:00 - 20.04.2022 19:00 (CET/CEST)","n/e","n/e","n/e","n/e","n/e","n/e","n/e","n/e","n/e","n/e","n/e","n/e","n/e","2885","n/e","n/e","19","n/e","0","n/e","n/e","127"
"BZN|SE1","20.04.2022 19:00 - 20.04.2022 20:00 (CET/CEST)","n/e","n/e","n/e","n/e","n/e","n/e","n/e","n/e","n/e","n/e","n/e","n/e","n/e","2831","n/e","n/e","19","n/e","0","n/e","n/e","170"
"BZN|SE1","20.04.2022 20:00 - 20.04.2022 21:00 (CET/CEST)","n/e","n/e","n/e","n/e","n/e","n/e","n/e","n/e","n/e","n/e","n/e","n/e","n/e","2824","n/e","n/e","19","n/e","0","n/e","n/e","167"
"BZN|SE1","20.04.2022 21:00 - 20.04.2022 22:00 (CET/CEST)","n/e","n/e","n/e","n/e","n/e","n/e","n/e","n/e","n/e","n/e","n/e","n/e","n/e","2596","n/e","n/e","19","n/e","0","n/e","n/e","143"
"BZN|SE1","20.04.2022 22:00 - 20.04.2022 23:00 (CET/CEST)","n/e","n/e","n/e","n/e","n/e","n/e","n/e","n/e","n/e","n/e","n/e","n/e","n/e","2284","n/e","n/e","19","n/e","0","n/e","n/e","161"
"BZN|SE1","20.04.2022 23:00 - 21.04.2022 00:00 (CET/CEST)","n/e","n/e","n/e","n/e","n/e","n/e","n/e","n/e","n/e","n/e","n/e","n/e","n/e","2068","n/e","n/e","19","n/e","0","n/e","n/e","187"
"BZN|SE1","21.04.2022 00:00 - 21.04.2022 01:00 (CET/CEST)","n/e","n/e","n/e","n/e","n/e","n/e","n/e","n/e","n/e","n/e","n/e","n/e","n/e","1598","n/e","n/e","23","n/e","0","n/e","n/e","143"
"BZN|SE1","21.04.2022 01:00 - 21.04.2022 02:00 (CET/CEST)","n/e","n/e","n/e","n/e","n/e","n/e","n/e","n/e","n/e","n/e","n/e","n/e","n/e","1599","n/e","n/e","23","n/e","0","n/e","n/e","119"
"BZN|SE1","21.04.2022 02:00 - 21.04.2022 03:00 (CET/CEST)","n/e","n/e","n/e","n/e","n/e","n/e","n/e","n/e","n/e","n/e","n/e","n/e","n/e","1624","n/e","n/e","23","n/e","0","n/e","n/e","84"
"BZN|SE1","21.04.2022 03:00 - 21.04.2022 04:00 (CET/CEST)","n/e","n/e","n/e","n/e","n/e","n/e","n/e","n/e","n/e","n/e","n/e","n/e","n/e","1631","n/e","n/e","23","n/e","0","n/e","n/e","65"
"BZN|SE1","21.04.2022 04:00 - 21.04.2022 05:00 (CET/CEST)","n/e","n/e","n/e","n/e","n/e","n/e","n/e","n/e","n/e","n/e","n/e","n/e","n/e","1712","n/e","n/e","23","n/e","0","n/e","n/e","81"
"BZN|SE1","21.04.2022 05:00 - 21.04.2022 06:00 (CET/CEST)","n/e","n/e","n/e","n/e","n/e","n/e","n/e","n/e","n/e","n/e","n/e","n/e","n/e","2287","n/e","n/e","23","n/e","0","n/e","n/e","72"
"BZN|SE1","21.04.2022 06:00 - 21.04.2022 07:00 (CET/CEST)","n/e","n/e","n/e","n/e","n/e","n/e","n/e","n/e","n/e","n/e","n/e","n/e","n/e","2533","n/e","n/e","29","n/e","0","n/e","n/e","53"
"BZN|SE1","21.04.2022 07:00 - 21.04.2022 08:00 (CET/CEST)","n/e","n/e","n/e","n/e","n/e","n/e","n/e","n/e","n/e","n/e","n/e","n/e","n/e","3036","n/e","n/e","29","n/e","0","n/e","n/e","46"
"BZN|SE1","21.04.2022 08:00 - 21.04.2022 09:00 (CET/CEST)","n/e","n/e","n/e","n/e","n/e","n/e","n/e","n/e","n/e","n/e","n/e","n/e","n/e","3300","n/e","n/e","30","n/e","1","n/e","n/e","34"
"BZN|SE1","21.04.2022 09:00 - 21.04.2022 10:00 (CET/CEST)","n/e","n/e","n/e","n/e","n/e","n/e","n/e","n/e","n/e","n/e","n/e","n/e","n/e","3095","n/e","n/e","30","n/e","1","n/e","n/e","17"
"BZN|SE1","21.04.2022 10:00 - 21.04.2022 11:00 (CET/CEST)","n/e","n/e","n/e","n/e","n/e","n/e","n/e","n/e","n/e","n/e","n/e","n/e","n/e","2976","n/e","n/e","30","n/e","2","n/e","n/e","15"
"BZN|SE1","21.04.2022 11:00 - 21.04.2022 12:00 (CET/CEST)","n/e","n/e","n/e","n/e","n/e","n/e","n/e","n/e","n/e","n/e","n/e","n/e","n/e","2699","n/e","n/e","30","n/e","2","n/e","n/e","13"
"BZN|SE1","21.04.2022 12:00 - 21.04.2022 13:00 (CET/CEST)","n/e","n/e","n/e","n/e","n/e","n/e","n/e","n/e","n/e","n/e","n/e","n/e","n/e","2473","n/e","n/e","30","n/e","2","n/e","n/e","16"
"BZN|SE1","21.04.2022 13:00 - 21.04.2022 14:00 (CET/CEST)","n/e","n/e","n/e","n/e","n/e","n/e","n/e","n/e","n/e","n/e","n/e","n/e","n/e","2052","n/e","n/e","25","n/e","2","n/e","n/e","18"
"BZN|SE1","21.04.2022 14:00 - 21.04.2022 15:00 (CET/CEST)","n/e","n/e","n/e","n/e","n/e","n/e","n/e","n/e","n/e","n/e","n/e","n/e","n/e","1818","n/e","n/e","25","n/e","2","n/e","n/e","31"
"BZN|SE1","21.04.2022 15:00 - 21.04.2022 16:00 (CET/CEST)","n/e","n/e","n/e","n/e","n/e","n/e","n/e","n/e","n/e","n/e","n/e","n/e","n/e","1879","n/e","n/e","25","n/e","1","n/e","n/e","56"
"BZN|SE1","21.04.2022 16:00 - 21.04.2022 17:00 (CET/CEST)","n/e","n/e","n/e","n/e","n/e","n/e","n/e","n/e","n/e","n/e","n/e","n/e","n/e","1873","n/e","n/e","23","n/e","1","n/e","n/e","99"
"BZN|SE1","21.04.2022 17:00 - 21.04.2022 18:00 (CET/CEST)","n/e","n/e","n/e","n/e","n/e","n/e","n/e","n/e","n/e","n/e","n/e","n/e","n/e","1972","n/e","n/e","23","n/e","1","n/e","n/e","232"
"BZN|SE1","21.04.2022 18:00 - 21.04.2022 19:00 (CET/CEST)","n/e","n/e","n/e","n/e","n/e","n/e","n/e","n/e","n/e","n/e","n/e","n/e","n/e","2277","n/e","n/e","23","n/e","0","n/e","n/e","393"
"BZN|SE1","21.04.2022 19:00 - 21.04.2022 20:00 (CET/CEST)","n/e","n/e","n/e","n/e","n/e","n/e","n/e","n/e","n/e","n/e","n/e","n/e","n/e","2257","n/e","n/e","23","n/e","0","n/e","n/e","622"
"BZN|SE1","21.04.2022 20:00 - 21.04.2022 21:00 (CET/CEST)","n/e","n/e","n/e","n/e","n/e","n/e","n/e","n/e","n/e","n/e","n/e","n/e","n/e","2117","n/e","n/e","23","n/e","0","n/e","n/e","798"
"BZN|SE1","21.04.2022 21:00 - 21.04.2022 22:00 (CET/CEST)","n/e","n/e","n/e","n/e","n/e","n/e","n/e","n/e","n/e","n/e","n/e","n/e","n/e","1685","n/e","n/e","23","n/e","0","n/e","n/e","976"
"BZN|SE1","21.04.2022 22:00 - 21.04.2022 23:00 (CET/CEST)","n/e","n/e","n/e","n/e","n/e","n/e","n/e","n/e","n/e","n/e","n/e","n/e","n/e","1598","n/e","n/e","23","n/e","0","n/e","n/e","1010"
"BZN|SE1","21.04.2022 23:00 - 22.04.2022 00:00 (CET/CEST)","n/e","n/e","n/e","n/e","n/e","n/e","n/e","n/e","n/e","n/e","n/e","n/e","n/e","1181","n/e","n/e","23","n/e","0","n/e","n/e","1093"
"BZN|SE1","22.04.2022 00:00 - 22.04.2022 01:00 (CET/CEST)","n/e","n/e","n/e","n/e","n/e","n/e","n/e","n/e","n/e","n/e","n/e","n/e","n/e","1045","n/e","n/e","22","n/e","0","n/e","n/e","1164"
"BZN|SE1","22.04.2022 01:00 - 22.04.2022 02:00 (CET/CEST)","n/e","n/e","n/e","n/e","n/e","n/e","n/e","n/e","n/e","n/e","n/e","n/e","n/e","953","n/e","n/e","22","n/e","0","n/e","n/e","1100"
"BZN|SE1","22.04.2022 02:00 - 22.04.2022 03:00 (CET/CEST)","n/e","n/e","n/e","n/e","n/e","n/e","n/e","n/e","n/e","n/e","n/e","n/e","n/e","952","n/e","n/e","22","n/e","0","n/e","n/e","1038"
"BZN|SE1","22.04.2022 03:00 - 22.04.2022 04:00 (CET/CEST)","n/e","n/e","n/e","n/e","n/e","n/e","n/e","n/e","n/e","n/e","n/e","n/e","n/e","953","n/e","n/e","22","n/e","0","n/e","n/e","961"
"BZN|SE1","22.04.2022 04:00 - 22.04.2022 05:00 (CET/CEST)","n/e","n/e","n/e","n/e","n/e","n/e","n/e","n/e","n/e","n/e","n/e","n/e","n/e","1009","n/e","n/e","23","n/e","0","n/e","n/e","938"
"BZN|SE1","22.04.2022 05:00 - 22.04.2022 06:00 (CET/CEST)","n/e","n/e","n/e","n/e","n/e","n/e","n/e","n/e","n/e","n/e","n/e","n/e","n/e","1597","n/e","n/e","30","n/e","0","n/e","n/e","900"
"BZN|SE1","22.04.2022 06:00 - 22.04.2022 07:00 (CET/CEST)","n/e","n/e","n/e","n/e","n/e","n/e","n/e","n/e","n/e","n/e","n/e","n/e","n/e","2003","n/e","n/e","33","n/e","0","n/e","n/e","769"
"BZN|SE1","22.04.2022 07:00 - 22.04.2022 08:00 (CET/CEST)","n/e","n/e","n/e","n/e","n/e","n/e","n/e","n/e","n/e","n/e","n/e","n/e","n/e","2368","n/e","n/e","33","n/e","0","n/e","n/e","589"
"BZN|SE1","22.04.2022 08:00 - 22.04.2022 09:00 (CET/CEST)","n/e","n/e","n/e","n/e","n/e","n/e","n/e","n/e","n/e","n/e","n/e","n/e","n/e","2799","n/e","n/e","33","n/e","1","n/e","n/e","451"
"BZN|SE1","22.04.2022 09:00 - 22.04.2022 10:00 (CET/CEST)","n/e","n/e","n/e","n/e","n/e","n/e","n/e","n/e","n/e","n/e","n/e","n/e","n/e","2847","n/e","n/e","33","n/e","1","n/e","n/e","381"
"BZN|SE1","22.04.2022 10:00 - 22.04.2022 11:00 (CET/CEST)","n/e","n/e","n/e","n/e","n/e","n/e","n/e","n/e","n/e","n/e","n/e","n/e","n/e","2694","n/e","n/e","23","n/e","2","n/e","n/e","375"
"BZN|SE1","22.04.2022 11:00 - 22.04.2022 12:00 (CET/CEST)","n/e","n/e","n/e","n/e","n/e","n/e","n/e","n/e","n/e","n/e","n/e","n/e","n/e","2193","n/e","n/e","23","n/e","2","n/e","n/e","364"
"BZN|SE1","22.04.2022 12:00 - 22.04.2022 13:00 (CET/CEST)","n/e","n/e","n/e","n/e","n/e","n/e","n/e","n/e","n/e","n/e","n/e","n/e","n/e","2165","n/e","n/e","22","n/e","3","n/e","n/e","389"
"BZN|SE1","22.04.2022 13:00 - 22.04.2022 14:00 (CET/CEST)","n/e","n/e","n/e","n/e","n/e","n/e","n/e","n/e","n/e","n/e","n/e","n/e","n/e","1817","n/e","n/e","22","n/e","2","n/e","n/e","349"
"BZN|SE1","22.04.2022 14:00 - 22.04.2022 15:00 (CET/CEST)","n/e","n/e","n/e","n/e","n/e","n/e","n/e","n/e","n/e","n/e","n/e","n/e","n/e","1782","n/e","n/e","22","n/e","2","n/e","n/e","311"
"BZN|SE1","22.04.2022 15:00 - 22.04.2022 16:00 (CET/CEST)","n/e","n/e","n/e","n/e","n/e","n/e","n/e","n/e","n/e","n/e","n/e","n/e","n/e","1788","n/e","n/e","22","n/e","2","n/e","n/e","309"
"BZN|SE1","22.04.2022 16:00 - 22.04.2022 17:00 (CET/CEST)","n/e","n/e","n/e","n/e","n/e","n/e","n/e","n/e","n/e","n/e","n/e","n/e","n/e","1890","n/e","n/e","20","n/e","1","n/e","n/e","265"
"BZN|SE1","22.04.2022 17:00 - 22.04.2022 18:00 (CET/CEST)","n/e","n/e","n/e","n/e","n/e","n/e","n/e","n/e","n/e","n/e","n/e","n/e","n/e","1868","n/e","n/e","20","n/e","1","n/e","n/e","248"
"BZN|SE1","22.04.2022 18:00 - 22.04.2022 19:00 (CET/CEST)","n/e","n/e","n/e","n/e","n/e","n/e","n/e","n/e","n/e","n/e","n/e","n/e","n/e","1795","n/e","n/e","20","n/e","0","n/e","n/e","286"
"BZN|SE1","22.04.2022 19:00 - 22.04.2022 20:00 (CET/CEST)","n/e","n/e","n/e","n/e","n/e","n/e","n/e","n/e","n/e","n/e","n/e","n/e","n/e","1913","n/e","n/e","20","n/e","0","n/e","n/e","300"
"BZN|SE1","22.04.2022 20:00 - 22.04.2022 21:00 (CET/CEST)","n/e","n/e","n/e","n/e","n/e","n/e","n/e","n/e","n/e","n/e","n/e","n/e","n/e","1924","n/e","n/e","20","n/e","0","n/e","n/e","371"
"BZN|SE1","22.04.2022 21:00 - 22.04.2022 22:00 (CET/CEST)","n/e","n/e","n/e","n/e","n/e","n/e","n/e","n/e","n/e","n/e","n/e","n/e","n/e","1704","n/e","n/e","20","n/e","0","n/e","n/e","452"
"BZN|SE1","22.04.2022 22:00 - 22.04.2022 23:00 (CET/CEST)","n/e","n/e","n/e","n/e","n/e","n/e","n/e","n/e","n/e","n/e","n/e","n/e","n/e","1559","n/e","n/e","21","n/e","0","n/e","n/e","519"
"BZN|SE1","22.04.2022 23:00 - 23.04.2022 00:00 (CET/CEST)","n/e","n/e","n/e","n/e","n/e","n/e","n/e","n/e","n/e","n/e","n/e","n/e","n/e","1315","n/e","n/e","21","n/e","0","n/e","n/e","529"
"BZN|SE1","23.04.2022 00:00 - 23.04.2022 01:00 (CET/CEST)","n/e","n/e","n/e","n/e","n/e","n/e","n/e","n/e","n/e","n/e","n/e","n/e","n/e","1420","n/e","n/e","15","n/e","0","n/e","n/e","477"
"BZN|SE1","23.04.2022 01:00 - 23.04.2022 02:00 (CET/CEST)","n/e","n/e","n/e","n/e","n/e","n/e","n/e","n/e","n/e","n/e","n/e","n/e","n/e","1200","n/e","n/e","15","n/e","0","n/e","n/e","468"
"BZN|SE1","23.04.2022 02:00 - 23.04.2022 03:00 (CET/CEST)","n/e","n/e","n/e","n/e","n/e","n/e","n/e","n/e","n/e","n/e","n/e","n/e","n/e","1220","n/e","n/e","15","n/e","0","n/e","n/e","452"
"BZN|SE1","23.04.2022 03:00 - 23.04.2022 04:00 (CET/CEST)","n/e","n/e","n/e","n/e","n/e","n/e","n/e","n/e","n/e","n/e","n/e","n/e","n/e","1223","n/e","n/e","15","n/e","0","n/e","n/e","436"
"BZN|SE1","23.04.2022 04:00 - 23.04.2022 05:00 (CET/CEST)","n/e","n/e","n/e","n/e","n/e","n/e","n/e","n/e","n/e","n/e","n/e","n/e","n/e","1286","n/e","n/e","16","n/e","0","n/e","n/e","415"
"BZN|SE1","23.04.2022 05:00 - 23.04.2022 06:00 (CET/CEST)","n/e","n/e","n/e","n/e","n/e","n/e","n/e","n/e","n/e","n/e","n/e","n/e","n/e","1458","n/e","n/e","16","n/e","0","n/e","n/e","343"
"BZN|SE1","23.04.2022 06:00 - 23.04.2022 07:00 (CET/CEST)","n/e","n/e","n/e","n/e","n/e","n/e","n/e","n/e","n/e","n/e","n/e","n/e","n/e","1404","n/e","n/e","16","n/e","0","n/e","n/e","276"
"BZN|SE1","23.04.2022 07:00 - 23.04.2022 08:00 (CET/CEST)","n/e","n/e","n/e","n/e","n/e","n/e","n/e","n/e","n/e","n/e","n/e","n/e","n/e","1727","n/e","n/e","16","n/e","0","n/e","n/e","223"
"BZN|SE1","23.04.2022 08:00 - 23.04.2022 09:00 (CET/CEST)","n/e","n/e","n/e","n/e","n/e","n/e","n/e","n/e","n/e","n/e","n/e","n/e","n/e","1758","n/e","n/e","16","n/e","1","n/e","n/e","143"
"BZN|SE1","23.04.2022 09:00 - 23.04.2022 10:00 (CET/CEST)","n/e","n/e","n/e","n/e","n/e","n/e","n/e","n/e","n/e","n/e","n/e","n/e","n/e","1740","n/e","n/e","17","n/e","1","n/e","n/e","118"
"BZN|SE1","23.04.2022 10:00 - 23.04.2022 11:00 (CET/CEST)","n/e","n/e","n/e","n/e","n/e","n/e","n/e","n/e","n/e","n/e","n/e","n/e","n/e","1669","n/e","n/e","17","n/e","2","n/e","n/e","121"
"BZN|SE1","23.04.2022 11:00 - 23.04.2022 12:00 (CET/CEST)","n/e","n/e","n/e","n/e","n/e","n/e","n/e","n/e","n/e","n/e","n/e","n/e","n/e","1364","n/e","n/e","16","n/e","2","n/e","n/e","144"
"BZN|SE1","23.04.2022 12:00 - 23.04.2022 13:00 (CET/CEST)","n/e","n/e","n/e","n/e","n/e","n/e","n/e","n/e","n/e","n/e","n/e","n/e","n/e","1338","n/e","n/e","16","n/e","2","n/e","n/e","169"
"BZN|SE1","23.04.2022 13:00 - 23.04.2022 14:00 (CET/CEST)","n/e","n/e","n/e","n/e","n/e","n/e","n/e","n/e","n/e","n/e","n/e","n/e","n/e","1289","n/e","n/e","16","n/e","2","n/e","n/e","194"
"BZN|SE1","23.04.2022 14:00 - 23.04.2022 15:00 (CET/CEST)","n/e","n/e","n/e","n/e","n/e","n/e","n/e","n/e","n/e","n/e","n/e","n/e","n/e","1287","n/e","n/e","16","n/e","2","n/e","n/e","170"
"BZN|SE1","23.04.2022 15:00 - 23.04.2022 16:00 (CET/CEST)","n/e","n/e","n/e","n/e","n/e","n/e","n/e","n/e","n/e","n/e","n/e","n/e","n/e","1303","n/e","n/e","16","n/e","2","n/e","n/e","151"
"BZN|SE1","23.04.2022 16:00 - 23.04.2022 17:00 (CET/CEST)","n/e","n/e","n/e","n/e","n/e","n/e","n/e","n/e","n/e","n/e","n/e","n/e","n/e","1591","n/e","n/e","14","n/e","1","n/e","n/e","124"
"BZN|SE1","23.04.2022 17:00 - 23.04.2022 18:00 (CET/CEST)","n/e","n/e","n/e","n/e","n/e","n/e","n/e","n/e","n/e","n/e","n/e","n/e","n/e","1965","n/e","n/e","14","n/e","1","n/e","n/e","127"
"BZN|SE1","23.04.2022 18:00 - 23.04.2022 19:00 (CET/CEST)","n/e","n/e","n/e","n/e","n/e","n/e","n/e","n/e","n/e","n/e","n/e","n/e","n/e","1853","n/e","n/e","13","n/e","0","n/e","n/e","93"
"BZN|SE1","23.04.2022 19:00 - 23.04.2022 20:00 (CET/CEST)","n/e","n/e","n/e","n/e","n/e","n/e","n/e","n/e","n/e","n/e","n/e","n/e","n/e","1900","n/e","n/e","13","n/e","0","n/e","n/e","89"
"BZN|SE1","23.04.2022 20:00 - 23.04.2022 21:00 (CET/CEST)","n/e","n/e","n/e","n/e","n/e","n/e","n/e","n/e","n/e","n/e","n/e","n/e","n/e","1810","n/e","n/e","13","n/e","0","n/e","n/e","69"
"BZN|SE1","23.04.2022 21:00 - 23.04.2022 22:00 (CET/CEST)","n/e","n/e","n/e","n/e","n/e","n/e","n/e","n/e","n/e","n/e","n/e","n/e","n/e","1760","n/e","n/e","13","n/e","0","n/e","n/e","58"
"BZN|SE1","23.04.2022 22:00 - 23.04.2022 23:00 (CET/CEST)","n/e","n/e","n/e","n/e","n/e","n/e","n/e","n/e","n/e","n/e","n/e","n/e","n/e","1732","n/e","n/e","14","n/e","0","n/e","n/e","62"
"BZN|SE1","23.04.2022 23:00 - 24.04.2022 00:00 (CET/CEST)","n/e","n/e","n/e","n/e","n/e","n/e","n/e","n/e","n/e","n/e","n/e","n/e","n/e","1612","n/e","n/e","14","n/e","0","n/e","n/e","71"
"BZN|SE1","24.04.2022 00:00 - 24.04.2022 01:00 (CET/CEST)","n/e","n/e","n/e","n/e","n/e","n/e","n/e","n/e","n/e","n/e","n/e","n/e","n/e","1901","n/e","n/e","14","n/e","0","n/e","n/e","82"
"BZN|SE1","24.04.2022 01:00 - 24.04.2022 02:00 (CET/CEST)","n/e","n/e","n/e","n/e","n/e","n/e","n/e","n/e","n/e","n/e","n/e","n/e","n/e","1843","n/e","n/e","15","n/e","0","n/e","n/e","82"
"BZN|SE1","24.04.2022 02:00 - 24.04.2022 03:00 (CET/CEST)","n/e","n/e","n/e","n/e","n/e","n/e","n/e","n/e","n/e","n/e","n/e","n/e","n/e","1883","n/e","n/e","15","n/e","0","n/e","n/e","105"
"BZN|SE1","24.04.2022 03:00 - 24.04.2022 04:00 (CET/CEST)","n/e","n/e","n/e","n/e","n/e","n/e","n/e","n/e","n/e","n/e","n/e","n/e","n/e","1976","n/e","n/e","15","n/e","0","n/e","n/e","124"
"BZN|SE1","24.04.2022 04:00 - 24.04.2022 05:00 (CET/CEST)","n/e","n/e","n/e","n/e","n/e","n/e","n/e","n/e","n/e","n/e","n/e","n/e","n/e","2045","n/e","n/e","16","n/e","0","n/e","n/e","155"
"BZN|SE1","24.04.2022 05:00 - 24.04.2022 06:00 (CET/CEST)","n/e","n/e","n/e","n/e","n/e","n/e","n/e","n/e","n/e","n/e","n/e","n/e","n/e","2009","n/e","n/e","16","n/e","0","n/e","n/e","166"
"BZN|SE1","24.04.2022 06:00 - 24.04.2022 07:00 (CET/CEST)","n/e","n/e","n/e","n/e","n/e","n/e","n/e","n/e","n/e","n/e","n/e","n/e","n/e","2047","n/e","n/e","16","n/e","0","n/e","n/e","178"
"BZN|SE1","24.04.2022 07:00 - 24.04.2022 08:00 (CET/CEST)","n/e","n/e","n/e","n/e","n/e","n/e","n/e","n/e","n/e","n/e","n/e","n/e","n/e","2626","n/e","n/e","16","n/e","1","n/e","n/e","170"
"BZN|SE1","24.04.2022 08:00 - 24.04.2022 09:00 (CET/CEST)","n/e","n/e","n/e","n/e","n/e","n/e","n/e","n/e","n/e","n/e","n/e","n/e","n/e","3074","n/e","n/e","20","n/e","1","n/e","n/e","99"
"BZN|SE1","24.04.2022 09:00 - 24.04.2022 10:00 (CET/CEST)","n/e","n/e","n/e","n/e","n/e","n/e","n/e","n/e","n/e","n/e","n/e","n/e","n/e","3126","n/e","n/e","20","n/e","2","n/e","n/e","83"
"BZN|SE1","24.04.2022 10:00 - 24.04.2022 11:00 (CET/CEST)","n/e","n/e","n/e","n/e","n/e","n/e","n/e","n/e","n/e","n/e","n/e","n/e","n/e","3169","n/e","n/e","20","n/e","2","n/e","n/e","56"
"BZN|SE1","24.04.2022 11:00 - 24.04.2022 12:00 (CET/CEST)","n/e","n/e","n/e","n/e","n/e","n/e","n/e","n/e","n/e","n/e","n/e","n/e","n/e","2892","n/e","n/e","19","n/e","3","n/e","n/e","57"
"BZN|SE1","24.04.2022 12:00 - 24.04.2022 13:00 (CET/CEST)","n/e","n/e","n/e","n/e","n/e","n/e","n/e","n/e","n/e","n/e","n/e","n/e","n/e","2184","n/e","n/e","19","n/e","3","n/e","n/e","54"
"BZN|SE1","24.04.2022 13:00 - 24.04.2022 14:00 (CET/CEST)","n/e","n/e","n/e","n/e","n/e","n/e","n/e","n/e","n/e","n/e","n/e","n/e","n/e","1621","n/e","n/e","18","n/e","3","n/e","n/e","64"
"BZN|SE1","24.04.2022 14:00 - 24.04.2022 15:00 (CET/CEST)","n/e","n/e","n/e","n/e","n/e","n/e","n/e","n/e","n/e","n/e","n/e","n/e","n/e","1758","n/e","n/e","18","n/e","3","n/e","n/e","55"
"BZN|SE1","24.04.2022 15:00 - 24.04.2022 16:00 (CET/CEST)","n/e","n/e","n/e","n/e","n/e","n/e","n/e","n/e","n/e","n/e","n/e","n/e","n/e","1977","n/e","n/e","21","n/e","2","n/e","n/e","52"
"BZN|SE1","24.04.2022 16:00 - 24.04.2022 17:00 (CET/CEST)","n/e","n/e","n/e","n/e","n/e","n/e","n/e","n/e","n/e","n/e","n/e","n/e","n/e","2966","n/e","n/e","26","n/e","2","n/e","n/e","49"
"BZN|SE1","24.04.2022 17:00 - 24.04.2022 18:00 (CET/CEST)","n/e","n/e","n/e","n/e","n/e","n/e","n/e","n/e","n/e","n/e","n/e","n/e","n/e","3100","n/e","n/e","26","n/e","1","n/e","n/e","68"
"BZN|SE1","24.04.2022 18:00 - 24.04.2022 19:00 (CET/CEST)","n/e","n/e","n/e","n/e","n/e","n/e","n/e","n/e","n/e","n/e","n/e","n/e","n/e","2935","n/e","n/e","26","n/e","0","n/e","n/e","110"
"BZN|SE1","24.04.2022 19:00 - 24.04.2022 20:00 (CET/CEST)","n/e","n/e","n/e","n/e","n/e","n/e","n/e","n/e","n/e","n/e","n/e","n/e","n/e","2912","n/e","n/e","27","n/e","0","n/e","n/e","174"
"BZN|SE1","24.04.2022 20:00 - 24.04.2022 21:00 (CET/CEST)","n/e","n/e","n/e","n/e","n/e","n/e","n/e","n/e","n/e","n/e","n/e","n/e","n/e","2911","n/e","n/e","27","n/e","0","n/e","n/e","238"
"BZN|SE1","24.04.2022 21:00 - 24.04.2022 22:00 (CET/CEST)","n/e","n/e","n/e","n/e","n/e","n/e","n/e","n/e","n/e","n/e","n/e","n/e","n/e","2767","n/e","n/e","26","n/e","0","n/e","n/e","235"
"BZN|SE1","24.04.2022 22:00 - 24.04.2022 23:00 (CET/CEST)","n/e","n/e","n/e","n/e","n/e","n/e","n/e","n/e","n/e","n/e","n/e","n/e","n/e","2733","n/e","n/e","27","n/e","0","n/e","n/e","259"
"BZN|SE1","24.04.2022 23:00 - 25.04.2022 00:00 (CET/CEST)","n/e","n/e","n/e","n/e","n/e","n/e","n/e","n/e","n/e","n/e","n/e","n/e","n/e","2723","n/e","n/e","28","n/e","0","n/e","n/e","239"
"BZN|SE1","25.04.2022 00:00 - 25.04.2022 01:00 (CET/CEST)","n/e","n/e","n/e","n/e","n/e","n/e","n/e","n/e","n/e","n/e","n/e","n/e","n/e","2377","n/e","n/e","32","n/e","0","n/e","n/e","260"
"BZN|SE1","25.04.2022 01:00 - 25.04.2022 02:00 (CET/CEST)","n/e","n/e","n/e","n/e","n/e","n/e","n/e","n/e","n/e","n/e","n/e","n/e","n/e","2180","n/e","n/e","32","n/e","0","n/e","n/e","288"
"BZN|SE1","25.04.2022 02:00 - 25.04.2022 03:00 (CET/CEST)","n/e","n/e","n/e","n/e","n/e","n/e","n/e","n/e","n/e","n/e","n/e","n/e","n/e","2063","n/e","n/e","32","n/e","0","n/e","n/e","272"
"BZN|SE1","25.04.2022 03:00 - 25.04.2022 04:00 (CET/CEST)","n/e","n/e","n/e","n/e","n/e","n/e","n/e","n/e","n/e","n/e","n/e","n/e","n/e","2064","n/e","n/e","32","n/e","0","n/e","n/e","272"
"BZN|SE1","25.04.2022 04:00 - 25.04.2022 05:00 (CET/CEST)","n/e","n/e","n/e","n/e","n/e","n/e","n/e","n/e","n/e","n/e","n/e","n/e","n/e","2081","n/e","n/e","32","n/e","0","n/e","n/e","242"
"BZN|SE1","25.04.2022 05:00 - 25.04.2022 06:00 (CET/CEST)","n/e","n/e","n/e","n/e","n/e","n/e","n/e","n/e","n/e","n/e","n/e","n/e","n/e","2076","n/e","n/e","32","n/e","0","n/e","n/e","233"
"BZN|SE1","25.04.2022 06:00 - 25.04.2022 07:00 (CET/CEST)","n/e","n/e","n/e","n/e","n/e","n/e","n/e","n/e","n/e","n/e","n/e","n/e","n/e","1924","n/e","n/e","32","n/e","0","n/e","n/e","213"
"BZN|SE1","25.04.2022 07:00 - 25.04.2022 08:00 (CET/CEST)","n/e","n/e","n/e","n/e","n/e","n/e","n/e","n/e","n/e","n/e","n/e","n/e","n/e","2296","n/e","n/e","32","n/e","0","n/e","n/e","169"
"BZN|SE1","25.04.2022 08:00 - 25.04.2022 09:00 (CET/CEST)","n/e","n/e","n/e","n/e","n/e","n/e","n/e","n/e","n/e","n/e","n/e","n/e","n/e","2442","n/e","n/e","33","n/e","1","n/e","n/e","74"
"BZN|SE1","25.04.2022 09:00 - 25.04.2022 10:00 (CET/CEST)","n/e","n/e","n/e","n/e","n/e","n/e","n/e","n/e","n/e","n/e","n/e","n/e","n/e","2439","n/e","n/e","33","n/e","1","n/e","n/e","79"
"BZN|SE1","25.04.2022 10:00 - 25.04.2022 11:00 (CET/CEST)","n/e","n/e","n/e","n/e","n/e","n/e","n/e","n/e","n/e","n/e","n/e","n/e","n/e","2299","n/e","n/e","33","n/e","1","n/e","n/e","88"
"BZN|SE1","25.04.2022 11:00 - 25.04.2022 12:00 (CET/CEST)","n/e","n/e","n/e","n/e","n/e","n/e","n/e","n/e","n/e","n/e","n/e","n/e","n/e","2162","n/e","n/e","33","n/e","1","n/e","n/e","122"
"BZN|SE1","25.04.2022 12:00 - 25.04.2022 13:00 (CET/CEST)","n/e","n/e","n/e","n/e","n/e","n/e","n/e","n/e","n/e","n/e","n/e","n/e","n/e","2047","n/e","n/e","33","n/e","1","n/e","n/e","151"
"BZN|SE1","25.04.2022 13:00 - 25.04.2022 14:00 (CET/CEST)","n/e","n/e","n/e","n/e","n/e","n/e","n/e","n/e","n/e","n/e","n/e","n/e","n/e","1875","n/e","n/e","33","n/e","1","n/e","n/e","193"
"BZN|SE1","25.04.2022 14:00 - 25.04.2022 15:00 (CET/CEST)","n/e","n/e","n/e","n/e","n/e","n/e","n/e","n/e","n/e","n/e","n/e","n/e","n/e","1769","n/e","n/e","28","n/e","1","n/e","n/e","278"
"BZN|SE1","25.04.2022 15:00 - 25.04.2022 16:00 (CET/CEST)","n/e","n/e","n/e","n/e","n/e","n/e","n/e","n/e","n/e","n/e","n/e","n/e","n/e","1731","n/e","n/e","25","n/e","1","n/e","n/e","392"
"BZN|SE1","25.04.2022 16:00 - 25.04.2022 17:00 (CET/CEST)","n/e","n/e","n/e","n/e","n/e","n/e","n/e","n/e","n/e","n/e","n/e","n/e","n/e","1729","n/e","n/e","20","n/e","0","n/e","n/e","485"
"BZN|SE1","25.04.2022 17:00 - 25.04.2022 18:00 (CET/CEST)","n/e","n/e","n/e","n/e","n/e","n/e","n/e","n/e","n/e","n/e","n/e","n/e","n/e","1733","n/e","n/e","20","n/e","0","n/e","n/e","552"
"BZN|SE1","25.04.2022 18:00 - 25.04.2022 19:00 (CET/CEST)","n/e","n/e","n/e","n/e","n/e","n/e","n/e","n/e","n/e","n/e","n/e","n/e","n/e","1721","n/e","n/e","20","n/e","0","n/e","n/e","831"
"BZN|SE1","25.04.2022 19:00 - 25.04.2022 20:00 (CET/CEST)","n/e","n/e","n/e","n/e","n/e","n/e","n/e","n/e","n/e","n/e","n/e","n/e","n/e","1716","n/e","n/e","20","n/e","0","n/e","n/e","1131"
"BZN|SE1","25.04.2022 20:00 - 25.04.2022 21:00 (CET/CEST)","n/e","n/e","n/e","n/e","n/e","n/e","n/e","n/e","n/e","n/e","n/e","n/e","n/e","1530","n/e","n/e","20","n/e","0","n/e","n/e","1217"
"BZN|SE1","25.04.2022 21:00 - 25.04.2022 22:00 (CET/CEST)","n/e","n/e","n/e","n/e","n/e","n/e","n/e","n/e","n/e","n/e","n/e","n/e","n/e","1307","n/e","n/e","20","n/e","0","n/e","n/e","1139"
"BZN|SE1","25.04.2022 22:00 - 25.04.2022 23:00 (CET/CEST)","n/e","n/e","n/e","n/e","n/e","n/e","n/e","n/e","n/e","n/e","n/e","n/e","n/e","1030","n/e","n/e","20","n/e","0","n/e","n/e","1166"
"BZN|SE1","25.04.2022 23:00 - 26.04.2022 00:00 (CET/CEST)","n/e","n/e","n/e","n/e","n/e","n/e","n/e","n/e","n/e","n/e","n/e","n/e","n/e","1029","n/e","n/e","21","n/e","0","n/e","n/e","1312"
"BZN|SE1","26.04.2022 00:00 - 26.04.2022 01:00 (CET/CEST)","n/e","n/e","n/e","n/e","n/e","n/e","n/e","n/e","n/e","n/e","n/e","n/e","n/e","955","n/e","n/e","20","n/e","0","n/e","n/e","1487"
"BZN|SE1","26.04.2022 01:00 - 26.04.2022 02:00 (CET/CEST)","n/e","n/e","n/e","n/e","n/e","n/e","n/e","n/e","n/e","n/e","n/e","n/e","n/e","913","n/e","n/e","19","n/e","0","n/e","n/e","1513"
"BZN|SE1","26.04.2022 02:00 - 26.04.2022 03:00 (CET/CEST)","n/e","n/e","n/e","n/e","n/e","n/e","n/e","n/e","n/e","n/e","n/e","n/e","n/e","894","n/e","n/e","19","n/e","0","n/e","n/e","1452"
"BZN|SE1","26.04.2022 03:00 - 26.04.2022 04:00 (CET/CEST)","n/e","n/e","n/e","n/e","n/e","n/e","n/e","n/e","n/e","n/e","n/e","n/e","n/e","887","n/e","n/e","19","n/e","0","n/e","n/e","1416"
"BZN|SE1","26.04.2022 04:00 - 26.04.2022 05:00 (CET/CEST)","n/e","n/e","n/e","n/e","n/e","n/e","n/e","n/e","n/e","n/e","n/e","n/e","n/e","942","n/e","n/e","21","n/e","0","n/e","n/e","1251"
"BZN|SE1","26.04.2022 05:00 - 26.04.2022 06:00 (CET/CEST)","n/e","n/e","n/e","n/e","n/e","n/e","n/e","n/e","n/e","n/e","n/e","n/e","n/e","1191","n/e","n/e","21","n/e","0","n/e","n/e","1207"
"BZN|SE1","26.04.2022 06:00 - 26.04.2022 07:00 (CET/CEST)","n/e","n/e","n/e","n/e","n/e","n/e","n/e","n/e","n/e","n/e","n/e","n/e","n/e","1489","n/e","n/e","23","n/e","0","n/e","n/e","1073"
"BZN|SE1","26.04.2022 07:00 - 26.04.2022 08:00 (CET/CEST)","n/e","n/e","n/e","n/e","n/e","n/e","n/e","n/e","n/e","n/e","n/e","n/e","n/e","1625","n/e","n/e","25","n/e","0","n/e","n/e","1040"
"BZN|SE1","26.04.2022 08:00 - 26.04.2022 09:00 (CET/CEST)","n/e","n/e","n/e","n/e","n/e","n/e","n/e","n/e","n/e","n/e","n/e","n/e","n/e","1609","n/e","n/e","25","n/e","1","n/e","n/e","963"
"BZN|SE1","26.04.2022 09:00 - 26.04.2022 10:00 (CET/CEST)","n/e","n/e","n/e","n/e","n/e","n/e","n/e","n/e","n/e","n/e","n/e","n/e","n/e","1605","n/e","n/e","25","n/e","1","n/e","n/e","918"
"BZN|SE1","26.04.2022 10:00 - 26.04.2022 11:00 (CET/CEST)","n/e","n/e","n/e","n/e","n/e","n/e","n/e","n/e","n/e","n/e","n/e","n/e","n/e","1664","n/e","n/e","25","n/e","2","n/e","n/e","942"
"BZN|SE1","26.04.2022 11:00 - 26.04.2022 12:00 (CET/CEST)","n/e","n/e","n/e","n/e","n/e","n/e","n/e","n/e","n/e","n/e","n/e","n/e","n/e","1667","n/e","n/e","25","n/e","2","n/e","n/e","927"
"BZN|SE1","26.04.2022 12:00 - 26.04.2022 13:00 (CET/CEST)","n/e","n/e","n/e","n/e","n/e","n/e","n/e","n/e","n/e","n/e","n/e","n/e","n/e","1720","n/e","n/e","25","n/e","2","n/e","n/e","959"
"BZN|SE1","26.04.2022 13:00 - 26.04.2022 14:00 (CET/CEST)","n/e","n/e","n/e","n/e","n/e","n/e","n/e","n/e","n/e","n/e","n/e","n/e","n/e","1662","n/e","n/e","25","n/e","2","n/e","n/e","979"
"BZN|SE1","26.04.2022 14:00 - 26.04.2022 15:00 (CET/CEST)","n/e","n/e","n/e","n/e","n/e","n/e","n/e","n/e","n/e","n/e","n/e","n/e","n/e","1486","n/e","n/e","25","n/e","2","n/e","n/e","992"
"BZN|SE1","26.04.2022 15:00 - 26.04.2022 16:00 (CET/CEST)","n/e","n/e","n/e","n/e","n/e","n/e","n/e","n/e","n/e","n/e","n/e","n/e","n/e","1499","n/e","n/e","25","n/e","1","n/e","n/e","1033"
"BZN|SE1","26.04.2022 16:00 - 26.04.2022 17:00 (CET/CEST)","n/e","n/e","n/e","n/e","n/e","n/e","n/e","n/e","n/e","n/e","n/e","n/e","n/e","1563","n/e","n/e","26","n/e","1","n/e","n/e","1064"
"BZN|SE1","26.04.2022 17:00 - 26.04.2022 18:00 (CET/CEST)","n/e","n/e","n/e","n/e","n/e","n/e","n/e","n/e","n/e","n/e","n/e","n/e","n/e","1551","n/e","n/e","29","n/e","1","n/e","n/e","955"
"BZN|SE1","26.04.2022 18:00 - 26.04.2022 19:00 (CET/CEST)","n/e","n/e","n/e","n/e","n/e","n/e","n/e","n/e","n/e","n/e","n/e","n/e","n/e","1567","n/e","n/e","29","n/e","0","n/e","n/e","847"
"BZN|SE1","26.04.2022 19:00 - 26.04.2022 20:00 (CET/CEST)","n/e","n/e","n/e","n/e","n/e","n/e","n/e","n/e","n/e","n/e","n/e","n/e","n/e","1625","n/e","n/e","32","n/e","0","n/e","n/e","743"
"BZN|SE1","26.04.2022 20:00 - 26.04.2022 21:00 (CET/CEST)","n/e","n/e","n/e","n/e","n/e","n/e","n/e","n/e","n/e","n/e","n/e","n/e","n/e","1721","n/e","n/e","33","n/e","0","n/e","n/e","705"
"BZN|SE1","26.04.2022 21:00 - 26.04.2022 22:00 (CET/CEST)","n/e","n/e","n/e","n/e","n/e","n/e","n/e","n/e","n/e","n/e","n/e","n/e","n/e","1661","n/e","n/e","33","n/e","0","n/e","n/e","700"
"BZN|SE1","26.04.2022 22:00 - 26.04.2022 23:00 (CET/CEST)","n/e","n/e","n/e","n/e","n/e","n/e","n/e","n/e","n/e","n/e","n/e","n/e","n/e","1668","n/e","n/e","33","n/e","0","n/e","n/e","613"
"BZN|SE1","26.04.2022 23:00 - 27.04.2022 00:00 (CET/CEST)","n/e","n/e","n/e","n/e","n/e","n/e","n/e","n/e","n/e","n/e","n/e","n/e","n/e","1651","n/e","n/e","33","n/e","0","n/e","n/e","724"
"BZN|SE1","27.04.2022 00:00 - 27.04.2022 01:00 (CET/CEST)","n/e","n/e","n/e","n/e","n/e","n/e","n/e","n/e","n/e","n/e","n/e","n/e","n/e","1526","n/e","n/e","34","n/e","0","n/e","n/e","664"
"BZN|SE1","27.04.2022 01:00 - 27.04.2022 02:00 (CET/CEST)","n/e","n/e","n/e","n/e","n/e","n/e","n/e","n/e","n/e","n/e","n/e","n/e","n/e","1511","n/e","n/e","37","n/e","0","n/e","n/e","653"
"BZN|SE1","27.04.2022 02:00 - 27.04.2022 03:00 (CET/CEST)","n/e","n/e","n/e","n/e","n/e","n/e","n/e","n/e","n/e","n/e","n/e","n/e","n/e","1522","n/e","n/e","38","n/e","0","n/e","n/e","653"
"BZN|SE1","27.04.2022 03:00 - 27.04.2022 04:00 (CET/CEST)","n/e","n/e","n/e","n/e","n/e","n/e","n/e","n/e","n/e","n/e","n/e","n/e","n/e","1509","n/e","n/e","38","n/e","0","n/e","n/e","642"
"BZN|SE1","27.04.2022 04:00 - 27.04.2022 05:00 (CET/CEST)","n/e","n/e","n/e","n/e","n/e","n/e","n/e","n/e","n/e","n/e","n/e","n/e","n/e","1506","n/e","n/e","39","n/e","0","n/e","n/e","613"
"BZN|SE1","27.04.2022 05:00 - 27.04.2022 06:00 (CET/CEST)","n/e","n/e","n/e","n/e","n/e","n/e","n/e","n/e","n/e","n/e","n/e","n/e","n/e","1875","n/e","n/e","41","n/e","0","n/e","n/e","517"
"BZN|SE1","27.04.2022 06:00 - 27.04.2022 07:00 (CET/CEST)","n/e","n/e","n/e","n/e","n/e","n/e","n/e","n/e","n/e","n/e","n/e","n/e","n/e","2335","n/e","n/e","40","n/e","0","n/e","n/e","336"
"BZN|SE1","27.04.2022 07:00 - 27.04.2022 08:00 (CET/CEST)","n/e","n/e","n/e","n/e","n/e","n/e","n/e","n/e","n/e","n/e","n/e","n/e","n/e","2663","n/e","n/e","40","n/e","0","n/e","n/e","217"
"BZN|SE1","27.04.2022 08:00 - 27.04.2022 09:00 (CET/CEST)","n/e","n/e","n/e","n/e","n/e","n/e","n/e","n/e","n/e","n/e","n/e","n/e","n/e","2816","n/e","n/e","41","n/e","1","n/e","n/e","162"
"BZN|SE1","27.04.2022 09:00 - 27.04.2022 10:00 (CET/CEST)","n/e","n/e","n/e","n/e","n/e","n/e","n/e","n/e","n/e","n/e","n/e","n/e","n/e","2714","n/e","n/e","40","n/e","1","n/e","n/e","204"
"BZN|SE1","27.04.2022 10:00 - 27.04.2022 11:00 (CET/CEST)","n/e","n/e","n/e","n/e","n/e","n/e","n/e","n/e","n/e","n/e","n/e","n/e","n/e","2541","n/e","n/e","40","n/e","2","n/e","n/e","258"
"BZN|SE1","27.04.2022 11:00 - 27.04.2022 12:00 (CET/CEST)","n/e","n/e","n/e","n/e","n/e","n/e","n/e","n/e","n/e","n/e","n/e","n/e","n/e","2370","n/e","n/e","38","n/e","2","n/e","n/e","338"
"BZN|SE1","27.04.2022 12:00 - 27.04.2022 13:00 (CET/CEST)","n/e","n/e","n/e","n/e","n/e","n/e","n/e","n/e","n/e","n/e","n/e","n/e","n/e","2150","n/e","n/e","39","n/e","2","n/e","n/e","494"
"BZN|SE1","27.04.2022 13:00 - 27.04.2022 14:00 (CET/CEST)","n/e","n/e","n/e","n/e","n/e","n/e","n/e","n/e","n/e","n/e","n/e","n/e","n/e","2022","n/e","n/e","38","n/e","2","n/e","n/e","586"
"BZN|SE1","27.04.2022 14:00 - 27.04.2022 15:00 (CET/CEST)","n/e","n/e","n/e","n/e","n/e","n/e","n/e","n/e","n/e","n/e","n/e","n/e","n/e","1882","n/e","n/e","38","n/e","2","n/e","n/e","707"
"BZN|SE1","27.04.2022 15:00 - 27.04.2022 16:00 (CET/CEST)","n/e","n/e","n/e","n/e","n/e","n/e","n/e","n/e","n/e","n/e","n/e","n/e","n/e","1837","n/e","n/e","36","n/e","1","n/e","n/e","790"
"BZN|SE1","27.04.2022 16:00 - 27.04.2022 17:00 (CET/CEST)","n/e","n/e","n/e","n/e","n/e","n/e","n/e","n/e","n/e","n/e","n/e","n/e","n/e","1914","n/e","n/e","35","n/e","1","n/e","n/e","780"
"BZN|SE1","27.04.2022 17:00 - 27.04.2022 18:00 (CET/CEST)","n/e","n/e","n/e","n/e","n/e","n/e","n/e","n/e","n/e","n/e","n/e","n/e","n/e","1868","n/e","n/e","35","n/e","1","n/e","n/e","725"
"BZN|SE1","27.04.2022 18:00 - 27.04.2022 19:00 (CET/CEST)","n/e","n/e","n/e","n/e","n/e","n/e","n/e","n/e","n/e","n/e","n/e","n/e","n/e","1978","n/e","n/e","35","n/e","0","n/e","n/e","620"
"BZN|SE1","27.04.2022 19:00 - 27.04.2022 20:00 (CET/CEST)","n/e","n/e","n/e","n/e","n/e","n/e","n/e","n/e","n/e","n/e","n/e","n/e","n/e","2220","n/e","n/e","36","n/e","0","n/e","n/e","651"
"BZN|SE1","27.04.2022 20:00 - 27.04.2022 21:00 (CET/CEST)","n/e","n/e","n/e","n/e","n/e","n/e","n/e","n/e","n/e","n/e","n/e","n/e","n/e","2217","n/e","n/e","36","n/e","0","n/e","n/e","637"
"BZN|SE1","27.04.2022 21:00 - 27.04.2022 22:00 (CET/CEST)","n/e","n/e","n/e","n/e","n/e","n/e","n/e","n/e","n/e","n/e","n/e","n/e","n/e","2093","n/e","n/e","35","n/e","0","n/e","n/e","866"
"BZN|SE1","27.04.2022 22:00 - 27.04.2022 23:00 (CET/CEST)","n/e","n/e","n/e","n/e","n/e","n/e","n/e","n/e","n/e","n/e","n/e","n/e","n/e","1907","n/e","n/e","32","n/e","0","n/e","n/e","802"
"BZN|SE1","27.04.2022 23:00 - 28.04.2022 00:00 (CET/CEST)","n/e","n/e","n/e","n/e","n/e","n/e","n/e","n/e","n/e","n/e","n/e","n/e","n/e","1805","n/e","n/e","28","n/e","0","n/e","n/e","851"
"BZN|SE1","28.04.2022 00:00 - 28.04.2022 01:00 (CET/CEST)","n/e","n/e","n/e","n/e","n/e","n/e","n/e","n/e","n/e","n/e","n/e","n/e","n/e","1688","n/e","n/e","27","n/e","0","n/e","n/e","910"
"BZN|SE1","28.04.2022 01:00 - 28.04.2022 02:00 (CET/CEST)","n/e","n/e","n/e","n/e","n/e","n/e","n/e","n/e","n/e","n/e","n/e","n/e","n/e","1484","n/e","n/e","27","n/e","0","n/e","n/e","941"
"BZN|SE1","28.04.2022 02:00 - 28.04.2022 03:00 (CET/CEST)","n/e","n/e","n/e","n/e","n/e","n/e","n/e","n/e","n/e","n/e","n/e","n/e","n/e","1330","n/e","n/e","27","n/e","0","n/e","n/e","932"
"BZN|SE1","28.04.2022 03:00 - 28.04.2022 04:00 (CET/CEST)","n/e","n/e","n/e","n/e","n/e","n/e","n/e","n/e","n/e","n/e","n/e","n/e","n/e","1255","n/e","n/e","27","n/e","0","n/e","n/e","942"
"BZN|SE1","28.04.2022 04:00 - 28.04.2022 05:00 (CET/CEST)","n/e","n/e","n/e","n/e","n/e","n/e","n/e","n/e","n/e","n/e","n/e","n/e","n/e","1249","n/e","n/e","29","n/e","0","n/e","n/e","914"
"BZN|SE1","28.04.2022 05:00 - 28.04.2022 06:00 (CET/CEST)","n/e","n/e","n/e","n/e","n/e","n/e","n/e","n/e","n/e","n/e","n/e","n/e","n/e","1237","n/e","n/e","29","n/e","0","n/e","n/e","829"
"BZN|SE1","28.04.2022 06:00 - 28.04.2022 07:00 (CET/CEST)","n/e","n/e","n/e","n/e","n/e","n/e","n/e","n/e","n/e","n/e","n/e","n/e","n/e","1467","n/e","n/e","32","n/e","0","n/e","n/e","704"
"BZN|SE1","28.04.2022 07:00 - 28.04.2022 08:00 (CET/CEST)","n/e","n/e","n/e","n/e","n/e","n/e","n/e","n/e","n/e","n/e","n/e","n/e","n/e","1797","n/e","n/e","37","n/e","0","n/e","n/e","612"
"BZN|SE1","28.04.2022 08:00 - 28.04.2022 09:00 (CET/CEST)","n/e","n/e","n/e","n/e","n/e","n/e","n/e","n/e","n/e","n/e","n/e","n/e","n/e","1809","n/e","n/e","37","n/e","0","n/e","n/e","460"
"BZN|SE1","28.04.2022 09:00 - 28.04.2022 10:00 (CET/CEST)","n/e","n/e","n/e","n/e","n/e","n/e","n/e","n/e","n/e","n/e","n/e","n/e","n/e","1809","n/e","n/e","37","n/e","1","n/e","n/e","402"
"BZN|SE1","28.04.2022 10:00 - 28.04.2022 11:00 (CET/CEST)","n/e","n/e","n/e","n/e","n/e","n/e","n/e","n/e","n/e","n/e","n/e","n/e","n/e","1510","n/e","n/e","37","n/e","1","n/e","n/e","518"
"BZN|SE1","28.04.2022 11:00 - 28.04.2022 12:00 (CET/CEST)","n/e","n/e","n/e","n/e","n/e","n/e","n/e","n/e","n/e","n/e","n/e","n/e","n/e","1393","n/e","n/e","32","n/e","1","n/e","n/e","622"
"BZN|SE1","28.04.2022 12:00 - 28.04.2022 13:00 (CET/CEST)","n/e","n/e","n/e","n/e","n/e","n/e","n/e","n/e","n/e","n/e","n/e","n/e","n/e","1372","n/e","n/e","30","n/e","2","n/e","n/e","661"
"BZN|SE1","28.04.2022 13:00 - 28.04.2022 14:00 (CET/CEST)","n/e","n/e","n/e","n/e","n/e","n/e","n/e","n/e","n/e","n/e","n/e","n/e","n/e","1193","n/e","n/e","30","n/e","2","n/e","n/e","809"
"BZN|SE1","28.04.2022 14:00 - 28.04.2022 15:00 (CET/CEST)","n/e","n/e","n/e","n/e","n/e","n/e","n/e","n/e","n/e","n/e","n/e","n/e","n/e","1184","n/e","n/e","30","n/e","2","n/e","n/e","844"
"BZN|SE1","28.04.2022 15:00 - 28.04.2022 16:00 (CET/CEST)","n/e","n/e","n/e","n/e","n/e","n/e","n/e","n/e","n/e","n/e","n/e","n/e","n/e","1316","n/e","n/e","30","n/e","1","n/e","n/e","826"
"BZN|SE1","28.04.2022 16:00 - 28.04.2022 17:00 (CET/CEST)","n/e","n/e","n/e","n/e","n/e","n/e","n/e","n/e","n/e","n/e","n/e","n/e","n/e","1319","n/e","n/e","31","n/e","1","n/e","n/e","901"
"BZN|SE1","28.04.2022 17:00 - 28.04.2022 18:00 (CET/CEST)","n/e","n/e","n/e","n/e","n/e","n/e","n/e","n/e","n/e","n/e","n/e","n/e","n/e","1345","n/e","n/e","30","n/e","1","n/e","n/e","851"
"BZN|SE1","28.04.2022 18:00 - 28.04.2022 19:00 (CET/CEST)","n/e","n/e","n/e","n/e","n/e","n/e","n/e","n/e","n/e","n/e","n/e","n/e","n/e","1383","n/e","n/e","30","n/e","0","n/e","n/e","856"
"BZN|SE1","28.04.2022 19:00 - 28.04.2022 20:00 (CET/CEST)","n/e","n/e","n/e","n/e","n/e","n/e","n/e","n/e","n/e","n/e","n/e","n/e","n/e","1466","n/e","n/e","30","n/e","0","n/e","n/e","716"
"BZN|SE1","28.04.2022 20:00 - 28.04.2022 21:00 (CET/CEST)","n/e","n/e","n/e","n/e","n/e","n/e","n/e","n/e","n/e","n/e","n/e","n/e","n/e","1619","n/e","n/e","30","n/e","0","n/e","n/e","641"
"BZN|SE1","28.04.2022 21:00 - 28.04.2022 22:00 (CET/CEST)","n/e","n/e","n/e","n/e","n/e","n/e","n/e","n/e","n/e","n/e","n/e","n/e","n/e","1604","n/e","n/e","27","n/e","0","n/e","n/e","769"
"BZN|SE1","28.04.2022 22:00 - 28.04.2022 23:00 (CET/CEST)","n/e","n/e","n/e","n/e","n/e","n/e","n/e","n/e","n/e","n/e","n/e","n/e","n/e","1590","n/e","n/e","23","n/e","0","n/e","n/e","810"
"BZN|SE1","28.04.2022 23:00 - 29.04.2022 00:00 (CET/CEST)","n/e","n/e","n/e","n/e","n/e","n/e","n/e","n/e","n/e","n/e","n/e","n/e","n/e","1500","n/e","n/e","27","n/e","0","n/e","n/e","867"
"BZN|SE1","29.04.2022 00:00 - 29.04.2022 01:00 (CET/CEST)","n/e","n/e","n/e","n/e","n/e","n/e","n/e","n/e","n/e","n/e","n/e","n/e","n/e","1512","n/e","n/e","26","n/e","0","n/e","n/e","880"
"BZN|SE1","29.04.2022 01:00 - 29.04.2022 02:00 (CET/CEST)","n/e","n/e","n/e","n/e","n/e","n/e","n/e","n/e","n/e","n/e","n/e","n/e","n/e","1515","n/e","n/e","26","n/e","0","n/e","n/e","890"
"BZN|SE1","29.04.2022 02:00 - 29.04.2022 03:00 (CET/CEST)","n/e","n/e","n/e","n/e","n/e","n/e","n/e","n/e","n/e","n/e","n/e","n/e","n/e","1653","n/e","n/e","26","n/e","0","n/e","n/e","934"
"BZN|SE1","29.04.2022 03:00 - 29.04.2022 04:00 (CET/CEST)","n/e","n/e","n/e","n/e","n/e","n/e","n/e","n/e","n/e","n/e","n/e","n/e","n/e","1739","n/e","n/e","26","n/e","0","n/e","n/e","975"
"BZN|SE1","29.04.2022 04:00 - 29.04.2022 05:00 (CET/CEST)","n/e","n/e","n/e","n/e","n/e","n/e","n/e","n/e","n/e","n/e","n/e","n/e","n/e","1716","n/e","n/e","23","n/e","0","n/e","n/e","939"
"BZN|SE1","29.04.2022 05:00 - 29.04.2022 06:00 (CET/CEST)","n/e","n/e","n/e","n/e","n/e","n/e","n/e","n/e","n/e","n/e","n/e","n/e","n/e","1907","n/e","n/e","26","n/e","0","n/e","n/e","878"
"BZN|SE1","29.04.2022 06:00 - 29.04.2022 07:00 (CET/CEST)","n/e","n/e","n/e","n/e","n/e","n/e","n/e","n/e","n/e","n/e","n/e","n/e","n/e","2120","n/e","n/e","29","n/e","0","n/e","n/e","708"
"BZN|SE1","29.04.2022 07:00 - 29.04.2022 08:00 (CET/CEST)","n/e","n/e","n/e","n/e","n/e","n/e","n/e","n/e","n/e","n/e","n/e","n/e","n/e","2629","n/e","n/e","32","n/e","0","n/e","n/e","531"
"BZN|SE1","29.04.2022 08:00 - 29.04.2022 09:00 (CET/CEST)","n/e","n/e","n/e","n/e","n/e","n/e","n/e","n/e","n/e","n/e","n/e","n/e","n/e","2640","n/e","n/e","32","n/e","1","n/e","n/e","401"
"BZN|SE1","29.04.2022 09:00 - 29.04.2022 10:00 (CET/CEST)","n/e","n/e","n/e","n/e","n/e","n/e","n/e","n/e","n/e","n/e","n/e","n/e","n/e","2442","n/e","n/e","29","n/e","1","n/e","n/e","453"
"BZN|SE1","29.04.2022 10:00 - 29.04.2022 11:00 (CET/CEST)","n/e","n/e","n/e","n/e","n/e","n/e","n/e","n/e","n/e","n/e","n/e","n/e","n/e","2224","n/e","n/e","33","n/e","1","n/e","n/e","494"
"BZN|SE1","29.04.2022 11:00 - 29.04.2022 12:00 (CET/CEST)","n/e","n/e","n/e","n/e","n/e","n/e","n/e","n/e","n/e","n/e","n/e","n/e","n/e","2221","n/e","n/e","32","n/e","2","n/e","n/e","508"
"BZN|SE1","29.04.2022 12:00 - 29.04.2022 13:00 (CET/CEST)","n/e","n/e","n/e","n/e","n/e","n/e","n/e","n/e","n/e","n/e","n/e","n/e","n/e","1975","n/e","n/e","32","n/e","2","n/e","n/e","602"
"BZN|SE1","29.04.2022 13:00 - 29.04.2022 14:00 (CET/CEST)","n/e","n/e","n/e","n/e","n/e","n/e","n/e","n/e","n/e","n/e","n/e","n/e","n/e","1914","n/e","n/e","32","n/e","2","n/e","n/e","654"
"BZN|SE1","29.04.2022 14:00 - 29.04.2022 15:00 (CET/CEST)","n/e","n/e","n/e","n/e","n/e","n/e","n/e","n/e","n/e","n/e","n/e","n/e","n/e","1749","n/e","n/e","32","n/e","2","n/e","n/e","717"
"BZN|SE1","29.04.2022 15:00 - 29.04.2022 16:00 (CET/CEST)","n/e","n/e","n/e","n/e","n/e","n/e","n/e","n/e","n/e","n/e","n/e","n/e","n/e","1666","n/e","n/e","31","n/e","1","n/e","n/e","712"
"BZN|SE1","29.04.2022 16:00 - 29.04.2022 17:00 (CET/CEST)","n/e","n/e","n/e","n/e","n/e","n/e","n/e","n/e","n/e","n/e","n/e","n/e","n/e","1855","n/e","n/e","29","n/e","1","n/e","n/e","750"
"BZN|SE1","29.04.2022 17:00 - 29.04.2022 18:00 (CET/CEST)","n/e","n/e","n/e","n/e","n/e","n/e","n/e","n/e","n/e","n/e","n/e","n/e","n/e","2148","n/e","n/e","31","n/e","1","n/e","n/e","648"
"BZN|SE1","29.04.2022 18:00 - 29.04.2022 19:00 (CET/CEST)","n/e","n/e","n/e","n/e","n/e","n/e","n/e","n/e","n/e","n/e","n/e","n/e","n/e","2180","n/e","n/e","30","n/e","0","n/e","n/e","468"
"BZN|SE1","29.04.2022 19:00 - 29.04.2022 20:00 (CET/CEST)","n/e","n/e","n/e","n/e","n/e","n/e","n/e","n/e","n/e","n/e","n/e","n/e","n/e","2234","n/e","n/e","30","n/e","0","n/e","n/e","428"
"BZN|SE1","29.04.2022 20:00 - 29.04.2022 21:00 (CET/CEST)","n/e","n/e","n/e","n/e","n/e","n/e","n/e","n/e","n/e","n/e","n/e","n/e","n/e","2187","n/e","n/e","30","n/e","0","n/e","n/e","669"
"BZN|SE1","29.04.2022 21:00 - 29.04.2022 22:00 (CET/CEST)","n/e","n/e","n/e","n/e","n/e","n/e","n/e","n/e","n/e","n/e","n/e","n/e","n/e","1724","n/e","n/e","26","n/e","0","n/e","n/e","891"
"BZN|SE1","29.04.2022 22:00 - 29.04.2022 23:00 (CET/CEST)","n/e","n/e","n/e","n/e","n/e","n/e","n/e","n/e","n/e","n/e","n/e","n/e","n/e","1471","n/e","n/e","24","n/e","0","n/e","n/e","1167"
"BZN|SE1","29.04.2022 23:00 - 30.04.2022 00:00 (CET/CEST)","n/e","n/e","n/e","n/e","n/e","n/e","n/e","n/e","n/e","n/e","n/e","n/e","n/e","1357","n/e","n/e","21","n/e","0","n/e","n/e","1160"
"BZN|SE1","30.04.2022 00:00 - 30.04.2022 01:00 (CET/CEST)","n/e","n/e","n/e","n/e","n/e","n/e","n/e","n/e","n/e","n/e","n/e","n/e","n/e","1238","n/e","n/e","20","n/e","0","n/e","n/e","1352"
"BZN|SE1","30.04.2022 01:00 - 30.04.2022 02:00 (CET/CEST)","n/e","n/e","n/e","n/e","n/e","n/e","n/e","n/e","n/e","n/e","n/e","n/e","n/e","1224","n/e","n/e","20","n/e","0","n/e","n/e","1457"
"BZN|SE1","30.04.2022 02:00 - 30.04.2022 03:00 (CET/CEST)","n/e","n/e","n/e","n/e","n/e","n/e","n/e","n/e","n/e","n/e","n/e","n/e","n/e","1225","n/e","n/e","21","n/e","0","n/e","n/e","1379"
"BZN|SE1","30.04.2022 03:00 - 30.04.2022 04:00 (CET/CEST)","n/e","n/e","n/e","n/e","n/e","n/e","n/e","n/e","n/e","n/e","n/e","n/e","n/e","1229","n/e","n/e","21","n/e","0","n/e","n/e","1259"
"BZN|SE1","30.04.2022 04:00 - 30.04.2022 05:00 (CET/CEST)","n/e","n/e","n/e","n/e","n/e","n/e","n/e","n/e","n/e","n/e","n/e","n/e","n/e","1267","n/e","n/e","23","n/e","0","n/e","n/e","1162"
"BZN|SE1","30.04.2022 05:00 - 30.04.2022 06:00 (CET/CEST)","n/e","n/e","n/e","n/e","n/e","n/e","n/e","n/e","n/e","n/e","n/e","n/e","n/e","1341","n/e","n/e","22","n/e","0","n/e","n/e","949"
"BZN|SE1","30.04.2022 06:00 - 30.04.2022 07:00 (CET/CEST)","n/e","n/e","n/e","n/e","n/e","n/e","n/e","n/e","n/e","n/e","n/e","n/e","n/e","1373","n/e","n/e","25","n/e","0","n/e","n/e","735"
"BZN|SE1","30.04.2022 07:00 - 30.04.2022 08:00 (CET/CEST)","n/e","n/e","n/e","n/e","n/e","n/e","n/e","n/e","n/e","n/e","n/e","n/e","n/e","1621","n/e","n/e","28","n/e","0","n/e","n/e","521"
"BZN|SE1","30.04.2022 08:00 - 30.04.2022 09:00 (CET/CEST)","n/e","n/e","n/e","n/e","n/e","n/e","n/e","n/e","n/e","n/e","n/e","n/e","n/e","1993","n/e","n/e","25","n/e","1","n/e","n/e","282"
"BZN|SE1","30.04.2022 09:00 - 30.04.2022 10:00 (CET/CEST)","n/e","n/e","n/e","n/e","n/e","n/e","n/e","n/e","n/e","n/e","n/e","n/e","n/e","2058","n/e","n/e","27","n/e","1","n/e","n/e","286"
"BZN|SE1","30.04.2022 10:00 - 30.04.2022 11:00 (CET/CEST)","n/e","n/e","n/e","n/e","n/e","n/e","n/e","n/e","n/e","n/e","n/e","n/e","n/e","2073","n/e","n/e","27","n/e","2","n/e","n/e","189"
"BZN|SE1","30.04.2022 11:00 - 30.04.2022 12:00 (CET/CEST)","n/e","n/e","n/e","n/e","n/e","n/e","n/e","n/e","n/e","n/e","n/e","n/e","n/e","1959","n/e","n/e","27","n/e","2","n/e","n/e","202"
"BZN|SE1","30.04.2022 12:00 - 30.04.2022 13:00 (CET/CEST)","n/e","n/e","n/e","n/e","n/e","n/e","n/e","n/e","n/e","n/e","n/e","n/e","n/e","1756","n/e","n/e","24","n/e","2","n/e","n/e","149"
"BZN|SE1","30.04.2022 13:00 - 30.04.2022 14:00 (CET/CEST)","n/e","n/e","n/e","n/e","n/e","n/e","n/e","n/e","n/e","n/e","n/e","n/e","n/e","1753","n/e","n/e","24","n/e","2","n/e","n/e","105"
"BZN|SE1","30.04.2022 14:00 - 30.04.2022 15:00 (CET/CEST)","n/e","n/e","n/e","n/e","n/e","n/e","n/e","n/e","n/e","n/e","n/e","n/e","n/e","1767","n/e","n/e","24","n/e","2","n/e","n/e","86"
"BZN|SE1","30.04.2022 15:00 - 30.04.2022 16:00 (CET/CEST)","n/e","n/e","n/e","n/e","n/e","n/e","n/e","n/e","n/e","n/e","n/e","n/e","n/e","1890","n/e","n/e","25","n/e","1","n/e","n/e","75"
"BZN|SE1","30.04.2022 16:00 - 30.04.2022 17:00 (CET/CEST)","n/e","n/e","n/e","n/e","n/e","n/e","n/e","n/e","n/e","n/e","n/e","n/e","n/e","2115","n/e","n/e","30","n/e","1","n/e","n/e","66"
"BZN|SE1","30.04.2022 17:00 - 30.04.2022 18:00 (CET/CEST)","n/e","n/e","n/e","n/e","n/e","n/e","n/e","n/e","n/e","n/e","n/e","n/e","n/e","2605","n/e","n/e","30","n/e","1","n/e","n/e","133"
"BZN|SE1","30.04.2022 18:00 - 30.04.2022 19:00 (CET/CEST)","n/e","n/e","n/e","n/e","n/e","n/e","n/e","n/e","n/e","n/e","n/e","n/e","n/e","3475","n/e","n/e","29","n/e","0","n/e","n/e","128"
"BZN|SE1","30.04.2022 19:00 - 30.04.2022 20:00 (CET/CEST)","n/e","n/e","n/e","n/e","n/e","n/e","n/e","n/e","n/e","n/e","n/e","n/e","n/e","4019","n/e","n/e","31","n/e","0","n/e","n/e","149"
"BZN|SE1","30.04.2022 20:00 - 30.04.2022 21:00 (CET/CEST)","n/e","n/e","n/e","n/e","n/e","n/e","n/e","n/e","n/e","n/e","n/e","n/e","n/e","4180","n/e","n/e","31","n/e","0","n/e","n/e","203"
"BZN|SE1","30.04.2022 21:00 - 30.04.2022 22:00 (CET/CEST)","n/e","n/e","n/e","n/e","n/e","n/e","n/e","n/e","n/e","n/e","n/e","n/e","n/e","4033","n/e","n/e","29","n/e","0","n/e","n/e","239"
"BZN|SE1","30.04.2022 22:00 - 30.04.2022 23:00 (CET/CEST)","n/e","n/e","n/e","n/e","n/e","n/e","n/e","n/e","n/e","n/e","n/e","n/e","n/e","3833","n/e","n/e","29","n/e","0","n/e","n/e","281"
"BZN|SE1","30.04.2022 23:00 - 01.05.2022 00:00 (CET/CEST)","n/e","n/e","n/e","n/e","n/e","n/e","n/e","n/e","n/e","n/e","n/e","n/e","n/e","3801","n/e","n/e","29","n/e","0","n/e","n/e","303"
"BZN|SE1","01.05.2022 00:00 - 01.05.2022 01:00 (CET/CEST)","n/e","n/e","n/e","n/e","n/e","n/e","n/e","n/e","n/e","n/e","n/e","n/e","n/e","2249","n/e","n/e","23","n/e","0","n/e","n/e","127"
"BZN|SE1","01.05.2022 01:00 - 01.05.2022 02:00 (CET/CEST)","n/e","n/e","n/e","n/e","n/e","n/e","n/e","n/e","n/e","n/e","n/e","n/e","n/e","2267","n/e","n/e","23","n/e","0","n/e","n/e","148"
"BZN|SE1","01.05.2022 02:00 - 01.05.2022 03:00 (CET/CEST)","n/e","n/e","n/e","n/e","n/e","n/e","n/e","n/e","n/e","n/e","n/e","n/e","n/e","2270","n/e","n/e","23","n/e","0","n/e","n/e","204"
"BZN|SE1","01.05.2022 03:00 - 01.05.2022 04:00 (CET/CEST)","n/e","n/e","n/e","n/e","n/e","n/e","n/e","n/e","n/e","n/e","n/e","n/e","n/e","2281","n/e","n/e","24","n/e","0","n/e","n/e","295"
"BZN|SE1","01.05.2022 04:00 - 01.05.2022 05:00 (CET/CEST)","n/e","n/e","n/e","n/e","n/e","n/e","n/e","n/e","n/e","n/e","n/e","n/e","n/e","2266","n/e","n/e","26","n/e","0","n/e","n/e","286"
"BZN|SE1","01.05.2022 05:00 - 01.05.2022 06:00 (CET/CEST)","n/e","n/e","n/e","n/e","n/e","n/e","n/e","n/e","n/e","n/e","n/e","n/e","n/e","2363","n/e","n/e","29","n/e","0","n/e","n/e","230"
"BZN|SE1","01.05.2022 06:00 - 01.05.2022 07:00 (CET/CEST)","n/e","n/e","n/e","n/e","n/e","n/e","n/e","n/e","n/e","n/e","n/e","n/e","n/e","2674","n/e","n/e","31","n/e","0","n/e","n/e","132"
"BZN|SE1","01.05.2022 07:00 - 01.05.2022 08:00 (CET/CEST)","n/e","n/e","n/e","n/e","n/e","n/e","n/e","n/e","n/e","n/e","n/e","n/e","n/e","2910","n/e","n/e","31","n/e","0","n/e","n/e","120"
"BZN|SE1","01.05.2022 08:00 - 01.05.2022 09:00 (CET/CEST)","n/e","n/e","n/e","n/e","n/e","n/e","n/e","n/e","n/e","n/e","n/e","n/e","n/e","3018","n/e","n/e","34","n/e","1","n/e","n/e","134"
"BZN|SE1","01.05.2022 09:00 - 01.05.2022 10:00 (CET/CEST)","n/e","n/e","n/e","n/e","n/e","n/e","n/e","n/e","n/e","n/e","n/e","n/e","n/e","3004","n/e","n/e","34","n/e","2","n/e","n/e","113"
"BZN|SE1","01.05.2022 10:00 - 01.05.2022 11:00 (CET/CEST)","n/e","n/e","n/e","n/e","n/e","n/e","n/e","n/e","n/e","n/e","n/e","n/e","n/e","2960","n/e","n/e","35","n/e","2","n/e","n/e","144"
"BZN|SE1","01.05.2022 11:00 - 01.05.2022 12:00 (CET/CEST)","n/e","n/e","n/e","n/e","n/e","n/e","n/e","n/e","n/e","n/e","n/e","n/e","n/e","2619","n/e","n/e","37","n/e","3","n/e","n/e","165"
"BZN|SE1","01.05.2022 12:00 - 01.05.2022 13:00 (CET/CEST)","n/e","n/e","n/e","n/e","n/e","n/e","n/e","n/e","n/e","n/e","n/e","n/e","n/e","2306","n/e","n/e","37","n/e","2","n/e","n/e","224"
"BZN|SE1","01.05.2022 13:00 - 01.05.2022 14:00 (CET/CEST)","n/e","n/e","n/e","n/e","n/e","n/e","n/e","n/e","n/e","n/e","n/e","n/e","n/e","2114","n/e","n/e","35","n/e","2","n/e","n/e","307"
"BZN|SE1","01.05.2022 14:00 - 01.05.2022 15:00 (CET/CEST)","n/e","n/e","n/e","n/e","n/e","n/e","n/e","n/e","n/e","n/e","n/e","n/e","n/e","1872","n/e","n/e","35","n/e","2","n/e","n/e","449"
"BZN|SE1","01.05.2022 15:00 - 01.05.2022 16:00 (CET/CEST)","n/e","n/e","n/e","n/e","n/e","n/e","n/e","n/e","n/e","n/e","n/e","n/e","n/e","1692","n/e","n/e","34","n/e","1","n/e","n/e","605"
"BZN|SE1","01.05.2022 16:00 - 01.05.2022 17:00 (CET/CEST)","n/e","n/e","n/e","n/e","n/e","n/e","n/e","n/e","n/e","n/e","n/e","n/e","n/e","1692","n/e","n/e","34","n/e","0","n/e","n/e","745"
"BZN|SE1","01.05.2022 17:00 - 01.05.2022 18:00 (CET/CEST)","n/e","n/e","n/e","n/e","n/e","n/e","n/e","n/e","n/e","n/e","n/e","n/e","n/e","1729","n/e","n/e","35","n/e","0","n/e","n/e","858"
"BZN|SE1","01.05.2022 18:00 - 01.05.2022 19:00 (CET/CEST)","n/e","n/e","n/e","n/e","n/e","n/e","n/e","n/e","n/e","n/e","n/e","n/e","n/e","1796","n/e","n/e","28","n/e","0","n/e","n/e","1015"
"BZN|SE1","01.05.2022 19:00 - 01.05.2022 20:00 (CET/CEST)","n/e","n/e","n/e","n/e","n/e","n/e","n/e","n/e","n/e","n/e","n/e","n/e","n/e","1749","n/e","n/e","24","n/e","0","n/e","n/e","1091"
"BZN|SE1","01.05.2022 20:00 - 01.05.2022 21:00 (CET/CEST)","n/e","n/e","n/e","n/e","n/e","n/e","n/e","n/e","n/e","n/e","n/e","n/e","n/e","1603","n/e","n/e","22","n/e","0","n/e","n/e","1141"
"BZN|SE1","01.05.2022 21:00 - 01.05.2022 22:00 (CET/CEST)","n/e","n/e","n/e","n/e","n/e","n/e","n/e","n/e","n/e","n/e","n/e","n/e","n/e","1381","n/e","n/e","21","n/e","0","n/e","n/e","1306"
"BZN|SE1","01.05.2022 22:00 - 01.05.2022 23:00 (CET/CEST)","n/e","n/e","n/e","n/e","n/e","n/e","n/e","n/e","n/e","n/e","n/e","n/e","n/e","1214","n/e","n/e","19","n/e","0","n/e","n/e","1427"
"BZN|SE1","01.05.2022 23:00 - 02.05.2022 00:00 (CET/CEST)","n/e","n/e","n/e","n/e","n/e","n/e","n/e","n/e","n/e","n/e","n/e","n/e","n/e","1193","n/e","n/e","18","n/e","0","n/e","n/e","1466"
"BZN|SE1","02.05.2022 00:00 - 02.05.2022 01:00 (CET/CEST)","n/e","n/e","n/e","n/e","n/e","n/e","n/e","n/e","n/e","n/e","n/e","n/e","n/e","1154","n/e","n/e","15","n/e","0","n/e","n/e","1528"
"BZN|SE1","02.05.2022 01:00 - 02.05.2022 02:00 (CET/CEST)","n/e","n/e","n/e","n/e","n/e","n/e","n/e","n/e","n/e","n/e","n/e","n/e","n/e","947","n/e","n/e","16","n/e","0","n/e","n/e","1561"
"BZN|SE1","02.05.2022 02:00 - 02.05.2022 03:00 (CET/CEST)","n/e","n/e","n/e","n/e","n/e","n/e","n/e","n/e","n/e","n/e","n/e","n/e","n/e","838","n/e","n/e","16","n/e","0","n/e","n/e","1562"
"BZN|SE1","02.05.2022 03:00 - 02.05.2022 04:00 (CET/CEST)","n/e","n/e","n/e","n/e","n/e","n/e","n/e","n/e","n/e","n/e","n/e","n/e","n/e","809","n/e","n/e","16","n/e","0","n/e","n/e","1605"
"BZN|SE1","02.05.2022 04:00 - 02.05.2022 05:00 (CET/CEST)","n/e","n/e","n/e","n/e","n/e","n/e","n/e","n/e","n/e","n/e","n/e","n/e","n/e","810","n/e","n/e","16","n/e","0","n/e","n/e","1619"
"BZN|SE1","02.05.2022 05:00 - 02.05.2022 06:00 (CET/CEST)","n/e","n/e","n/e","n/e","n/e","n/e","n/e","n/e","n/e","n/e","n/e","n/e","n/e","832","n/e","n/e","16","n/e","0","n/e","n/e","1537"
"BZN|SE1","02.05.2022 06:00 - 02.05.2022 07:00 (CET/CEST)","n/e","n/e","n/e","n/e","n/e","n/e","n/e","n/e","n/e","n/e","n/e","n/e","n/e","819","n/e","n/e","16","n/e","0","n/e","n/e","1164"
"BZN|SE1","02.05.2022 07:00 - 02.05.2022 08:00 (CET/CEST)","n/e","n/e","n/e","n/e","n/e","n/e","n/e","n/e","n/e","n/e","n/e","n/e","n/e","856","n/e","n/e","16","n/e","0","n/e","n/e","1161"
"BZN|SE1","02.05.2022 08:00 - 02.05.2022 09:00 (CET/CEST)","n/e","n/e","n/e","n/e","n/e","n/e","n/e","n/e","n/e","n/e","n/e","n/e","n/e","839","n/e","n/e","16","n/e","1","n/e","n/e","1149"
"BZN|SE1","02.05.2022 09:00 - 02.05.2022 10:00 (CET/CEST)","n/e","n/e","n/e","n/e","n/e","n/e","n/e","n/e","n/e","n/e","n/e","n/e","n/e","872","n/e","n/e","16","n/e","1","n/e","n/e","1151"
"BZN|SE1","02.05.2022 10:00 - 02.05.2022 11:00 (CET/CEST)","n/e","n/e","n/e","n/e","n/e","n/e","n/e","n/e","n/e","n/e","n/e","n/e","n/e","802","n/e","n/e","16","n/e","2","n/e","n/e","1127"
"BZN|SE1","02.05.2022 11:00 - 02.05.2022 12:00 (CET/CEST)","n/e","n/e","n/e","n/e","n/e","n/e","n/e","n/e","n/e","n/e","n/e","n/e","n/e","823","n/e","n/e","17","n/e","2","n/e","n/e","1110"
"BZN|SE1","02.05.2022 12:00 - 02.05.2022 13:00 (CET/CEST)","n/e","n/e","n/e","n/e","n/e","n/e","n/e","n/e","n/e","n/e","n/e","n/e","n/e","830","n/e","n/e","16","n/e","2","n/e","n/e","1029"
"BZN|SE1","02.05.2022 13:00 - 02.05.2022 14:00 (CET/CEST)","n/e","n/e","n/e","n/e","n/e","n/e","n/e","n/e","n/e","n/e","n/e","n/e","n/e","791","n/e","n/e","16","n/e","2","n/e","n/e","1054"
"BZN|SE1","02.05.2022 14:00 - 02.05.2022 15:00 (CET/CEST)","n/e","n/e","n/e","n/e","n/e","n/e","n/e","n/e","n/e","n/e","n/e","n/e","n/e","776","n/e","n/e","17","n/e","1","n/e","n/e","1078"
"BZN|SE1","02.05.2022 15:00 - 02.05.2022 16:00 (CET/CEST)","n/e","n/e","n/e","n/e","n/e","n/e","n/e","n/e","n/e","n/e","n/e","n/e","n/e","757","n/e","n/e","16","n/e","1","n/e","n/e","1098"
"BZN|SE1","02.05.2022 16:00 - 02.05.2022 17:00 (CET/CEST)","n/e","n/e","n/e","n/e","n/e","n/e","n/e","n/e","n/e","n/e","n/e","n/e","n/e","754","n/e","n/e","14","n/e","1","n/e","n/e","1154"
"BZN|SE1","02.05.2022 17:00 - 02.05.2022 18:00 (CET/CEST)","n/e","n/e","n/e","n/e","n/e","n/e","n/e","n/e","n/e","n/e","n/e","n/e","n/e","775","n/e","n/e","14","n/e","1","n/e","n/e","1217"
"BZN|SE1","02.05.2022 18:00 - 02.05.2022 19:00 (CET/CEST)","n/e","n/e","n/e","n/e","n/e","n/e","n/e","n/e","n/e","n/e","n/e","n/e","n/e","739","n/e","n/e","14","n/e","0","n/e","n/e","1203"
"BZN|SE1","02.05.2022 19:00 - 02.05.2022 20:00 (CET/CEST)","n/e","n/e","n/e","n/e","n/e","n/e","n/e","n/e","n/e","n/e","n/e","n/e","n/e","735","n/e","n/e","13","n/e","0","n/e","n/e","1217"
"BZN|SE1","02.05.2022 20:00 - 02.05.2022 21:00 (CET/CEST)","n/e","n/e","n/e","n/e","n/e","n/e","n/e","n/e","n/e","n/e","n/e","n/e","n/e","734","n/e","n/e","13","n/e","0","n/e","n/e","1175"
"BZN|SE1","02.05.2022 21:00 - 02.05.2022 22:00 (CET/CEST)","n/e","n/e","n/e","n/e","n/e","n/e","n/e","n/e","n/e","n/e","n/e","n/e","n/e","727","n/e","n/e","13","n/e","0","n/e","n/e","1240"
"BZN|SE1","02.05.2022 22:00 - 02.05.2022 23:00 (CET/CEST)","n/e","n/e","n/e","n/e","n/e","n/e","n/e","n/e","n/e","n/e","n/e","n/e","n/e","733","n/e","n/e","14","n/e","0","n/e","n/e","1235"
"BZN|SE1","02.05.2022 23:00 - 03.05.2022 00:00 (CET/CEST)","n/e","n/e","n/e","n/e","n/e","n/e","n/e","n/e","n/e","n/e","n/e","n/e","n/e","736","n/e","n/e","14","n/e","0","n/e","n/e","1250"
"BZN|SE1","03.05.2022 00:00 - 03.05.2022 01:00 (CET/CEST)","n/e","n/e","n/e","n/e","n/e","n/e","n/e","n/e","n/e","n/e","n/e","n/e","n/e","754","n/e","n/e","17","n/e","0","n/e","n/e","1652"
"BZN|SE1","03.05.2022 01:00 - 03.05.2022 02:00 (CET/CEST)","n/e","n/e","n/e","n/e","n/e","n/e","n/e","n/e","n/e","n/e","n/e","n/e","n/e","761","n/e","n/e","17","n/e","0","n/e","n/e","1667"
"BZN|SE1","03.05.2022 02:00 - 03.05.2022 03:00 (CET/CEST)","n/e","n/e","n/e","n/e","n/e","n/e","n/e","n/e","n/e","n/e","n/e","n/e","n/e","752","n/e","n/e","18","n/e","0","n/e","n/e","1679"
"BZN|SE1","03.05.2022 03:00 - 03.05.2022 04:00 (CET/CEST)","n/e","n/e","n/e","n/e","n/e","n/e","n/e","n/e","n/e","n/e","n/e","n/e","n/e","775","n/e","n/e","18","n/e","0","n/e","n/e","1651"
"BZN|SE1","03.05.2022 04:00 - 03.05.2022 05:00 (CET/CEST)","n/e","n/e","n/e","n/e","n/e","n/e","n/e","n/e","n/e","n/e","n/e","n/e","n/e","770","n/e","n/e","18","n/e","0","n/e","n/e","1665"
"BZN|SE1","03.05.2022 05:00 - 03.05.2022 06:00 (CET/CEST)","n/e","n/e","n/e","n/e","n/e","n/e","n/e","n/e","n/e","n/e","n/e","n/e","n/e","741","n/e","n/e","21","n/e","0","n/e","n/e","1617"
"BZN|SE1","03.05.2022 06:00 - 03.05.2022 07:00 (CET/CEST)","n/e","n/e","n/e","n/e","n/e","n/e","n/e","n/e","n/e","n/e","n/e","n/e","n/e","783","n/e","n/e","21","n/e","0","n/e","n/e","1586"
"BZN|SE1","03.05.2022 07:00 - 03.05.2022 08:00 (CET/CEST)","n/e","n/e","n/e","n/e","n/e","n/e","n/e","n/e","n/e","n/e","n/e","n/e","n/e","758","n/e","n/e","20","n/e","1","n/e","n/e","1528"
"BZN|SE1","03.05.2022 08:00 - 03.05.2022 09:00 (CET/CEST)","n/e","n/e","n/e","n/e","n/e","n/e","n/e","n/e","n/e","n/e","n/e","n/e","n/e","777","n/e","n/e","20","n/e","1","n/e","n/e","1514"
"BZN|SE1","03.05.2022 09:00 - 03.05.2022 10:00 (CET/CEST)","n/e","n/e","n/e","n/e","n/e","n/e","n/e","n/e","n/e","n/e","n/e","n/e","n/e","785","n/e","n/e","16","n/e","2","n/e","n/e","1561"
"BZN|SE1","03.05.2022 10:00 - 03.05.2022 11:00 (CET/CEST)","n/e","n/e","n/e","n/e","n/e","n/e","n/e","n/e","n/e","n/e","n/e","n/e","n/e","786","n/e","n/e","17","n/e","2","n/e","n/e","1637"
"BZN|SE1","03.05.2022 11:00 - 03.05.2022 12:00 (CET/CEST)","n/e","n/e","n/e","n/e","n/e","n/e","n/e","n/e","n/e","n/e","n/e","n/e","n/e","789","n/e","n/e","18","n/e","3","n/e","n/e","1537"
"BZN|SE1","03.05.2022 12:00 - 03.05.2022 13:00 (CET/CEST)","n/e","n/e","n/e","n/e","n/e","n/e","n/e","n/e","n/e","n/e","n/e","n/e","n/e","793","n/e","n/e","17","n/e","3","n/e","n/e","1364"
"BZN|SE1","03.05.2022 13:00 - 03.05.2022 14:00 (CET/CEST)","n/e","n/e","n/e","n/e","n/e","n/e","n/e","n/e","n/e","n/e","n/e","n/e","n/e","787","n/e","n/e","19","n/e","2","n/e","n/e","1255"
"BZN|SE1","03.05.2022 14:00 - 03.05.2022 15:00 (CET/CEST)","n/e","n/e","n/e","n/e","n/e","n/e","n/e","n/e","n/e","n/e","n/e","n/e","n/e","790","n/e","n/e","20","n/e","2","n/e","n/e","1157"
"BZN|SE1","03.05.2022 15:00 - 03.05.2022 16:00 (CET/CEST)","n/e","n/e","n/e","n/e","n/e","n/e","n/e","n/e","n/e","n/e","n/e","n/e","n/e","795","n/e","n/e","19","n/e","1","n/e","n/e","986"
"BZN|SE1","03.05.2022 16:00 - 03.05.2022 17:00 (CET/CEST)","n/e","n/e","n/e","n/e","n/e","n/e","n/e","n/e","n/e","n/e","n/e","n/e","n/e","805","n/e","n/e","18","n/e","1","n/e","n/e","852"
"BZN|SE1","03.05.2022 17:00 - 03.05.2022 18:00 (CET/CEST)","n/e","n/e","n/e","n/e","n/e","n/e","n/e","n/e","n/e","n/e","n/e","n/e","n/e","897","n/e","n/e","19","n/e","0","n/e","n/e","758"
"BZN|SE1","03.05.2022 18:00 - 03.05.2022 19:00 (CET/CEST)","n/e","n/e","n/e","n/e","n/e","n/e","n/e","n/e","n/e","n/e","n/e","n/e","n/e","999","n/e","n/e","18","n/e","0","n/e","n/e","638"
"BZN|SE1","03.05.2022 19:00 - 03.05.2022 20:00 (CET/CEST)","n/e","n/e","n/e","n/e","n/e","n/e","n/e","n/e","n/e","n/e","n/e","n/e","n/e","1438","n/e","n/e","18","n/e","0","n/e","n/e","509"
"BZN|SE1","03.05.2022 20:00 - 03.05.2022 21:00 (CET/CEST)","n/e","n/e","n/e","n/e","n/e","n/e","n/e","n/e","n/e","n/e","n/e","n/e","n/e","1460","n/e","n/e","19","n/e","0","n/e","n/e","515"
"BZN|SE1","03.05.2022 21:00 - 03.05.2022 22:00 (CET/CEST)","n/e","n/e","n/e","n/e","n/e","n/e","n/e","n/e","n/e","n/e","n/e","n/e","n/e","1564","n/e","n/e","22","n/e","0","n/e","n/e","509"
"BZN|SE1","03.05.2022 22:00 - 03.05.2022 23:00 (CET/CEST)","n/e","n/e","n/e","n/e","n/e","n/e","n/e","n/e","n/e","n/e","n/e","n/e","n/e","1487","n/e","n/e","29","n/e","0","n/e","n/e","553"
"BZN|SE1","03.05.2022 23:00 - 04.05.2022 00:00 (CET/CEST)","n/e","n/e","n/e","n/e","n/e","n/e","n/e","n/e","n/e","n/e","n/e","n/e","n/e","1397","n/e","n/e","34","n/e","0","n/e","n/e","707"
"BZN|SE1","04.05.2022 00:00 - 04.05.2022 01:00 (CET/CEST)","n/e","n/e","n/e","n/e","n/e","n/e","n/e","n/e","n/e","n/e","n/e","n/e","n/e","1344","n/e","n/e","32","n/e","0","n/e","n/e","832"
"BZN|SE1","04.05.2022 01:00 - 04.05.2022 02:00 (CET/CEST)","n/e","n/e","n/e","n/e","n/e","n/e","n/e","n/e","n/e","n/e","n/e","n/e","n/e","1360","n/e","n/e","33","n/e","0","n/e","n/e","909"
"BZN|SE1","04.05.2022 02:00 - 04.05.2022 03:00 (CET/CEST)","n/e","n/e","n/e","n/e","n/e","n/e","n/e","n/e","n/e","n/e","n/e","n/e","n/e","1467","n/e","n/e","33","n/e","0","n/e","n/e","849"
"BZN|SE1","04.05.2022 03:00 - 04.05.2022 04:00 (CET/CEST)","n/e","n/e","n/e","n/e","n/e","n/e","n/e","n/e","n/e","n/e","n/e","n/e","n/e","1521","n/e","n/e","33","n/e","0","n/e","n/e","770"
"BZN|SE1","04.05.2022 04:00 - 04.05.2022 05:00 (CET/CEST)","n/e","n/e","n/e","n/e","n/e","n/e","n/e","n/e","n/e","n/e","n/e","n/e","n/e","1775","n/e","n/e","37","n/e","0","n/e","n/e","720"
"BZN|SE1","04.05.2022 05:00 - 04.05.2022 06:00 (CET/CEST)","n/e","n/e","n/e","n/e","n/e","n/e","n/e","n/e","n/e","n/e","n/e","n/e","n/e","2024","n/e","n/e","41","n/e","0","n/e","n/e","604"
"BZN|SE1","04.05.2022 06:00 - 04.05.2022 07:00 (CET/CEST)","n/e","n/e","n/e","n/e","n/e","n/e","n/e","n/e","n/e","n/e","n/e","n/e","n/e","2602","n/e","n/e","42","n/e","0","n/e","n/e","470"
"BZN|SE1","04.05.2022 07:00 - 04.05.2022 08:00 (CET/CEST)","n/e","n/e","n/e","n/e","n/e","n/e","n/e","n/e","n/e","n/e","n/e","n/e","n/e","2779","n/e","n/e","41","n/e","1","n/e","n/e","311"
"BZN|SE1","04.05.2022 08:00 - 04.05.2022 09:00 (CET/CEST)","n/e","n/e","n/e","n/e","n/e","n/e","n/e","n/e","n/e","n/e","n/e","n/e","n/e","2923","n/e","n/e","41","n/e","1","n/e","n/e","232"
"BZN|SE1","04.05.2022 09:00 - 04.05.2022 10:00 (CET/CEST)","n/e","n/e","n/e","n/e","n/e","n/e","n/e","n/e","n/e","n/e","n/e","n/e","n/e","2935","n/e","n/e","40","n/e","2","n/e","n/e","213"
"BZN|SE1","04.05.2022 10:00 - 04.05.2022 11:00 (CET/CEST)","n/e","n/e","n/e","n/e","n/e","n/e","n/e","n/e","n/e","n/e","n/e","n/e","n/e","2855","n/e","n/e","41","n/e","2","n/e","n/e","255"
"BZN|SE1","04.05.2022 11:00 - 04.05.2022 12:00 (CET/CEST)","n/e","n/e","n/e","n/e","n/e","n/e","n/e","n/e","n/e","n/e","n/e","n/e","n/e","2804","n/e","n/e","41","n/e","3","n/e","n/e","282"
"BZN|SE1","04.05.2022 12:00 - 04.05.2022 13:00 (CET/CEST)","n/e","n/e","n/e","n/e","n/e","n/e","n/e","n/e","n/e","n/e","n/e","n/e","n/e","2715","n/e","n/e","38","n/e","3","n/e","n/e","308"
"BZN|SE1","04.05.2022 13:00 - 04.05.2022 14:00 (CET/CEST)","n/e","n/e","n/e","n/e","n/e","n/e","n/e","n/e","n/e","n/e","n/e","n/e","n/e","2322","n/e","n/e","40","n/e","2","n/e","n/e","290"
"BZN|SE1","04.05.2022 14:00 - 04.05.2022 15:00 (CET/CEST)","n/e","n/e","n/e","n/e","n/e","n/e","n/e","n/e","n/e","n/e","n/e","n/e","n/e","2522","n/e","n/e","40","n/e","2","n/e","n/e","282"
"BZN|SE1","04.05.2022 15:00 - 04.05.2022 16:00 (CET/CEST)","n/e","n/e","n/e","n/e","n/e","n/e","n/e","n/e","n/e","n/e","n/e","n/e","n/e","2502","n/e","n/e","39","n/e","1","n/e","n/e","258"
"BZN|SE1","04.05.2022 16:00 - 04.05.2022 17:00 (CET/CEST)","n/e","n/e","n/e","n/e","n/e","n/e","n/e","n/e","n/e","n/e","n/e","n/e","n/e","2510","n/e","n/e","40","n/e","1","n/e","n/e","233"
"BZN|SE1","04.05.2022 17:00 - 04.05.2022 18:00 (CET/CEST)","n/e","n/e","n/e","n/e","n/e","n/e","n/e","n/e","n/e","n/e","n/e","n/e","n/e","2496","n/e","n/e","40","n/e","0","n/e","n/e","200"
"BZN|SE1","04.05.2022 18:00 - 04.05.2022 19:00 (CET/CEST)","n/e","n/e","n/e","n/e","n/e","n/e","n/e","n/e","n/e","n/e","n/e","n/e","n/e","2523","n/e","n/e","40","n/e","0","n/e","n/e","146"
"BZN|SE1","04.05.2022 19:00 - 04.05.2022 20:00 (CET/CEST)","n/e","n/e","n/e","n/e","n/e","n/e","n/e","n/e","n/e","n/e","n/e","n/e","n/e","2531","n/e","n/e","39","n/e","0","n/e","n/e","99"
"BZN|SE1","04.05.2022 20:00 - 04.05.2022 21:00 (CET/CEST)","n/e","n/e","n/e","n/e","n/e","n/e","n/e","n/e","n/e","n/e","n/e","n/e","n/e","2614","n/e","n/e","39","n/e","0","n/e","n/e","68"
"BZN|SE1","04.05.2022 21:00 - 04.05.2022 22:00 (CET/CEST)","n/e","n/e","n/e","n/e","n/e","n/e","n/e","n/e","n/e","n/e","n/e","n/e","n/e","2845","n/e","n/e","37","n/e","0","n/e","n/e","51"
"BZN|SE1","04.05.2022 22:00 - 04.05.2022 23:00 (CET/CEST)","n/e","n/e","n/e","n/e","n/e","n/e","n/e","n/e","n/e","n/e","n/e","n/e","n/e","2786","n/e","n/e","25","n/e","0","n/e","n/e","67"
"BZN|SE1","04.05.2022 23:00 - 05.05.2022 00:00 (CET/CEST)","n/e","n/e","n/e","n/e","n/e","n/e","n/e","n/e","n/e","n/e","n/e","n/e","n/e","2700","n/e","n/e","25","n/e","0","n/e","n/e","128"
"BZN|SE1","05.05.2022 00:00 - 05.05.2022 01:00 (CET/CEST)","n/e","n/e","n/e","n/e","n/e","n/e","n/e","n/e","n/e","n/e","n/e","n/e","n/e","2525","n/e","n/e","25","n/e","0","n/e","n/e","208"
"BZN|SE1","05.05.2022 01:00 - 05.05.2022 02:00 (CET/CEST)","n/e","n/e","n/e","n/e","n/e","n/e","n/e","n/e","n/e","n/e","n/e","n/e","n/e","2269","n/e","n/e","26","n/e","0","n/e","n/e","347"
"BZN|SE1","05.05.2022 02:00 - 05.05.2022 03:00 (CET/CEST)","n/e","n/e","n/e","n/e","n/e","n/e","n/e","n/e","n/e","n/e","n/e","n/e","n/e","2262","n/e","n/e","26","n/e","0","n/e","n/e","349"
"BZN|SE1","05.05.2022 03:00 - 05.05.2022 04:00 (CET/CEST)","n/e","n/e","n/e","n/e","n/e","n/e","n/e","n/e","n/e","n/e","n/e","n/e","n/e","2316","n/e","n/e","32","n/e","0","n/e","n/e","356"
"BZN|SE1","05.05.2022 04:00 - 05.05.2022 05:00 (CET/CEST)","n/e","n/e","n/e","n/e","n/e","n/e","n/e","n/e","n/e","n/e","n/e","n/e","n/e","2371","n/e","n/e","39","n/e","0","n/e","n/e","420"
"BZN|SE1","05.05.2022 05:00 - 05.05.2022 06:00 (CET/CEST)","n/e","n/e","n/e","n/e","n/e","n/e","n/e","n/e","n/e","n/e","n/e","n/e","n/e","2545","n/e","n/e","39","n/e","0","n/e","n/e","513"
"BZN|SE1","05.05.2022 06:00 - 05.05.2022 07:00 (CET/CEST)","n/e","n/e","n/e","n/e","n/e","n/e","n/e","n/e","n/e","n/e","n/e","n/e","n/e","2859","n/e","n/e","39","n/e","0","n/e","n/e","459"
"BZN|SE1","05.05.2022 07:00 - 05.05.2022 08:00 (CET/CEST)","n/e","n/e","n/e","n/e","n/e","n/e","n/e","n/e","n/e","n/e","n/e","n/e","n/e","2934","n/e","n/e","38","n/e","0","n/e","n/e","348"
"BZN|SE1","05.05.2022 08:00 - 05.05.2022 09:00 (CET/CEST)","n/e","n/e","n/e","n/e","n/e","n/e","n/e","n/e","n/e","n/e","n/e","n/e","n/e","2929","n/e","n/e","38","n/e","0","n/e","n/e","321"
"BZN|SE1","05.05.2022 09:00 - 05.05.2022 10:00 (CET/CEST)","n/e","n/e","n/e","n/e","n/e","n/e","n/e","n/e","n/e","n/e","n/e","n/e","n/e","2928","n/e","n/e","38","n/e","0","n/e","n/e","355"
"BZN|SE1","05.05.2022 10:00 - 05.05.2022 11:00 (CET/CEST)","n/e","n/e","n/e","n/e","n/e","n/e","n/e","n/e","n/e","n/e","n/e","n/e","n/e","2944","n/e","n/e","38","n/e","0","n/e","n/e","454"
"BZN|SE1","05.05.2022 11:00 - 05.05.2022 12:00 (CET/CEST)","n/e","n/e","n/e","n/e","n/e","n/e","n/e","n/e","n/e","n/e","n/e","n/e","n/e","2809","n/e","n/e","38","n/e","0","n/e","n/e","579"
"BZN|SE1","05.05.2022 12:00 - 05.05.2022 13:00 (CET/CEST)","n/e","n/e","n/e","n/e","n/e","n/e","n/e","n/e","n/e","n/e","n/e","n/e","n/e","2697","n/e","n/e","38","n/e","1","n/e","n/e","628"
"BZN|SE1","05.05.2022 13:00 - 05.05.2022 14:00 (CET/CEST)","n/e","n/e","n/e","n/e","n/e","n/e","n/e","n/e","n/e","n/e","n/e","n/e","n/e","2573","n/e","n/e","31","n/e","1","n/e","n/e","718"
"BZN|SE1","05.05.2022 14:00 - 05.05.2022 15:00 (CET/CEST)","n/e","n/e","n/e","n/e","n/e","n/e","n/e","n/e","n/e","n/e","n/e","n/e","n/e","2261","n/e","n/e","21","n/e","1","n/e","n/e","747"
"BZN|SE1","05.05.2022 15:00 - 05.05.2022 16:00 (CET/CEST)","n/e","n/e","n/e","n/e","n/e","n/e","n/e","n/e","n/e","n/e","n/e","n/e","n/e","2086","n/e","n/e","17","n/e","1","n/e","n/e","881"
"BZN|SE1","05.05.2022 16:00 - 05.05.2022 17:00 (CET/CEST)","n/e","n/e","n/e","n/e","n/e","n/e","n/e","n/e","n/e","n/e","n/e","n/e","n/e","1893","n/e","n/e","17","n/e","0","n/e","n/e","1019"
"BZN|SE1","05.05.2022 17:00 - 05.05.2022 18:00 (CET/CEST)","n/e","n/e","n/e","n/e","n/e","n/e","n/e","n/e","n/e","n/e","n/e","n/e","n/e","1703","n/e","n/e","17","n/e","0","n/e","n/e","1084"
"BZN|SE1","05.05.2022 18:00 - 05.05.2022 19:00 (CET/CEST)","n/e","n/e","n/e","n/e","n/e","n/e","n/e","n/e","n/e","n/e","n/e","n/e","n/e","1716","n/e","n/e","17","n/e","0","n/e","n/e","1024"
"BZN|SE1","05.05.2022 19:00 - 05.05.2022 20:00 (CET/CEST)","n/e","n/e","n/e","n/e","n/e","n/e","n/e","n/e","n/e","n/e","n/e","n/e","n/e","1719","n/e","n/e","17","n/e","0","n/e","n/e","1022"
"BZN|SE1","05.05.2022 20:00 - 05.05.2022 21:00 (CET/CEST)","n/e","n/e","n/e","n/e","n/e","n/e","n/e","n/e","n/e","n/e","n/e","n/e","n/e","1709","n/e","n/e","17","n/e","0","n/e","n/e","990"
"BZN|SE1","05.05.2022 21:00 - 05.05.2022 22:00 (CET/CEST)","n/e","n/e","n/e","n/e","n/e","n/e","n/e","n/e","n/e","n/e","n/e","n/e","n/e","1603","n/e","n/e","17","n/e","0","n/e","n/e","1202"
"BZN|SE1","05.05.2022 22:00 - 05.05.2022 23:00 (CET/CEST)","n/e","n/e","n/e","n/e","n/e","n/e","n/e","n/e","n/e","n/e","n/e","n/e","n/e","1428","n/e","n/e","17","n/e","0","n/e","n/e","1276"
"BZN|SE1","05.05.2022 23:00 - 06.05.2022 00:00 (CET/CEST)","n/e","n/e","n/e","n/e","n/e","n/e","n/e","n/e","n/e","n/e","n/e","n/e","n/e","1106","n/e","n/e","17","n/e","0","n/e","n/e","1307"
"BZN|SE1","06.05.2022 00:00 - 06.05.2022 01:00 (CET/CEST)","n/e","n/e","n/e","n/e","n/e","n/e","n/e","n/e","n/e","n/e","n/e","n/e","n/e","888","n/e","n/e","14","n/e","0","n/e","n/e","1309"
"BZN|SE1","06.05.2022 01:00 - 06.05.2022 02:00 (CET/CEST)","n/e","n/e","n/e","n/e","n/e","n/e","n/e","n/e","n/e","n/e","n/e","n/e","n/e","891","n/e","n/e","14","n/e","0","n/e","n/e","1354"
"BZN|SE1","06.05.2022 02:00 - 06.05.2022 03:00 (CET/CEST)","n/e","n/e","n/e","n/e","n/e","n/e","n/e","n/e","n/e","n/e","n/e","n/e","n/e","1011","n/e","n/e","15","n/e","0","n/e","n/e","1391"
"BZN|SE1","06.05.2022 03:00 - 06.05.2022 04:00 (CET/CEST)","n/e","n/e","n/e","n/e","n/e","n/e","n/e","n/e","n/e","n/e","n/e","n/e","n/e","1143","n/e","n/e","15","n/e","0","n/e","n/e","1288"
"BZN|SE1","06.05.2022 04:00 - 06.05.2022 05:00 (CET/CEST)","n/e","n/e","n/e","n/e","n/e","n/e","n/e","n/e","n/e","n/e","n/e","n/e","n/e","1375","n/e","n/e","15","n/e","0","n/e","n/e","1209"
"BZN|SE1","06.05.2022 05:00 - 06.05.2022 06:00 (CET/CEST)","n/e","n/e","n/e","n/e","n/e","n/e","n/e","n/e","n/e","n/e","n/e","n/e","n/e","1791","n/e","n/e","15","n/e","0","n/e","n/e","923"
"BZN|SE1","06.05.2022 06:00 - 06.05.2022 07:00 (CET/CEST)","n/e","n/e","n/e","n/e","n/e","n/e","n/e","n/e","n/e","n/e","n/e","n/e","n/e","2045","n/e","n/e","15","n/e","0","n/e","n/e","742"
"BZN|SE1","06.05.2022 07:00 - 06.05.2022 08:00 (CET/CEST)","n/e","n/e","n/e","n/e","n/e","n/e","n/e","n/e","n/e","n/e","n/e","n/e","n/e","2550","n/e","n/e","15","n/e","1","n/e","n/e","544"
"BZN|SE1","06.05.2022 08:00 - 06.05.2022 09:00 (CET/CEST)","n/e","n/e","n/e","n/e","n/e","n/e","n/e","n/e","n/e","n/e","n/e","n/e","n/e","2641","n/e","n/e","15","n/e","1","n/e","n/e","501"
"BZN|SE1","06.05.2022 09:00 - 06.05.2022 10:00 (CET/CEST)","n/e","n/e","n/e","n/e","n/e","n/e","n/e","n/e","n/e","n/e","n/e","n/e","n/e","2465","n/e","n/e","15","n/e","2","n/e","n/e","553"
"BZN|SE1","06.05.2022 10:00 - 06.05.2022 11:00 (CET/CEST)","n/e","n/e","n/e","n/e","n/e","n/e","n/e","n/e","n/e","n/e","n/e","n/e","n/e","2174","n/e","n/e","16","n/e","2","n/e","n/e","727"
"BZN|SE1","06.05.2022 11:00 - 06.05.2022 12:00 (CET/CEST)","n/e","n/e","n/e","n/e","n/e","n/e","n/e","n/e","n/e","n/e","n/e","n/e","n/e","2020","n/e","n/e","16","n/e","3","n/e","n/e","852"
"BZN|SE1","06.05.2022 12:00 - 06.05.2022 13:00 (CET/CEST)","n/e","n/e","n/e","n/e","n/e","n/e","n/e","n/e","n/e","n/e","n/e","n/e","n/e","1762","n/e","n/e","15","n/e","3","n/e","n/e","936"
"BZN|SE1","06.05.2022 13:00 - 06.05.2022 14:00 (CET/CEST)","n/e","n/e","n/e","n/e","n/e","n/e","n/e","n/e","n/e","n/e","n/e","n/e","n/e","1458","n/e","n/e","15","n/e","3","n/e","n/e","1108"
"BZN|SE1","06.05.2022 14:00 - 06.05.2022 15:00 (CET/CEST)","n/e","n/e","n/e","n/e","n/e","n/e","n/e","n/e","n/e","n/e","n/e","n/e","n/e","1273","n/e","n/e","15","n/e","2","n/e","n/e","1156"
"BZN|SE1","06.05.2022 15:00 - 06.05.2022 16:00 (CET/CEST)","n/e","n/e","n/e","n/e","n/e","n/e","n/e","n/e","n/e","n/e","n/e","n/e","n/e","1126","n/e","n/e","14","n/e","2","n/e","n/e","1151"
"BZN|SE1","06.05.2022 16:00 - 06.05.2022 17:00 (CET/CEST)","n/e","n/e","n/e","n/e","n/e","n/e","n/e","n/e","n/e","n/e","n/e","n/e","n/e","1035","n/e","n/e","15","n/e","1","n/e","n/e","1135"
"BZN|SE1","06.05.2022 17:00 - 06.05.2022 18:00 (CET/CEST)","n/e","n/e","n/e","n/e","n/e","n/e","n/e","n/e","n/e","n/e","n/e","n/e","n/e","1000","n/e","n/e","15","n/e","1","n/e","n/e","1175"
"BZN|SE1","06.05.2022 18:00 - 06.05.2022 19:00 (CET/CEST)","n/e","n/e","n/e","n/e","n/e","n/e","n/e","n/e","n/e","n/e","n/e","n/e","n/e","978","n/e","n/e","14","n/e","0","n/e","n/e","1233"
"BZN|SE1","06.05.2022 19:00 - 06.05.2022 20:00 (CET/CEST)","n/e","n/e","n/e","n/e","n/e","n/e","n/e","n/e","n/e","n/e","n/e","n/e","n/e","872","n/e","n/e","14","n/e","0","n/e","n/e","1191"
"BZN|SE1","06.05.2022 20:00 - 06.05.2022 21:00 (CET/CEST)","n/e","n/e","n/e","n/e","n/e","n/e","n/e","n/e","n/e","n/e","n/e","n/e","n/e","900","n/e","n/e","14","n/e","0","n/e","n/e","1377"
"BZN|SE1","06.05.2022 21:00 - 06.05.2022 22:00 (CET/CEST)","n/e","n/e","n/e","n/e","n/e","n/e","n/e","n/e","n/e","n/e","n/e","n/e","n/e","894","n/e","n/e","14","n/e","0","n/e","n/e","1529"
"BZN|SE1","06.05.2022 22:00 - 06.05.2022 23:00 (CET/CEST)","n/e","n/e","n/e","n/e","n/e","n/e","n/e","n/e","n/e","n/e","n/e","n/e","n/e","891","n/e","n/e","15","n/e","0","n/e","n/e","1704"
"BZN|SE1","06.05.2022 23:00 - 07.05.2022 00:00 (CET/CEST)","n/e","n/e","n/e","n/e","n/e","n/e","n/e","n/e","n/e","n/e","n/e","n/e","n/e","890","n/e","n/e","15","n/e","0","n/e","n/e","1645"
"BZN|SE1","07.05.2022 00:00 - 07.05.2022 01:00 (CET/CEST)","n/e","n/e","n/e","n/e","n/e","n/e","n/e","n/e","n/e","n/e","n/e","n/e","n/e","563","n/e","n/e","14","n/e","0","n/e","n/e","1488"
"BZN|SE1","07.05.2022 01:00 - 07.05.2022 02:00 (CET/CEST)","n/e","n/e","n/e","n/e","n/e","n/e","n/e","n/e","n/e","n/e","n/e","n/e","n/e","474","n/e","n/e","14","n/e","0","n/e","n/e","1472"
"BZN|SE1","07.05.2022 02:00 - 07.05.2022 03:00 (CET/CEST)","n/e","n/e","n/e","n/e","n/e","n/e","n/e","n/e","n/e","n/e","n/e","n/e","n/e","430","n/e","n/e","14","n/e","0","n/e","n/e","1658"
"BZN|SE1","07.05.2022 03:00 - 07.05.2022 04:00 (CET/CEST)","n/e","n/e","n/e","n/e","n/e","n/e","n/e","n/e","n/e","n/e","n/e","n/e","n/e","394","n/e","n/e","14","n/e","0","n/e","n/e","1612"
"BZN|SE1","07.05.2022 04:00 - 07.05.2022 05:00 (CET/CEST)","n/e","n/e","n/e","n/e","n/e","n/e","n/e","n/e","n/e","n/e","n/e","n/e","n/e","392","n/e","n/e","14","n/e","0","n/e","n/e","1501"
"BZN|SE1","07.05.2022 05:00 - 07.05.2022 06:00 (CET/CEST)","n/e","n/e","n/e","n/e","n/e","n/e","n/e","n/e","n/e","n/e","n/e","n/e","n/e","470","n/e","n/e","14","n/e","0","n/e","n/e","1409"
"BZN|SE1","07.05.2022 06:00 - 07.05.2022 07:00 (CET/CEST)","n/e","n/e","n/e","n/e","n/e","n/e","n/e","n/e","n/e","n/e","n/e","n/e","n/e","476","n/e","n/e","14","n/e","0","n/e","n/e","1343"
"BZN|SE1","07.05.2022 07:00 - 07.05.2022 08:00 (CET/CEST)","n/e","n/e","n/e","n/e","n/e","n/e","n/e","n/e","n/e","n/e","n/e","n/e","n/e","497","n/e","n/e","14","n/e","0","n/e","n/e","1371"
"BZN|SE1","07.05.2022 08:00 - 07.05.2022 09:00 (CET/CEST)","n/e","n/e","n/e","n/e","n/e","n/e","n/e","n/e","n/e","n/e","n/e","n/e","n/e","481","n/e","n/e","15","n/e","1","n/e","n/e","1361"
"BZN|SE1","07.05.2022 09:00 - 07.05.2022 10:00 (CET/CEST)","n/e","n/e","n/e","n/e","n/e","n/e","n/e","n/e","n/e","n/e","n/e","n/e","n/e","468","n/e","n/e","15","n/e","1","n/e","n/e","1443"
"BZN|SE1","07.05.2022 10:00 - 07.05.2022 11:00 (CET/CEST)","n/e","n/e","n/e","n/e","n/e","n/e","n/e","n/e","n/e","n/e","n/e","n/e","n/e","510","n/e","n/e","14","n/e","2","n/e","n/e","1531"
"BZN|SE1","07.05.2022 11:00 - 07.05.2022 12:00 (CET/CEST)","n/e","n/e","n/e","n/e","n/e","n/e","n/e","n/e","n/e","n/e","n/e","n/e","n/e","458","n/e","n/e","15","n/e","2","n/e","n/e","1576"
"BZN|SE1","07.05.2022 12:00 - 07.05.2022 13:00 (CET/CEST)","n/e","n/e","n/e","n/e","n/e","n/e","n/e","n/e","n/e","n/e","n/e","n/e","n/e","458","n/e","n/e","15","n/e","3","n/e","n/e","1761"
"BZN|SE1","07.05.2022 13:00 - 07.05.2022 14:00 (CET/CEST)","n/e","n/e","n/e","n/e","n/e","n/e","n/e","n/e","n/e","n/e","n/e","n/e","n/e","527","n/e","n/e","15","n/e","3","n/e","n/e","1785"
"BZN|SE1","07.05.2022 14:00 - 07.05.2022 15:00 (CET/CEST)","n/e","n/e","n/e","n/e","n/e","n/e","n/e","n/e","n/e","n/e","n/e","n/e","n/e","525","n/e","n/e","15","n/e","3","n/e","n/e","1763"
"BZN|SE1","07.05.2022 15:00 - 07.05.2022 16:00 (CET/CEST)","n/e","n/e","n/e","n/e","n/e","n/e","n/e","n/e","n/e","n/e","n/e","n/e","n/e","520","n/e","n/e","15","n/e","2","n/e","n/e","1704"
"BZN|SE1","07.05.2022 16:00 - 07.05.2022 17:00 (CET/CEST)","n/e","n/e","n/e","n/e","n/e","n/e","n/e","n/e","n/e","n/e","n/e","n/e","n/e","518","n/e","n/e","15","n/e","2","n/e","n/e","1662"
"BZN|SE1","07.05.2022 17:00 - 07.05.2022 18:00 (CET/CEST)","n/e","n/e","n/e","n/e","n/e","n/e","n/e","n/e","n/e","n/e","n/e","n/e","n/e","517","n/e","n/e","15","n/e","1","n/e","n/e","1593"
"BZN|SE1","07.05.2022 18:00 - 07.05.2022 19:00 (CET/CEST)","n/e","n/e","n/e","n/e","n/e","n/e","n/e","n/e","n/e","n/e","n/e","n/e","n/e","543","n/e","n/e","14","n/e","1","n/e","n/e","1482"
"BZN|SE1","07.05.2022 19:00 - 07.05.2022 20:00 (CET/CEST)","n/e","n/e","n/e","n/e","n/e","n/e","n/e","n/e","n/e","n/e","n/e","n/e","n/e","563","n/e","n/e","14","n/e","0","n/e","n/e","1367"
"BZN|SE1","07.05.2022 20:00 - 07.05.2022 21:00 (CET/CEST)","n/e","n/e","n/e","n/e","n/e","n/e","n/e","n/e","n/e","n/e","n/e","n/e","n/e","562","n/e","n/e","14","n/e","0","n/e","n/e","1355"
"BZN|SE1","07.05.2022 21:00 - 07.05.2022 22:00 (CET/CEST)","n/e","n/e","n/e","n/e","n/e","n/e","n/e","n/e","n/e","n/e","n/e","n/e","n/e","561","n/e","n/e","14","n/e","0","n/e","n/e","1268"
"BZN|SE1","07.05.2022 22:00 - 07.05.2022 23:00 (CET/CEST)","n/e","n/e","n/e","n/e","n/e","n/e","n/e","n/e","n/e","n/e","n/e","n/e","n/e","524","n/e","n/e","14","n/e","0","n/e","n/e","1378"
"BZN|SE1","07.05.2022 23:00 - 08.05.2022 00:00 (CET/CEST)","n/e","n/e","n/e","n/e","n/e","n/e","n/e","n/e","n/e","n/e","n/e","n/e","n/e","454","n/e","n/e","14","n/e","0","n/e","n/e","1522"
"BZN|SE1","08.05.2022 00:00 - 08.05.2022 01:00 (CET/CEST)","n/e","n/e","n/e","n/e","n/e","n/e","n/e","n/e","n/e","n/e","n/e","n/e","n/e","636","n/e","n/e","14","n/e","0","n/e","n/e","1465"
"BZN|SE1","08.05.2022 01:00 - 08.05.2022 02:00 (CET/CEST)","n/e","n/e","n/e","n/e","n/e","n/e","n/e","n/e","n/e","n/e","n/e","n/e","n/e","585","n/e","n/e","14","n/e","0","n/e","n/e","1411"
"BZN|SE1","08.05.2022 02:00 - 08.05.2022 03:00 (CET/CEST)","n/e","n/e","n/e","n/e","n/e","n/e","n/e","n/e","n/e","n/e","n/e","n/e","n/e","589","n/e","n/e","14","n/e","0","n/e","n/e","1346"
"BZN|SE1","08.05.2022 03:00 - 08.05.2022 04:00 (CET/CEST)","n/e","n/e","n/e","n/e","n/e","n/e","n/e","n/e","n/e","n/e","n/e","n/e","n/e","658","n/e","n/e","14","n/e","0","n/e","n/e","1427"
"BZN|SE1","08.05.2022 04:00 - 08.05.2022 05:00 (CET/CEST)","n/e","n/e","n/e","n/e","n/e","n/e","n/e","n/e","n/e","n/e","n/e","n/e","n/e","721","n/e","n/e","14","n/e","0","n/e","n/e","1430"
"BZN|SE1","08.05.2022 05:00 - 08.05.2022 06:00 (CET/CEST)","n/e","n/e","n/e","n/e","n/e","n/e","n/e","n/e","n/e","n/e","n/e","n/e","n/e","737","n/e","n/e","14","n/e","0","n/e","n/e","1368"
"BZN|SE1","08.05.2022 06:00 - 08.05.2022 07:00 (CET/CEST)","n/e","n/e","n/e","n/e","n/e","n/e","n/e","n/e","n/e","n/e","n/e","n/e","n/e","873","n/e","n/e","17","n/e","0","n/e","n/e","1259"
"BZN|SE1","08.05.2022 07:00 - 08.05.2022 08:00 (CET/CEST)","n/e","n/e","n/e","n/e","n/e","n/e","n/e","n/e","n/e","n/e","n/e","n/e","n/e","865","n/e","n/e","18","n/e","1","n/e","n/e","1201"
"BZN|SE1","08.05.2022 08:00 - 08.05.2022 09:00 (CET/CEST)","n/e","n/e","n/e","n/e","n/e","n/e","n/e","n/e","n/e","n/e","n/e","n/e","n/e","868","n/e","n/e","18","n/e","2","n/e","n/e","1187"
"BZN|SE1","08.05.2022 09:00 - 08.05.2022 10:00 (CET/CEST)","n/e","n/e","n/e","n/e","n/e","n/e","n/e","n/e","n/e","n/e","n/e","n/e","n/e","799","n/e","n/e","18","n/e","2","n/e","n/e","1133"
"BZN|SE1","08.05.2022 10:00 - 08.05.2022 11:00 (CET/CEST)","n/e","n/e","n/e","n/e","n/e","n/e","n/e","n/e","n/e","n/e","n/e","n/e","n/e","901","n/e","n/e","18","n/e","3","n/e","n/e","1094"
"BZN|SE1","08.05.2022 11:00 - 08.05.2022 12:00 (CET/CEST)","n/e","n/e","n/e","n/e","n/e","n/e","n/e","n/e","n/e","n/e","n/e","n/e","n/e","901","n/e","n/e","18","n/e","3","n/e","n/e","1077"
"BZN|SE1","08.05.2022 12:00 - 08.05.2022 13:00 (CET/CEST)","n/e","n/e","n/e","n/e","n/e","n/e","n/e","n/e","n/e","n/e","n/e","n/e","n/e","994","n/e","n/e","18","n/e","3","n/e","n/e","1072"
"BZN|SE1","08.05.2022 13:00 - 08.05.2022 14:00 (CET/CEST)","n/e","n/e","n/e","n/e","n/e","n/e","n/e","n/e","n/e","n/e","n/e","n/e","n/e","993","n/e","n/e","18","n/e","3","n/e","n/e","1056"
"BZN|SE1","08.05.2022 14:00 - 08.05.2022 15:00 (CET/CEST)","n/e","n/e","n/e","n/e","n/e","n/e","n/e","n/e","n/e","n/e","n/e","n/e","n/e","1174","n/e","n/e","18","n/e","3","n/e","n/e","1040"
"BZN|SE1","08.05.2022 15:00 - 08.05.2022 16:00 (CET/CEST)","n/e","n/e","n/e","n/e","n/e","n/e","n/e","n/e","n/e","n/e","n/e","n/e","n/e","1192","n/e","n/e","21","n/e","2","n/e","n/e","1047"
"BZN|SE1","08.05.2022 16:00 - 08.05.2022 17:00 (CET/CEST)","n/e","n/e","n/e","n/e","n/e","n/e","n/e","n/e","n/e","n/e","n/e","n/e","n/e","1196","n/e","n/e","21","n/e","2","n/e","n/e","1049"
"BZN|SE1","08.05.2022 17:00 - 08.05.2022 18:00 (CET/CEST)","n/e","n/e","n/e","n/e","n/e","n/e","n/e","n/e","n/e","n/e","n/e","n/e","n/e","1421","n/e","n/e","21","n/e","1","n/e","n/e","971"
"BZN|SE1","08.05.2022 18:00 - 08.05.2022 19:00 (CET/CEST)","n/e","n/e","n/e","n/e","n/e","n/e","n/e","n/e","n/e","n/e","n/e","n/e","n/e","1645","n/e","n/e","20","n/e","1","n/e","n/e","825"
"BZN|SE1","08.05.2022 19:00 - 08.05.2022 20:00 (CET/CEST)","n/e","n/e","n/e","n/e","n/e","n/e","n/e","n/e","n/e","n/e","n/e","n/e","n/e","1982","n/e","n/e","20","n/e","0","n/e","n/e","718"
"BZN|SE1","08.05.2022 20:00 - 08.05.2022 21:00 (CET/CEST)","n/e","n/e","n/e","n/e","n/e","n/e","n/e","n/e","n/e","n/e","n/e","n/e","n/e","2281","n/e","n/e","20","n/e","0","n/e","n/e","702"
"BZN|SE1","08.05.2022 21:00 - 08.05.2022 22:00 (CET/CEST)","n/e","n/e","n/e","n/e","n/e","n/e","n/e","n/e","n/e","n/e","n/e","n/e","n/e","2270","n/e","n/e","20","n/e","0","n/e","n/e","785"
"BZN|SE1","08.05.2022 22:00 - 08.05.2022 23:00 (CET/CEST)","n/e","n/e","n/e","n/e","n/e","n/e","n/e","n/e","n/e","n/e","n/e","n/e","n/e","2072","n/e","n/e","20","n/e","0","n/e","n/e","887"
"BZN|SE1","08.05.2022 23:00 - 09.05.2022 00:00 (CET/CEST)","n/e","n/e","n/e","n/e","n/e","n/e","n/e","n/e","n/e","n/e","n/e","n/e","n/e","1993","n/e","n/e","20","n/e","0","n/e","n/e","895"
"BZN|SE1","09.05.2022 00:00 - 09.05.2022 01:00 (CET/CEST)","n/e","n/e","n/e","n/e","n/e","n/e","n/e","n/e","n/e","n/e","n/e","n/e","n/e","1997","n/e","n/e","23","n/e","0","n/e","n/e","780"
"BZN|SE1","09.05.2022 01:00 - 09.05.2022 02:00 (CET/CEST)","n/e","n/e","n/e","n/e","n/e","n/e","n/e","n/e","n/e","n/e","n/e","n/e","n/e","1983","n/e","n/e","23","n/e","0","n/e","n/e","728"
"BZN|SE1","09.05.2022 02:00 - 09.05.2022 03:00 (CET/CEST)","n/e","n/e","n/e","n/e","n/e","n/e","n/e","n/e","n/e","n/e","n/e","n/e","n/e","2018","n/e","n/e","23","n/e","0","n/e","n/e","780"
"BZN|SE1","09.05.2022 03:00 - 09.05.2022 04:00 (CET/CEST)","n/e","n/e","n/e","n/e","n/e","n/e","n/e","n/e","n/e","n/e","n/e","n/e","n/e","1999","n/e","n/e","23","n/e","0","n/e","n/e","723"
"BZN|SE1","09.05.2022 04:00 - 09.05.2022 05:00 (CET/CEST)","n/e","n/e","n/e","n/e","n/e","n/e","n/e","n/e","n/e","n/e","n/e","n/e","n/e","1971","n/e","n/e","26","n/e","0","n/e","n/e","914"
"BZN|SE1","09.05.2022 05:00 - 09.05.2022 06:00 (CET/CEST)","n/e","n/e","n/e","n/e","n/e","n/e","n/e","n/e","n/e","n/e","n/e","n/e","n/e","2142","n/e","n/e","31","n/e","0","n/e","n/e","994"
"BZN|SE1","09.05.2022 06:00 - 09.05.2022 07:00 (CET/CEST)","n/e","n/e","n/e","n/e","n/e","n/e","n/e","n/e","n/e","n/e","n/e","n/e","n/e","2530","n/e","n/e","31","n/e","0","n/e","n/e","922"
"BZN|SE1","09.05.2022 07:00 - 09.05.2022 08:00 (CET/CEST)","n/e","n/e","n/e","n/e","n/e","n/e","n/e","n/e","n/e","n/e","n/e","n/e","n/e","2862","n/e","n/e","31","n/e","1","n/e","n/e","694"
"BZN|SE1","09.05.2022 08:00 - 09.05.2022 09:00 (CET/CEST)","n/e","n/e","n/e","n/e","n/e","n/e","n/e","n/e","n/e","n/e","n/e","n/e","n/e","2836","n/e","n/e","35","n/e","1","n/e","n/e","510"
"BZN|SE1","09.05.2022 09:00 - 09.05.2022 10:00 (CET/CEST)","n/e","n/e","n/e","n/e","n/e","n/e","n/e","n/e","n/e","n/e","n/e","n/e","n/e","2811","n/e","n/e","35","n/e","2","n/e","n/e","477"
"BZN|SE1","09.05.2022 10:00 - 09.05.2022 11:00 (CET/CEST)","n/e","n/e","n/e","n/e","n/e","n/e","n/e","n/e","n/e","n/e","n/e","n/e","n/e","2825","n/e","n/e","33","n/e","2","n/e","n/e","480"
"BZN|SE1","09.05.2022 11:00 - 09.05.2022 12:00 (CET/CEST)","n/e","n/e","n/e","n/e","n/e","n/e","n/e","n/e","n/e","n/e","n/e","n/e","n/e","2649","n/e","n/e","31","n/e","2","n/e","n/e","640"
"BZN|SE1","09.05.2022 12:00 - 09.05.2022 13:00 (CET/CEST)","n/e","n/e","n/e","n/e","n/e","n/e","n/e","n/e","n/e","n/e","n/e","n/e","n/e","2577","n/e","n/e","27","n/e","2","n/e","n/e","806"
"BZN|SE1","09.05.2022 13:00 - 09.05.2022 14:00 (CET/CEST)","n/e","n/e","n/e","n/e","n/e","n/e","n/e","n/e","n/e","n/e","n/e","n/e","n/e","2382","n/e","n/e","25","n/e","2","n/e","n/e","978"
"BZN|SE1","09.05.2022 14:00 - 09.05.2022 15:00 (CET/CEST)","n/e","n/e","n/e","n/e","n/e","n/e","n/e","n/e","n/e","n/e","n/e","n/e","n/e","2152","n/e","n/e","22","n/e","1","n/e","n/e","1084"
"BZN|SE1","09.05.2022 15:00 - 09.05.2022 16:00 (CET/CEST)","n/e","n/e","n/e","n/e","n/e","n/e","n/e","n/e","n/e","n/e","n/e","n/e","n/e","2011","n/e","n/e","18","n/e","1","n/e","n/e","1142"
"BZN|SE1","09.05.2022 16:00 - 09.05.2022 17:00 (CET/CEST)","n/e","n/e","n/e","n/e","n/e","n/e","n/e","n/e","n/e","n/e","n/e","n/e","n/e","1876","n/e","n/e","21","n/e","0","n/e","n/e","1279"
"BZN|SE1","09.05.2022 17:00 - 09.05.2022 18:00 (CET/CEST)","n/e","n/e","n/e","n/e","n/e","n/e","n/e","n/e","n/e","n/e","n/e","n/e","n/e","1918","n/e","n/e","20","n/e","0","n/e","n/e","1295"
"BZN|SE1","09.05.2022 18:00 - 09.05.2022 19:00 (CET/CEST)","n/e","n/e","n/e","n/e","n/e","n/e","n/e","n/e","n/e","n/e","n/e","n/e","n/e","1829","n/e","n/e","20","n/e","0","n/e","n/e","1271"
"BZN|SE1","09.05.2022 19:00 - 09.05.2022 20:00 (CET/CEST)","n/e","n/e","n/e","n/e","n/e","n/e","n/e","n/e","n/e","n/e","n/e","n/e","n/e","1739","n/e","n/e","20","n/e","0","n/e","n/e","1370"
"BZN|SE1","09.05.2022 20:00 - 09.05.2022 21:00 (CET/CEST)","n/e","n/e","n/e","n/e","n/e","n/e","n/e","n/e","n/e","n/e","n/e","n/e","n/e","1509","n/e","n/e","19","n/e","0","n/e","n/e","1486"
"BZN|SE1","09.05.2022 21:00 - 09.05.2022 22:00 (CET/CEST)","n/e","n/e","n/e","n/e","n/e","n/e","n/e","n/e","n/e","n/e","n/e","n/e","n/e","1237","n/e","n/e","19","n/e","0","n/e","n/e","1552"
"BZN|SE1","09.05.2022 22:00 - 09.05.2022 23:00 (CET/CEST)","n/e","n/e","n/e","n/e","n/e","n/e","n/e","n/e","n/e","n/e","n/e","n/e","n/e","1167","n/e","n/e","16","n/e","0","n/e","n/e","1543"
"BZN|SE1","09.05.2022 23:00 - 10.05.2022 00:00 (CET/CEST)","n/e","n/e","n/e","n/e","n/e","n/e","n/e","n/e","n/e","n/e","n/e","n/e","n/e","1002","n/e","n/e","16","n/e","0","n/e","n/e","1569"
"BZN|SE1","10.05.2022 00:00 - 10.05.2022 01:00 (CET/CEST)","n/e","n/e","n/e","n/e","n/e","n/e","n/e","n/e","n/e","n/e","n/e","n/e","n/e","917","n/e","n/e","15","n/e","0","n/e","n/e","1438"
"BZN|SE1","10.05.2022 01:00 - 10.05.2022 02:00 (CET/CEST)","n/e","n/e","n/e","n/e","n/e","n/e","n/e","n/e","n/e","n/e","n/e","n/e","n/e","747","n/e","n/e","15","n/e","0","n/e","n/e","1287"
"BZN|SE1","10.05.2022 02:00 - 10.05.2022 03:00 (CET/CEST)","n/e","n/e","n/e","n/e","n/e","n/e","n/e","n/e","n/e","n/e","n/e","n/e","n/e","732","n/e","n/e","15","n/e","0","n/e","n/e","1056"
"BZN|SE1","10.05.2022 03:00 - 10.05.2022 04:00 (CET/CEST)","n/e","n/e","n/e","n/e","n/e","n/e","n/e","n/e","n/e","n/e","n/e","n/e","n/e","735","n/e","n/e","15","n/e","0","n/e","n/e","917"
"BZN|SE1","10.05.2022 04:00 - 10.05.2022 05:00 (CET/CEST)","n/e","n/e","n/e","n/e","n/e","n/e","n/e","n/e","n/e","n/e","n/e","n/e","n/e","808","n/e","n/e","15","n/e","0","n/e","n/e","701"
"BZN|SE1","10.05.2022 05:00 - 10.05.2022 06:00 (CET/CEST)","n/e","n/e","n/e","n/e","n/e","n/e","n/e","n/e","n/e","n/e","n/e","n/e","n/e","808","n/e","n/e","15","n/e","0","n/e","n/e","483"
"BZN|SE1","10.05.2022 06:00 - 10.05.2022 07:00 (CET/CEST)","n/e","n/e","n/e","n/e","n/e","n/e","n/e","n/e","n/e","n/e","n/e","n/e","n/e","1209","n/e","n/e","15","n/e","0","n/e","n/e","343"
"BZN|SE1","10.05.2022 07:00 - 10.05.2022 08:00 (CET/CEST)","n/e","n/e","n/e","n/e","n/e","n/e","n/e","n/e","n/e","n/e","n/e","n/e","n/e","1479","n/e","n/e","15","n/e","0","n/e","n/e","261"
"BZN|SE1","10.05.2022 08:00 - 10.05.2022 09:00 (CET/CEST)","n/e","n/e","n/e","n/e","n/e","n/e","n/e","n/e","n/e","n/e","n/e","n/e","n/e","1508","n/e","n/e","19","n/e","1","n/e","n/e","232"
"BZN|SE1","10.05.2022 09:00 - 10.05.2022 10:00 (CET/CEST)","n/e","n/e","n/e","n/e","n/e","n/e","n/e","n/e","n/e","n/e","n/e","n/e","n/e","1468","n/e","n/e","19","n/e","1","n/e","n/e","245"
"BZN|SE1","10.05.2022 10:00 - 10.05.2022 11:00 (CET/CEST)","n/e","n/e","n/e","n/e","n/e","n/e","n/e","n/e","n/e","n/e","n/e","n/e","n/e","1281","n/e","n/e","18","n/e","1","n/e","n/e","362"
"BZN|SE1","10.05.2022 11:00 - 10.05.2022 12:00 (CET/CEST)","n/e","n/e","n/e","n/e","n/e","n/e","n/e","n/e","n/e","n/e","n/e","n/e","n/e","1228","n/e","n/e","18","n/e","1","n/e","n/e","430"
"BZN|SE1","10.05.2022 12:00 - 10.05.2022 13:00 (CET/CEST)","n/e","n/e","n/e","n/e","n/e","n/e","n/e","n/e","n/e","n/e","n/e","n/e","n/e","1062","n/e","n/e","16","n/e","2","n/e","n/e","444"
"BZN|SE1","10.05.2022 13:00 - 10.05.2022 14:00 (CET/CEST)","n/e","n/e","n/e","n/e","n/e","n/e","n/e","n/e","n/e","n/e","n/e","n/e","n/e","946","n/e","n/e","17","n/e","2","n/e","n/e","492"
"BZN|SE1","10.05.2022 14:00 - 10.05.2022 15:00 (CET/CEST)","n/e","n/e","n/e","n/e","n/e","n/e","n/e","n/e","n/e","n/e","n/e","n/e","n/e","905","n/e","n/e","17","n/e","2","n/e","n/e","581"
"BZN|SE1","10.05.2022 15:00 - 10.05.2022 16:00 (CET/CEST)","n/e","n/e","n/e","n/e","n/e","n/e","n/e","n/e","n/e","n/e","n/e","n/e","n/e","923","n/e","n/e","17","n/e","2","n/e","n/e","630"
"BZN|SE1","10.05.2022 16:00 - 10.05.2022 17:00 (CET/CEST)","n/e","n/e","n/e","n/e","n/e","n/e","n/e","n/e","n/e","n/e","n/e","n/e","n/e","1006","n/e","n/e","16","n/e","1","n/e","n/e","657"
"BZN|SE1","10.05.2022 17:00 - 10.05.2022 18:00 (CET/CEST)","n/e","n/e","n/e","n/e","n/e","n/e","n/e","n/e","n/e","n/e","n/e","n/e","n/e","1122","n/e","n/e","15","n/e","1","n/e","n/e","565"
"BZN|SE1","10.05.2022 18:00 - 10.05.2022 19:00 (CET/CEST)","n/e","n/e","n/e","n/e","n/e","n/e","n/e","n/e","n/e","n/e","n/e","n/e","n/e","1353","n/e","n/e","17","n/e","0","n/e","n/e","481"
"BZN|SE1","10.05.2022 19:00 - 10.05.2022 20:00 (CET/CEST)","n/e","n/e","n/e","n/e","n/e","n/e","n/e","n/e","n/e","n/e","n/e","n/e","n/e","1492","n/e","n/e","16","n/e","0","n/e","n/e","630"
"BZN|SE1","10.05.2022 20:00 - 10.05.2022 21:00 (CET/CEST)","n/e","n/e","n/e","n/e","n/e","n/e","n/e","n/e","n/e","n/e","n/e","n/e","n/e","1526","n/e","n/e","16","n/e","0","n/e","n/e","703"
"BZN|SE1","10.05.2022 21:00 - 10.05.2022 22:00 (CET/CEST)","n/e","n/e","n/e","n/e","n/e","n/e","n/e","n/e","n/e","n/e","n/e","n/e","n/e","1614","n/e","n/e","16","n/e","0","n/e","n/e","784"
"BZN|SE1","10.05.2022 22:00 - 10.05.2022 23:00 (CET/CEST)","n/e","n/e","n/e","n/e","n/e","n/e","n/e","n/e","n/e","n/e","n/e","n/e","n/e","1520","n/e","n/e","16","n/e","0","n/e","n/e","787"
"BZN|SE1","10.05.2022 23:00 - 11.05.2022 00:00 (CET/CEST)","n/e","n/e","n/e","n/e","n/e","n/e","n/e","n/e","n/e","n/e","n/e","n/e","n/e","1123","n/e","n/e","14","n/e","0","n/e","n/e","680"
"BZN|SE1","11.05.2022 00:00 - 11.05.2022 01:00 (CET/CEST)","n/e","n/e","n/e","n/e","n/e","n/e","n/e","n/e","n/e","n/e","n/e","n/e","n/e","997","n/e","n/e","12","n/e","0","n/e","n/e","649"
"BZN|SE1","11.05.2022 01:00 - 11.05.2022 02:00 (CET/CEST)","n/e","n/e","n/e","n/e","n/e","n/e","n/e","n/e","n/e","n/e","n/e","n/e","n/e","949","n/e","n/e","12","n/e","0","n/e","n/e","617"
"BZN|SE1","11.05.2022 02:00 - 11.05.2022 03:00 (CET/CEST)","n/e","n/e","n/e","n/e","n/e","n/e","n/e","n/e","n/e","n/e","n/e","n/e","n/e","886","n/e","n/e","12","n/e","0","n/e","n/e","549"
"BZN|SE1","11.05.2022 03:00 - 11.05.2022 04:00 (CET/CEST)","n/e","n/e","n/e","n/e","n/e","n/e","n/e","n/e","n/e","n/e","n/e","n/e","n/e","864","n/e","n/e","12","n/e","0","n/e","n/e","412"
"BZN|SE1","11.05.2022 04:00 - 11.05.2022 05:00 (CET/CEST)","n/e","n/e","n/e","n/e","n/e","n/e","n/e","n/e","n/e","n/e","n/e","n/e","n/e","927","n/e","n/e","12","n/e","0","n/e","n/e","298"
"BZN|SE1","11.05.2022 05:00 - 11.05.2022 06:00 (CET/CEST)","n/e","n/e","n/e","n/e","n/e","n/e","n/e","n/e","n/e","n/e","n/e","n/e","n/e","1052","n/e","n/e","12","n/e","0","n/e","n/e","234"
"BZN|SE1","11.05.2022 06:00 - 11.05.2022 07:00 (CET/CEST)","n/e","n/e","n/e","n/e","n/e","n/e","n/e","n/e","n/e","n/e","n/e","n/e","n/e","1990","n/e","n/e","13","n/e","0","n/e","n/e","234"
"BZN|SE1","11.05.2022 07:00 - 11.05.2022 08:00 (CET/CEST)","n/e","n/e","n/e","n/e","n/e","n/e","n/e","n/e","n/e","n/e","n/e","n/e","n/e","2078","n/e","n/e","13","n/e","0","n/e","n/e","260"
"BZN|SE1","11.05.2022 08:00 - 11.05.2022 09:00 (CET/CEST)","n/e","n/e","n/e","n/e","n/e","n/e","n/e","n/e","n/e","n/e","n/e","n/e","n/e","2071","n/e","n/e","15","n/e","0","n/e","n/e","274"
"BZN|SE1","11.05.2022 09:00 - 11.05.2022 10:00 (CET/CEST)","n/e","n/e","n/e","n/e","n/e","n/e","n/e","n/e","n/e","n/e","n/e","n/e","n/e","1940","n/e","n/e","15","n/e","0","n/e","n/e","351"
"BZN|SE1","11.05.2022 10:00 - 11.05.2022 11:00 (CET/CEST)","n/e","n/e","n/e","n/e","n/e","n/e","n/e","n/e","n/e","n/e","n/e","n/e","n/e","1842","n/e","n/e","15","n/e","1","n/e","n/e","453"
"BZN|SE1","11.05.2022 11:00 - 11.05.2022 12:00 (CET/CEST)","n/e","n/e","n/e","n/e","n/e","n/e","n/e","n/e","n/e","n/e","n/e","n/e","n/e","1840","n/e","n/e","15","n/e","2","n/e","n/e","629"
"BZN|SE1","11.05.2022 12:00 - 11.05.2022 13:00 (CET/CEST)","n/e","n/e","n/e","n/e","n/e","n/e","n/e","n/e","n/e","n/e","n/e","n/e","n/e","1843","n/e","n/e","15","n/e","2","n/e","n/e","690"
"BZN|SE1","11.05.2022 13:00 - 11.05.2022 14:00 (CET/CEST)","n/e","n/e","n/e","n/e","n/e","n/e","n/e","n/e","n/e","n/e","n/e","n/e","n/e","1238","n/e","n/e","15","n/e","2","n/e","n/e","751"
"BZN|SE1","11.05.2022 14:00 - 11.05.2022 15:00 (CET/CEST)","n/e","n/e","n/e","n/e","n/e","n/e","n/e","n/e","n/e","n/e","n/e","n/e","n/e","1267","n/e","n/e","15","n/e","2","n/e","n/e","708"
"BZN|SE1","11.05.2022 15:00 - 11.05.2022 16:00 (CET/CEST)","n/e","n/e","n/e","n/e","n/e","n/e","n/e","n/e","n/e","n/e","n/e","n/e","n/e","1666","n/e","n/e","18","n/e","2","n/e","n/e","626"
"BZN|SE1","11.05.2022 16:00 - 11.05.2022 17:00 (CET/CEST)","n/e","n/e","n/e","n/e","n/e","n/e","n/e","n/e","n/e","n/e","n/e","n/e","n/e","2345","n/e","n/e","20","n/e","2","n/e","n/e","574"
"BZN|SE1","11.05.2022 17:00 - 11.05.2022 18:00 (CET/CEST)","n/e","n/e","n/e","n/e","n/e","n/e","n/e","n/e","n/e","n/e","n/e","n/e","n/e","2213","n/e","n/e","22","n/e","1","n/e","n/e","517"
"BZN|SE1","11.05.2022 18:00 - 11.05.2022 19:00 (CET/CEST)","n/e","n/e","n/e","n/e","n/e","n/e","n/e","n/e","n/e","n/e","n/e","n/e","n/e","2360","n/e","n/e","22","n/e","1","n/e","n/e","373"
"BZN|SE1","11.05.2022 19:00 - 11.05.2022 20:00 (CET/CEST)","n/e","n/e","n/e","n/e","n/e","n/e","n/e","n/e","n/e","n/e","n/e","n/e","n/e","2398","n/e","n/e","18","n/e","0","n/e","n/e","284"
"BZN|SE1","11.05.2022 20:00 - 11.05.2022 21:00 (CET/CEST)","n/e","n/e","n/e","n/e","n/e","n/e","n/e","n/e","n/e","n/e","n/e","n/e","n/e","2479","n/e","n/e","15","n/e","0","n/e","n/e","217"
"BZN|SE1","11.05.2022 21:00 - 11.05.2022 22:00 (CET/CEST)","n/e","n/e","n/e","n/e","n/e","n/e","n/e","n/e","n/e","n/e","n/e","n/e","n/e","2471","n/e","n/e","15","n/e","0","n/e","n/e","188"
"BZN|SE1","11.05.2022 22:00 - 11.05.2022 23:00 (CET/CEST)","n/e","n/e","n/e","n/e","n/e","n/e","n/e","n/e","n/e","n/e","n/e","n/e","n/e","2365","n/e","n/e","15","n/e","0","n/e","n/e","185"
"BZN|SE1","11.05.2022 23:00 - 12.05.2022 00:00 (CET/CEST)","n/e","n/e","n/e","n/e","n/e","n/e","n/e","n/e","n/e","n/e","n/e","n/e","n/e","1650","n/e","n/e","14","n/e","0","n/e","n/e","164"
"BZN|SE1","12.05.2022 00:00 - 12.05.2022 01:00 (CET/CEST)","n/e","n/e","n/e","n/e","n/e","n/e","n/e","n/e","n/e","n/e","n/e","n/e","n/e","1826","n/e","n/e","14","n/e","0","n/e","n/e","117"
"BZN|SE1","12.05.2022 01:00 - 12.05.2022 02:00 (CET/CEST)","n/e","n/e","n/e","n/e","n/e","n/e","n/e","n/e","n/e","n/e","n/e","n/e","n/e","2288","n/e","n/e","14","n/e","0","n/e","n/e","106"
"BZN|SE1","12.05.2022 02:00 - 12.05.2022 03:00 (CET/CEST)","n/e","n/e","n/e","n/e","n/e","n/e","n/e","n/e","n/e","n/e","n/e","n/e","n/e","2288","n/e","n/e","14","n/e","0","n/e","n/e","100"
"BZN|SE1","12.05.2022 03:00 - 12.05.2022 04:00 (CET/CEST)","n/e","n/e","n/e","n/e","n/e","n/e","n/e","n/e","n/e","n/e","n/e","n/e","n/e","2275","n/e","n/e","14","n/e","0","n/e","n/e","91"
"BZN|SE1","12.05.2022 04:00 - 12.05.2022 05:00 (CET/CEST)","n/e","n/e","n/e","n/e","n/e","n/e","n/e","n/e","n/e","n/e","n/e","n/e","n/e","2250","n/e","n/e","16","n/e","0","n/e","n/e","85"
"BZN|SE1","12.05.2022 05:00 - 12.05.2022 06:00 (CET/CEST)","n/e","n/e","n/e","n/e","n/e","n/e","n/e","n/e","n/e","n/e","n/e","n/e","n/e","2361","n/e","n/e","20","n/e","0","n/e","n/e","77"
"BZN|SE1","12.05.2022 06:00 - 12.05.2022 07:00 (CET/CEST)","n/e","n/e","n/e","n/e","n/e","n/e","n/e","n/e","n/e","n/e","n/e","n/e","n/e","2974","n/e","n/e","24","n/e","0","n/e","n/e","66"
"BZN|SE1","12.05.2022 07:00 - 12.05.2022 08:00 (CET/CEST)","n/e","n/e","n/e","n/e","n/e","n/e","n/e","n/e","n/e","n/e","n/e","n/e","n/e","2995","n/e","n/e","24","n/e","0","n/e","n/e","53"
"BZN|SE1","12.05.2022 08:00 - 12.05.2022 09:00 (CET/CEST)","n/e","n/e","n/e","n/e","n/e","n/e","n/e","n/e","n/e","n/e","n/e","n/e","n/e","3001","n/e","n/e","25","n/e","1","n/e","n/e","45"
"BZN|SE1","12.05.2022 09:00 - 12.05.2022 10:00 (CET/CEST)","n/e","n/e","n/e","n/e","n/e","n/e","n/e","n/e","n/e","n/e","n/e","n/e","n/e","2888","n/e","n/e","25","n/e","1","n/e","n/e","32"
"BZN|SE1","12.05.2022 10:00 - 12.05.2022 11:00 (CET/CEST)","n/e","n/e","n/e","n/e","n/e","n/e","n/e","n/e","n/e","n/e","n/e","n/e","n/e","2449","n/e","n/e","25","n/e","1","n/e","n/e","22"
"BZN|SE1","12.05.2022 11:00 - 12.05.2022 12:00 (CET/CEST)","n/e","n/e","n/e","n/e","n/e","n/e","n/e","n/e","n/e","n/e","n/e","n/e","n/e","1862","n/e","n/e","25","n/e","1","n/e","n/e","19"
"BZN|SE1","12.05.2022 12:00 - 12.05.2022 13:00 (CET/CEST)","n/e","n/e","n/e","n/e","n/e","n/e","n/e","n/e","n/e","n/e","n/e","n/e","n/e","1641","n/e","n/e","24","n/e","2","n/e","n/e","24"
"BZN|SE1","12.05.2022 13:00 - 12.05.2022 14:00 (CET/CEST)","n/e","n/e","n/e","n/e","n/e","n/e","n/e","n/e","n/e","n/e","n/e","n/e","n/e","1430","n/e","n/e","22","n/e","1","n/e","n/e","34"
"BZN|SE1","12.05.2022 14:00 - 12.05.2022 15:00 (CET/CEST)","n/e","n/e","n/e","n/e","n/e","n/e","n/e","n/e","n/e","n/e","n/e","n/e","n/e","1217","n/e","n/e","21","n/e","1","n/e","n/e","43"
"BZN|SE1","12.05.2022 15:00 - 12.05.2022 16:00 (CET/CEST)","n/e","n/e","n/e","n/e","n/e","n/e","n/e","n/e","n/e","n/e","n/e","n/e","n/e","1193","n/e","n/e","17","n/e","1","n/e","n/e","59"
"BZN|SE1","12.05.2022 16:00 - 12.05.2022 17:00 (CET/CEST)","n/e","n/e","n/e","n/e","n/e","n/e","n/e","n/e","n/e","n/e","n/e","n/e","n/e","1194","n/e","n/e","17","n/e","1","n/e","n/e","92"
"BZN|SE1","12.05.2022 17:00 - 12.05.2022 18:00 (CET/CEST)","n/e","n/e","n/e","n/e","n/e","n/e","n/e","n/e","n/e","n/e","n/e","n/e","n/e","1455","n/e","n/e","17","n/e","0","n/e","n/e","102"
"BZN|SE1","12.05.2022 18:00 - 12.05.2022 19:00 (CET/CEST)","n/e","n/e","n/e","n/e","n/e","n/e","n/e","n/e","n/e","n/e","n/e","n/e","n/e","1534","n/e","n/e","17","n/e","0","n/e","n/e","175"
"BZN|SE1","12.05.2022 19:00 - 12.05.2022 20:00 (CET/CEST)","n/e","n/e","n/e","n/e","n/e","n/e","n/e","n/e","n/e","n/e","n/e","n/e","n/e","1480","n/e","n/e","16","n/e","0","n/e","n/e","257"
"BZN|SE1","12.05.2022 20:00 - 12.05.2022 21:00 (CET/CEST)","n/e","n/e","n/e","n/e","n/e","n/e","n/e","n/e","n/e","n/e","n/e","n/e","n/e","1317","n/e","n/e","14","n/e","0","n/e","n/e","432"
"BZN|SE1","12.05.2022 21:00 - 12.05.2022 22:00 (CET/CEST)","n/e","n/e","n/e","n/e","n/e","n/e","n/e","n/e","n/e","n/e","n/e","n/e","n/e","1190","n/e","n/e","14","n/e","0","n/e","n/e","721"
"BZN|SE1","12.05.2022 22:00 - 12.05.2022 23:00 (CET/CEST)","n/e","n/e","n/e","n/e","n/e","n/e","n/e","n/e","n/e","n/e","n/e","n/e","n/e","1126","n/e","n/e","18","n/e","0","n/e","n/e","787"
"BZN|SE1","12.05.2022 23:00 - 13.05.2022 00:00 (CET/CEST)","n/e","n/e","n/e","n/e","n/e","n/e","n/e","n/e","n/e","n/e","n/e","n/e","n/e","990","n/e","n/e","18","n/e","0","n/e","n/e","835"
"BZN|SE1","13.05.2022 00:00 - 13.05.2022 01:00 (CET/CEST)","n/e","n/e","n/e","n/e","n/e","n/e","n/e","n/e","n/e","n/e","n/e","n/e","n/e","934","n/e","n/e","17","n/e","0","n/e","n/e","907"
"BZN|SE1","13.05.2022 01:00 - 13.05.2022 02:00 (CET/CEST)","n/e","n/e","n/e","n/e","n/e","n/e","n/e","n/e","n/e","n/e","n/e","n/e","n/e","897","n/e","n/e","17","n/e","0","n/e","n/e","969"
"BZN|SE1","13.05.2022 02:00 - 13.05.2022 03:00 (CET/CEST)","n/e","n/e","n/e","n/e","n/e","n/e","n/e","n/e","n/e","n/e","n/e","n/e","n/e","1226","n/e","n/e","17","n/e","0","n/e","n/e","940"
"BZN|SE1","13.05.2022 03:00 - 13.05.2022 04:00 (CET/CEST)","n/e","n/e","n/e","n/e","n/e","n/e","n/e","n/e","n/e","n/e","n/e","n/e","n/e","1314","n/e","n/e","17","n/e","0","n/e","n/e","921"
"BZN|SE1","13.05.2022 04:00 - 13.05.2022 05:00 (CET/CEST)","n/e","n/e","n/e","n/e","n/e","n/e","n/e","n/e","n/e","n/e","n/e","n/e","n/e","1537","n/e","n/e","20","n/e","0","n/e","n/e","875"
"BZN|SE1","13.05.2022 05:00 - 13.05.2022 06:00 (CET/CEST)","n/e","n/e","n/e","n/e","n/e","n/e","n/e","n/e","n/e","n/e","n/e","n/e","n/e","1949","n/e","n/e","28","n/e","0","n/e","n/e","813"
"BZN|SE1","13.05.2022 06:00 - 13.05.2022 07:00 (CET/CEST)","n/e","n/e","n/e","n/e","n/e","n/e","n/e","n/e","n/e","n/e","n/e","n/e","n/e","2625","n/e","n/e","32","n/e","0","n/e","n/e","675"
"BZN|SE1","13.05.2022 07:00 - 13.05.2022 08:00 (CET/CEST)","n/e","n/e","n/e","n/e","n/e","n/e","n/e","n/e","n/e","n/e","n/e","n/e","n/e","2800","n/e","n/e","33","n/e","1","n/e","n/e","464"
"BZN|SE1","13.05.2022 08:00 - 13.05.2022 09:00 (CET/CEST)","n/e","n/e","n/e","n/e","n/e","n/e","n/e","n/e","n/e","n/e","n/e","n/e","n/e","2794","n/e","n/e","33","n/e","1","n/e","n/e","343"
"BZN|SE1","13.05.2022 09:00 - 13.05.2022 10:00 (CET/CEST)","n/e","n/e","n/e","n/e","n/e","n/e","n/e","n/e","n/e","n/e","n/e","n/e","n/e","2831","n/e","n/e","30","n/e","2","n/e","n/e","328"
"BZN|SE1","13.05.2022 10:00 - 13.05.2022 11:00 (CET/CEST)","n/e","n/e","n/e","n/e","n/e","n/e","n/e","n/e","n/e","n/e","n/e","n/e","n/e","2809","n/e","n/e","33","n/e","2","n/e","n/e","308"
"BZN|SE1","13.05.2022 11:00 - 13.05.2022 12:00 (CET/CEST)","n/e","n/e","n/e","n/e","n/e","n/e","n/e","n/e","n/e","n/e","n/e","n/e","n/e","2774","n/e","n/e","28","n/e","3","n/e","n/e","360"
"BZN|SE1","13.05.2022 12:00 - 13.05.2022 13:00 (CET/CEST)","n/e","n/e","n/e","n/e","n/e","n/e","n/e","n/e","n/e","n/e","n/e","n/e","n/e","2658","n/e","n/e","28","n/e","3","n/e","n/e","379"
"BZN|SE1","13.05.2022 13:00 - 13.05.2022 14:00 (CET/CEST)","n/e","n/e","n/e","n/e","n/e","n/e","n/e","n/e","n/e","n/e","n/e","n/e","n/e","2504","n/e","n/e","23","n/e","3","n/e","n/e","420"
"BZN|SE1","13.05.2022 14:00 - 13.05.2022 15:00 (CET/CEST)","n/e","n/e","n/e","n/e","n/e","n/e","n/e","n/e","n/e","n/e","n/e","n/e","n/e","1672","n/e","n/e","23","n/e","2","n/e","n/e","390"
"BZN|SE1","13.05.2022 15:00 - 13.05.2022 16:00 (CET/CEST)","n/e","n/e","n/e","n/e","n/e","n/e","n/e","n/e","n/e","n/e","n/e","n/e","n/e","1865","n/e","n/e","23","n/e","2","n/e","n/e","337"
"BZN|SE1","13.05.2022 16:00 - 13.05.2022 17:00 (CET/CEST)","n/e","n/e","n/e","n/e","n/e","n/e","n/e","n/e","n/e","n/e","n/e","n/e","n/e","2519","n/e","n/e","17","n/e","2","n/e","n/e","301"
"BZN|SE1","13.05.2022 17:00 - 13.05.2022 18:00 (CET/CEST)","n/e","n/e","n/e","n/e","n/e","n/e","n/e","n/e","n/e","n/e","n/e","n/e","n/e","2655","n/e","n/e","17","n/e","1","n/e","n/e","259"
"BZN|SE1","13.05.2022 18:00 - 13.05.2022 19:00 (CET/CEST)","n/e","n/e","n/e","n/e","n/e","n/e","n/e","n/e","n/e","n/e","n/e","n/e","n/e","2665","n/e","n/e","17","n/e","1","n/e","n/e","203"
"BZN|SE1","13.05.2022 19:00 - 13.05.2022 20:00 (CET/CEST)","n/e","n/e","n/e","n/e","n/e","n/e","n/e","n/e","n/e","n/e","n/e","n/e","n/e","2641","n/e","n/e","17","n/e","0","n/e","n/e","131"
"BZN|SE1","13.05.2022 20:00 - 13.05.2022 21:00 (CET/CEST)","n/e","n/e","n/e","n/e","n/e","n/e","n/e","n/e","n/e","n/e","n/e","n/e","n/e","2472","n/e","n/e","17","n/e","0","n/e","n/e","135"
"BZN|SE1","13.05.2022 21:00 - 13.05.2022 22:00 (CET/CEST)","n/e","n/e","n/e","n/e","n/e","n/e","n/e","n/e","n/e","n/e","n/e","n/e","n/e","1985","n/e","n/e","16","n/e","0","n/e","n/e","133"
"BZN|SE1","13.05.2022 22:00 - 13.05.2022 23:00 (CET/CEST)","n/e","n/e","n/e","n/e","n/e","n/e","n/e","n/e","n/e","n/e","n/e","n/e","n/e","1533","n/e","n/e","17","n/e","0","n/e","n/e","111"
"BZN|SE1","13.05.2022 23:00 - 14.05.2022 00:00 (CET/CEST)","n/e","n/e","n/e","n/e","n/e","n/e","n/e","n/e","n/e","n/e","n/e","n/e","n/e","1257","n/e","n/e","17","n/e","0","n/e","n/e","89"
"BZN|SE1","14.05.2022 00:00 - 14.05.2022 01:00 (CET/CEST)","n/e","n/e","n/e","n/e","n/e","n/e","n/e","n/e","n/e","n/e","n/e","n/e","n/e","1425","n/e","n/e","14","n/e","0","n/e","n/e","111"
"BZN|SE1","14.05.2022 01:00 - 14.05.2022 02:00 (CET/CEST)","n/e","n/e","n/e","n/e","n/e","n/e","n/e","n/e","n/e","n/e","n/e","n/e","n/e","1427","n/e","n/e","14","n/e","0","n/e","n/e","154"
"BZN|SE1","14.05.2022 02:00 - 14.05.2022 03:00 (CET/CEST)","n/e","n/e","n/e","n/e","n/e","n/e","n/e","n/e","n/e","n/e","n/e","n/e","n/e","1415","n/e","n/e","14","n/e","0","n/e","n/e","194"
"BZN|SE1","14.05.2022 03:00 - 14.05.2022 04:00 (CET/CEST)","n/e","n/e","n/e","n/e","n/e","n/e","n/e","n/e","n/e","n/e","n/e","n/e","n/e","1427","n/e","n/e","14","n/e","0","n/e","n/e","166"
"BZN|SE1","14.05.2022 04:00 - 14.05.2022 05:00 (CET/CEST)","n/e","n/e","n/e","n/e","n/e","n/e","n/e","n/e","n/e","n/e","n/e","n/e","n/e","1424","n/e","n/e","14","n/e","0","n/e","n/e","171"
"BZN|SE1","14.05.2022 05:00 - 14.05.2022 06:00 (CET/CEST)","n/e","n/e","n/e","n/e","n/e","n/e","n/e","n/e","n/e","n/e","n/e","n/e","n/e","1577","n/e","n/e","14","n/e","0","n/e","n/e","181"
"BZN|SE1","14.05.2022 06:00 - 14.05.2022 07:00 (CET/CEST)","n/e","n/e","n/e","n/e","n/e","n/e","n/e","n/e","n/e","n/e","n/e","n/e","n/e","1718","n/e","n/e","15","n/e","0","n/e","n/e","127"
"BZN|SE1","14.05.2022 07:00 - 14.05.2022 08:00 (CET/CEST)","n/e","n/e","n/e","n/e","n/e","n/e","n/e","n/e","n/e","n/e","n/e","n/e","n/e","1728","n/e","n/e","15","n/e","0","n/e","n/e","120"
"BZN|SE1","14.05.2022 08:00 - 14.05.2022 09:00 (CET/CEST)","n/e","n/e","n/e","n/e","n/e","n/e","n/e","n/e","n/e","n/e","n/e","n/e","n/e","1755","n/e","n/e","15","n/e","1","n/e","n/e","151"
"BZN|SE1","14.05.2022 09:00 - 14.05.2022 10:00 (CET/CEST)","n/e","n/e","n/e","n/e","n/e","n/e","n/e","n/e","n/e","n/e","n/e","n/e","n/e","1697","n/e","n/e","15","n/e","1","n/e","n/e","153"
"BZN|SE1","14.05.2022 10:00 - 14.05.2022 11:00 (CET/CEST)","n/e","n/e","n/e","n/e","n/e","n/e","n/e","n/e","n/e","n/e","n/e","n/e","n/e","1690","n/e","n/e","15","n/e","1","n/e","n/e","198"
"BZN|SE1","14.05.2022 11:00 - 14.05.2022 12:00 (CET/CEST)","n/e","n/e","n/e","n/e","n/e","n/e","n/e","n/e","n/e","n/e","n/e","n/e","n/e","1676","n/e","n/e","15","n/e","1","n/e","n/e","231"
"BZN|SE1","14.05.2022 12:00 - 14.05.2022 13:00 (CET/CEST)","n/e","n/e","n/e","n/e","n/e","n/e","n/e","n/e","n/e","n/e","n/e","n/e","n/e","1419","n/e","n/e","15","n/e","1","n/e","n/e","396"
"BZN|SE1","14.05.2022 13:00 - 14.05.2022 14:00 (CET/CEST)","n/e","n/e","n/e","n/e","n/e","n/e","n/e","n/e","n/e","n/e","n/e","n/e","n/e","1331","n/e","n/e","15","n/e","1","n/e","n/e","456"
"BZN|SE1","14.05.2022 14:00 - 14.05.2022 15:00 (CET/CEST)","n/e","n/e","n/e","n/e","n/e","n/e","n/e","n/e","n/e","n/e","n/e","n/e","n/e","1215","n/e","n/e","15","n/e","1","n/e","n/e","536"
"BZN|SE1","14.05.2022 15:00 - 14.05.2022 16:00 (CET/CEST)","n/e","n/e","n/e","n/e","n/e","n/e","n/e","n/e","n/e","n/e","n/e","n/e","n/e","1195","n/e","n/e","15","n/e","0","n/e","n/e","534"
"BZN|SE1","14.05.2022 16:00 - 14.05.2022 17:00 (CET/CEST)","n/e","n/e","n/e","n/e","n/e","n/e","n/e","n/e","n/e","n/e","n/e","n/e","n/e","1203","n/e","n/e","15","n/e","0","n/e","n/e","423"
"BZN|SE1","14.05.2022 17:00 - 14.05.2022 18:00 (CET/CEST)","n/e","n/e","n/e","n/e","n/e","n/e","n/e","n/e","n/e","n/e","n/e","n/e","n/e","1403","n/e","n/e","15","n/e","0","n/e","n/e","381"
"BZN|SE1","14.05.2022 18:00 - 14.05.2022 19:00 (CET/CEST)","n/e","n/e","n/e","n/e","n/e","n/e","n/e","n/e","n/e","n/e","n/e","n/e","n/e","1442","n/e","n/e","15","n/e","0","n/e","n/e","366"
"BZN|SE1","14.05.2022 19:00 - 14.05.2022 20:00 (CET/CEST)","n/e","n/e","n/e","n/e","n/e","n/e","n/e","n/e","n/e","n/e","n/e","n/e","n/e","1525","n/e","n/e","14","n/e","0","n/e","n/e","306"
"BZN|SE1","14.05.2022 20:00 - 14.05.2022 21:00 (CET/CEST)","n/e","n/e","n/e","n/e","n/e","n/e","n/e","n/e","n/e","n/e","n/e","n/e","n/e","1559","n/e","n/e","14","n/e","0","n/e","n/e","324"
"BZN|SE1","14.05.2022 21:00 - 14.05.2022 22:00 (CET/CEST)","n/e","n/e","n/e","n/e","n/e","n/e","n/e","n/e","n/e","n/e","n/e","n/e","n/e","1530","n/e","n/e","14","n/e","0","n/e","n/e","505"
"BZN|SE1","14.05.2022 22:00 - 14.05.2022 23:00 (CET/CEST)","n/e","n/e","n/e","n/e","n/e","n/e","n/e","n/e","n/e","n/e","n/e","n/e","n/e","1418","n/e","n/e","14","n/e","0","n/e","n/e","816"
"BZN|SE1","14.05.2022 23:00 - 15.05.2022 00:00 (CET/CEST)","n/e","n/e","n/e","n/e","n/e","n/e","n/e","n/e","n/e","n/e","n/e","n/e","n/e","1296","n/e","n/e","14","n/e","0","n/e","n/e","1006"
"BZN|SE1","15.05.2022 00:00 - 15.05.2022 01:00 (CET/CEST)","n/e","n/e","n/e","n/e","n/e","n/e","n/e","n/e","n/e","n/e","n/e","n/e","n/e","909","n/e","n/e","15","n/e","0","n/e","n/e","1092"
"BZN|SE1","15.05.2022 01:00 - 15.05.2022 02:00 (CET/CEST)","n/e","n/e","n/e","n/e","n/e","n/e","n/e","n/e","n/e","n/e","n/e","n/e","n/e","901","n/e","n/e","15","n/e","0","n/e","n/e","1282"
"BZN|SE1","15.05.2022 02:00 - 15.05.2022 03:00 (CET/CEST)","n/e","n/e","n/e","n/e","n/e","n/e","n/e","n/e","n/e","n/e","n/e","n/e","n/e","906","n/e","n/e","15","n/e","0","n/e","n/e","1287"
"BZN|SE1","15.05.2022 03:00 - 15.05.2022 04:00 (CET/CEST)","n/e","n/e","n/e","n/e","n/e","n/e","n/e","n/e","n/e","n/e","n/e","n/e","n/e","905","n/e","n/e","15","n/e","0","n/e","n/e","1260"
"BZN|SE1","15.05.2022 04:00 - 15.05.2022 05:00 (CET/CEST)","n/e","n/e","n/e","n/e","n/e","n/e","n/e","n/e","n/e","n/e","n/e","n/e","n/e","920","n/e","n/e","15","n/e","0","n/e","n/e","1269"
"BZN|SE1","15.05.2022 05:00 - 15.05.2022 06:00 (CET/CEST)","n/e","n/e","n/e","n/e","n/e","n/e","n/e","n/e","n/e","n/e","n/e","n/e","n/e","947","n/e","n/e","15","n/e","0","n/e","n/e","1249"
"BZN|SE1","15.05.2022 06:00 - 15.05.2022 07:00 (CET/CEST)","n/e","n/e","n/e","n/e","n/e","n/e","n/e","n/e","n/e","n/e","n/e","n/e","n/e","1084","n/e","n/e","16","n/e","0","n/e","n/e","1214"
"BZN|SE1","15.05.2022 07:00 - 15.05.2022 08:00 (CET/CEST)","n/e","n/e","n/e","n/e","n/e","n/e","n/e","n/e","n/e","n/e","n/e","n/e","n/e","1167","n/e","n/e","16","n/e","1","n/e","n/e","1029"
"BZN|SE1","15.05.2022 08:00 - 15.05.2022 09:00 (CET/CEST)","n/e","n/e","n/e","n/e","n/e","n/e","n/e","n/e","n/e","n/e","n/e","n/e","n/e","1166","n/e","n/e","16","n/e","2","n/e","n/e","936"
"BZN|SE1","15.05.2022 09:00 - 15.05.2022 10:00 (CET/CEST)","n/e","n/e","n/e","n/e","n/e","n/e","n/e","n/e","n/e","n/e","n/e","n/e","n/e","1090","n/e","n/e","17","n/e","2","n/e","n/e","923"
"BZN|SE1","15.05.2022 10:00 - 15.05.2022 11:00 (CET/CEST)","n/e","n/e","n/e","n/e","n/e","n/e","n/e","n/e","n/e","n/e","n/e","n/e","n/e","1090","n/e","n/e","17","n/e","2","n/e","n/e","928"
"BZN|SE1","15.05.2022 11:00 - 15.05.2022 12:00 (CET/CEST)","n/e","n/e","n/e","n/e","n/e","n/e","n/e","n/e","n/e","n/e","n/e","n/e","n/e","1100","n/e","n/e","17","n/e","3","n/e","n/e","992"
"BZN|SE1","15.05.2022 12:00 - 15.05.2022 13:00 (CET/CEST)","n/e","n/e","n/e","n/e","n/e","n/e","n/e","n/e","n/e","n/e","n/e","n/e","n/e","1014","n/e","n/e","17","n/e","2","n/e","n/e","1064"
"BZN|SE1","15.05.2022 13:00 - 15.05.2022 14:00 (CET/CEST)","n/e","n/e","n/e","n/e","n/e","n/e","n/e","n/e","n/e","n/e","n/e","n/e","n/e","1003","n/e","n/e","17","n/e","3","n/e","n/e","1116"
"BZN|SE1","15.05.2022 14:00 - 15.05.2022 15:00 (CET/CEST)","n/e","n/e","n/e","n/e","n/e","n/e","n/e","n/e","n/e","n/e","n/e","n/e","n/e","1003","n/e","n/e","17","n/e","3","n/e","n/e","1152"
"BZN|SE1","15.05.2022 15:00 - 15.05.2022 16:00 (CET/CEST)","n/e","n/e","n/e","n/e","n/e","n/e","n/e","n/e","n/e","n/e","n/e","n/e","n/e","1005","n/e","n/e","17","n/e","2","n/e","n/e","1175"
"BZN|SE1","15.05.2022 16:00 - 15.05.2022 17:00 (CET/CEST)","n/e","n/e","n/e","n/e","n/e","n/e","n/e","n/e","n/e","n/e","n/e","n/e","n/e","1006","n/e","n/e","16","n/e","2","n/e","n/e","1222"
"BZN|SE1","15.05.2022 17:00 - 15.05.2022 18:00 (CET/CEST)","n/e","n/e","n/e","n/e","n/e","n/e","n/e","n/e","n/e","n/e","n/e","n/e","n/e","997","n/e","n/e","16","n/e","1","n/e","n/e","1257"
"BZN|SE1","15.05.2022 18:00 - 15.05.2022 19:00 (CET/CEST)","n/e","n/e","n/e","n/e","n/e","n/e","n/e","n/e","n/e","n/e","n/e","n/e","n/e","990","n/e","n/e","16","n/e","1","n/e","n/e","1293"
"BZN|SE1","15.05.2022 19:00 - 15.05.2022 20:00 (CET/CEST)","n/e","n/e","n/e","n/e","n/e","n/e","n/e","n/e","n/e","n/e","n/e","n/e","n/e","990","n/e","n/e","15","n/e","0","n/e","n/e","1283"
"BZN|SE1","15.05.2022 20:00 - 15.05.2022 21:00 (CET/CEST)","n/e","n/e","n/e","n/e","n/e","n/e","n/e","n/e","n/e","n/e","n/e","n/e","n/e","975","n/e","n/e","15","n/e","0","n/e","n/e","1337"
"BZN|SE1","15.05.2022 21:00 - 15.05.2022 22:00 (CET/CEST)","n/e","n/e","n/e","n/e","n/e","n/e","n/e","n/e","n/e","n/e","n/e","n/e","n/e","1005","n/e","n/e","15","n/e","0","n/e","n/e","1363"
"BZN|SE1","15.05.2022 22:00 - 15.05.2022 23:00 (CET/CEST)","n/e","n/e","n/e","n/e","n/e","n/e","n/e","n/e","n/e","n/e","n/e","n/e","n/e","1004","n/e","n/e","15","n/e","0","n/e","n/e","1385"
"BZN|SE1","15.05.2022 23:00 - 16.05.2022 00:00 (CET/CEST)","n/e","n/e","n/e","n/e","n/e","n/e","n/e","n/e","n/e","n/e","n/e","n/e","n/e","995","n/e","n/e","15","n/e","0","n/e","n/e","1413"
"BZN|SE1","16.05.2022 00:00 - 16.05.2022 01:00 (CET/CEST)","n/e","n/e","n/e","n/e","n/e","n/e","n/e","n/e","n/e","n/e","n/e","n/e","n/e","960","n/e","n/e","7","n/e","0","n/e","n/e","1381"
"BZN|SE1","16.05.2022 01:00 - 16.05.2022 02:00 (CET/CEST)","n/e","n/e","n/e","n/e","n/e","n/e","n/e","n/e","n/e","n/e","n/e","n/e","n/e","956","n/e","n/e","7","n/e","0","n/e","n/e","1432"
"BZN|SE1","16.05.2022 02:00 - 16.05.2022 03:00 (CET/CEST)","n/e","n/e","n/e","n/e","n/e","n/e","n/e","n/e","n/e","n/e","n/e","n/e","n/e","951","n/e","n/e","7","n/e","0","n/e","n/e","1426"
"BZN|SE1","16.05.2022 03:00 - 16.05.2022 04:00 (CET/CEST)","n/e","n/e","n/e","n/e","n/e","n/e","n/e","n/e","n/e","n/e","n/e","n/e","n/e","972","n/e","n/e","7","n/e","0","n/e","n/e","1481"
"BZN|SE1","16.05.2022 04:00 - 16.05.2022 05:00 (CET/CEST)","n/e","n/e","n/e","n/e","n/e","n/e","n/e","n/e","n/e","n/e","n/e","n/e","n/e","969","n/e","n/e","7","n/e","0","n/e","n/e","1511"
"BZN|SE1","16.05.2022 05:00 - 16.05.2022 06:00 (CET/CEST)","n/e","n/e","n/e","n/e","n/e","n/e","n/e","n/e","n/e","n/e","n/e","n/e","n/e","1073","n/e","n/e","8","n/e","0","n/e","n/e","1480"
"BZN|SE1","16.05.2022 06:00 - 16.05.2022 07:00 (CET/CEST)","n/e","n/e","n/e","n/e","n/e","n/e","n/e","n/e","n/e","n/e","n/e","n/e","n/e","1322","n/e","n/e","8","n/e","0","n/e","n/e","1464"
"BZN|SE1","16.05.2022 07:00 - 16.05.2022 08:00 (CET/CEST)","n/e","n/e","n/e","n/e","n/e","n/e","n/e","n/e","n/e","n/e","n/e","n/e","n/e","1438","n/e","n/e","8","n/e","1","n/e","n/e","1414"
"BZN|SE1","16.05.2022 08:00 - 16.05.2022 09:00 (CET/CEST)","n/e","n/e","n/e","n/e","n/e","n/e","n/e","n/e","n/e","n/e","n/e","n/e","n/e","1419","n/e","n/e","8","n/e","1","n/e","n/e","1472"
"BZN|SE1","16.05.2022 09:00 - 16.05.2022 10:00 (CET/CEST)","n/e","n/e","n/e","n/e","n/e","n/e","n/e","n/e","n/e","n/e","n/e","n/e","n/e","1421","n/e","n/e","15","n/e","2","n/e","n/e","1470"
"BZN|SE1","16.05.2022 10:00 - 16.05.2022 11:00 (CET/CEST)","n/e","n/e","n/e","n/e","n/e","n/e","n/e","n/e","n/e","n/e","n/e","n/e","n/e","1426","n/e","n/e","15","n/e","2","n/e","n/e","1471"
"BZN|SE1","16.05.2022 11:00 - 16.05.2022 12:00 (CET/CEST)","n/e","n/e","n/e","n/e","n/e","n/e","n/e","n/e","n/e","n/e","n/e","n/e","n/e","1509","n/e","n/e","14","n/e","2","n/e","n/e","1492"
"BZN|SE1","16.05.2022 12:00 - 16.05.2022 13:00 (CET/CEST)","n/e","n/e","n/e","n/e","n/e","n/e","n/e","n/e","n/e","n/e","n/e","n/e","n/e","1526","n/e","n/e","14","n/e","2","n/e","n/e","1512"
"BZN|SE1","16.05.2022 13:00 - 16.05.2022 14:00 (CET/CEST)","n/e","n/e","n/e","n/e","n/e","n/e","n/e","n/e","n/e","n/e","n/e","n/e","n/e","1531","n/e","n/e","14","n/e","2","n/e","n/e","1512"
"BZN|SE1","16.05.2022 14:00 - 16.05.2022 15:00 (CET/CEST)","n/e","n/e","n/e","n/e","n/e","n/e","n/e","n/e","n/e","n/e","n/e","n/e","n/e","1528","n/e","n/e","14","n/e","2","n/e","n/e","1537"
"BZN|SE1","16.05.2022 15:00 - 16.05.2022 16:00 (CET/CEST)","n/e","n/e","n/e","n/e","n/e","n/e","n/e","n/e","n/e","n/e","n/e","n/e","n/e","1528","n/e","n/e","14","n/e","1","n/e","n/e","1529"
"BZN|SE1","16.05.2022 16:00 - 16.05.2022 17:00 (CET/CEST)","n/e","n/e","n/e","n/e","n/e","n/e","n/e","n/e","n/e","n/e","n/e","n/e","n/e","1504","n/e","n/e","14","n/e","1","n/e","n/e","1425"
"BZN|SE1","16.05.2022 17:00 - 16.05.2022 18:00 (CET/CEST)","n/e","n/e","n/e","n/e","n/e","n/e","n/e","n/e","n/e","n/e","n/e","n/e","n/e","1610","n/e","n/e","14","n/e","0","n/e","n/e","1417"
"BZN|SE1","16.05.2022 18:00 - 16.05.2022 19:00 (CET/CEST)","n/e","n/e","n/e","n/e","n/e","n/e","n/e","n/e","n/e","n/e","n/e","n/e","n/e","1759","n/e","n/e","14","n/e","0","n/e","n/e","1435"
"BZN|SE1","16.05.2022 19:00 - 16.05.2022 20:00 (CET/CEST)","n/e","n/e","n/e","n/e","n/e","n/e","n/e","n/e","n/e","n/e","n/e","n/e","n/e","1879","n/e","n/e","13","n/e","0","n/e","n/e","1408"
"BZN|SE1","16.05.2022 20:00 - 16.05.2022 21:00 (CET/CEST)","n/e","n/e","n/e","n/e","n/e","n/e","n/e","n/e","n/e","n/e","n/e","n/e","n/e","1887","n/e","n/e","13","n/e","0","n/e","n/e","1411"
"BZN|SE1","16.05.2022 21:00 - 16.05.2022 22:00 (CET/CEST)","n/e","n/e","n/e","n/e","n/e","n/e","n/e","n/e","n/e","n/e","n/e","n/e","n/e","1887","n/e","n/e","13","n/e","0","n/e","n/e","1486"
"BZN|SE1","16.05.2022 22:00 - 16.05.2022 23:00 (CET/CEST)","n/e","n/e","n/e","n/e","n/e","n/e","n/e","n/e","n/e","n/e","n/e","n/e","n/e","1770","n/e","n/e","13","n/e","0","n/e","n/e","1435"
"BZN|SE1","16.05.2022 23:00 - 17.05.2022 00:00 (CET/CEST)","n/e","n/e","n/e","n/e","n/e","n/e","n/e","n/e","n/e","n/e","n/e","n/e","n/e","1443","n/e","n/e","13","n/e","0","n/e","n/e","1435"
"BZN|SE1","17.05.2022 00:00 - 17.05.2022 01:00 (CET/CEST)","n/e","n/e","n/e","n/e","n/e","n/e","n/e","n/e","n/e","n/e","n/e","n/e","n/e","1228","n/e","n/e","16","n/e","0","n/e","n/e","1408"
"BZN|SE1","17.05.2022 01:00 - 17.05.2022 02:00 (CET/CEST)","n/e","n/e","n/e","n/e","n/e","n/e","n/e","n/e","n/e","n/e","n/e","n/e","n/e","1214","n/e","n/e","16","n/e","0","n/e","n/e","1426"
"BZN|SE1","17.05.2022 02:00 - 17.05.2022 03:00 (CET/CEST)","n/e","n/e","n/e","n/e","n/e","n/e","n/e","n/e","n/e","n/e","n/e","n/e","n/e","1213","n/e","n/e","16","n/e","0","n/e","n/e","1351"
"BZN|SE1","17.05.2022 03:00 - 17.05.2022 04:00 (CET/CEST)","n/e","n/e","n/e","n/e","n/e","n/e","n/e","n/e","n/e","n/e","n/e","n/e","n/e","1212","n/e","n/e","21","n/e","0","n/e","n/e","1259"
"BZN|SE1","17.05.2022 04:00 - 17.05.2022 05:00 (CET/CEST)","n/e","n/e","n/e","n/e","n/e","n/e","n/e","n/e","n/e","n/e","n/e","n/e","n/e","1680","n/e","n/e","27","n/e","0","n/e","n/e","1142"
"BZN|SE1","17.05.2022 05:00 - 17.05.2022 06:00 (CET/CEST)","n/e","n/e","n/e","n/e","n/e","n/e","n/e","n/e","n/e","n/e","n/e","n/e","n/e","1876","n/e","n/e","29","n/e","0","n/e","n/e","987"
"BZN|SE1","17.05.2022 06:00 - 17.05.2022 07:00 (CET/CEST)","n/e","n/e","n/e","n/e","n/e","n/e","n/e","n/e","n/e","n/e","n/e","n/e","n/e","2307","n/e","n/e","34","n/e","0","n/e","n/e","785"
"BZN|SE1","17.05.2022 07:00 - 17.05.2022 08:00 (CET/CEST)","n/e","n/e","n/e","n/e","n/e","n/e","n/e","n/e","n/e","n/e","n/e","n/e","n/e","2864","n/e","n/e","39","n/e","1","n/e","n/e","586"
"BZN|SE1","17.05.2022 08:00 - 17.05.2022 09:00 (CET/CEST)","n/e","n/e","n/e","n/e","n/e","n/e","n/e","n/e","n/e","n/e","n/e","n/e","n/e","2901","n/e","n/e","40","n/e","1","n/e","n/e","405"
"BZN|SE1","17.05.2022 09:00 - 17.05.2022 10:00 (CET/CEST)","n/e","n/e","n/e","n/e","n/e","n/e","n/e","n/e","n/e","n/e","n/e","n/e","n/e","3008","n/e","n/e","40","n/e","2","n/e","n/e","254"
"BZN|SE1","17.05.2022 10:00 - 17.05.2022 11:00 (CET/CEST)","n/e","n/e","n/e","n/e","n/e","n/e","n/e","n/e","n/e","n/e","n/e","n/e","n/e","3007","n/e","n/e","41","n/e","2","n/e","n/e","140"
"BZN|SE1","17.05.2022 11:00 - 17.05.2022 12:00 (CET/CEST)","n/e","n/e","n/e","n/e","n/e","n/e","n/e","n/e","n/e","n/e","n/e","n/e","n/e","3008","n/e","n/e","41","n/e","3","n/e","n/e","103"
"BZN|SE1","17.05.2022 12:00 - 17.05.2022 13:00 (CET/CEST)","n/e","n/e","n/e","n/e","n/e","n/e","n/e","n/e","n/e","n/e","n/e","n/e","n/e","2895","n/e","n/e","41","n/e","3","n/e","n/e","101"
"BZN|SE1","17.05.2022 13:00 - 17.05.2022 14:00 (CET/CEST)","n/e","n/e","n/e","n/e","n/e","n/e","n/e","n/e","n/e","n/e","n/e","n/e","n/e","2894","n/e","n/e","40","n/e","3","n/e","n/e","111"
"BZN|SE1","17.05.2022 14:00 - 17.05.2022 15:00 (CET/CEST)","n/e","n/e","n/e","n/e","n/e","n/e","n/e","n/e","n/e","n/e","n/e","n/e","n/e","2894","n/e","n/e","40","n/e","3","n/e","n/e","168"
"BZN|SE1","17.05.2022 15:00 - 17.05.2022 16:00 (CET/CEST)","n/e","n/e","n/e","n/e","n/e","n/e","n/e","n/e","n/e","n/e","n/e","n/e","n/e","2890","n/e","n/e","40","n/e","2","n/e","n/e","257"
"BZN|SE1","17.05.2022 16:00 - 17.05.2022 17:00 (CET/CEST)","n/e","n/e","n/e","n/e","n/e","n/e","n/e","n/e","n/e","n/e","n/e","n/e","n/e","2940","n/e","n/e","40","n/e","1","n/e","n/e","369"
"BZN|SE1","17.05.2022 17:00 - 17.05.2022 18:00 (CET/CEST)","n/e","n/e","n/e","n/e","n/e","n/e","n/e","n/e","n/e","n/e","n/e","n/e","n/e","2943","n/e","n/e","40","n/e","1","n/e","n/e","480"
"BZN|SE1","17.05.2022 18:00 - 17.05.2022 19:00 (CET/CEST)","n/e","n/e","n/e","n/e","n/e","n/e","n/e","n/e","n/e","n/e","n/e","n/e","n/e","2966","n/e","n/e","40","n/e","0","n/e","n/e","507"
"BZN|SE1","17.05.2022 19:00 - 17.05.2022 20:00 (CET/CEST)","n/e","n/e","n/e","n/e","n/e","n/e","n/e","n/e","n/e","n/e","n/e","n/e","n/e","3084","n/e","n/e","39","n/e","0","n/e","n/e","585"
"BZN|SE1","17.05.2022 20:00 - 17.05.2022 21:00 (CET/CEST)","n/e","n/e","n/e","n/e","n/e","n/e","n/e","n/e","n/e","n/e","n/e","n/e","n/e","3044","n/e","n/e","33","n/e","0","n/e","n/e","701"
"BZN|SE1","17.05.2022 21:00 - 17.05.2022 22:00 (CET/CEST)","n/e","n/e","n/e","n/e","n/e","n/e","n/e","n/e","n/e","n/e","n/e","n/e","n/e","2770","n/e","n/e","21","n/e","0","n/e","n/e","858"
"BZN|SE1","17.05.2022 22:00 - 17.05.2022 23:00 (CET/CEST)","n/e","n/e","n/e","n/e","n/e","n/e","n/e","n/e","n/e","n/e","n/e","n/e","n/e","2383","n/e","n/e","16","n/e","0","n/e","n/e","1060"
"BZN|SE1","17.05.2022 23:00 - 18.05.2022 00:00 (CET/CEST)","n/e","n/e","n/e","n/e","n/e","n/e","n/e","n/e","n/e","n/e","n/e","n/e","n/e","2010","n/e","n/e","16","n/e","0","n/e","n/e","1281"
"BZN|SE1","18.05.2022 00:00 - 18.05.2022 01:00 (CET/CEST)","n/e","n/e","n/e","n/e","n/e","n/e","n/e","n/e","n/e","n/e","n/e","n/e","n/e","1574","n/e","n/e","16","n/e","0","n/e","n/e","1255"
"BZN|SE1","18.05.2022 01:00 - 18.05.2022 02:00 (CET/CEST)","n/e","n/e","n/e","n/e","n/e","n/e","n/e","n/e","n/e","n/e","n/e","n/e","n/e","1558","n/e","n/e","16","n/e","0","n/e","n/e","1328"
"BZN|SE1","18.05.2022 02:00 - 18.05.2022 03:00 (CET/CEST)","n/e","n/e","n/e","n/e","n/e","n/e","n/e","n/e","n/e","n/e","n/e","n/e","n/e","1468","n/e","n/e","16","n/e","0","n/e","n/e","1304"
"BZN|SE1","18.05.2022 03:00 - 18.05.2022 04:00 (CET/CEST)","n/e","n/e","n/e","n/e","n/e","n/e","n/e","n/e","n/e","n/e","n/e","n/e","n/e","1484","n/e","n/e","22","n/e","0","n/e","n/e","1348"
"BZN|SE1","18.05.2022 04:00 - 18.05.2022 05:00 (CET/CEST)","n/e","n/e","n/e","n/e","n/e","n/e","n/e","n/e","n/e","n/e","n/e","n/e","n/e","1691","n/e","n/e","28","n/e","0","n/e","n/e","1234"
"BZN|SE1","18.05.2022 05:00 - 18.05.2022 06:00 (CET/CEST)","n/e","n/e","n/e","n/e","n/e","n/e","n/e","n/e","n/e","n/e","n/e","n/e","n/e","1911","n/e","n/e","33","n/e","0","n/e","n/e","1095"
"BZN|SE1","18.05.2022 06:00 - 18.05.2022 07:00 (CET/CEST)","n/e","n/e","n/e","n/e","n/e","n/e","n/e","n/e","n/e","n/e","n/e","n/e","n/e","2298","n/e","n/e","33","n/e","0","n/e","n/e","890"
"BZN|SE1","18.05.2022 07:00 - 18.05.2022 08:00 (CET/CEST)","n/e","n/e","n/e","n/e","n/e","n/e","n/e","n/e","n/e","n/e","n/e","n/e","n/e","2887","n/e","n/e","33","n/e","1","n/e","n/e","618"
"BZN|SE1","18.05.2022 08:00 - 18.05.2022 09:00 (CET/CEST)","n/e","n/e","n/e","n/e","n/e","n/e","n/e","n/e","n/e","n/e","n/e","n/e","n/e","2905","n/e","n/e","22","n/e","1","n/e","n/e","451"
"BZN|SE1","18.05.2022 09:00 - 18.05.2022 10:00 (CET/CEST)","n/e","n/e","n/e","n/e","n/e","n/e","n/e","n/e","n/e","n/e","n/e","n/e","n/e","2889","n/e","n/e","22","n/e","2","n/e","n/e","343"
"BZN|SE1","18.05.2022 10:00 - 18.05.2022 11:00 (CET/CEST)","n/e","n/e","n/e","n/e","n/e","n/e","n/e","n/e","n/e","n/e","n/e","n/e","n/e","2887","n/e","n/e","23","n/e","2","n/e","n/e","272"
"BZN|SE1","18.05.2022 11:00 - 18.05.2022 12:00 (CET/CEST)","n/e","n/e","n/e","n/e","n/e","n/e","n/e","n/e","n/e","n/e","n/e","n/e","n/e","2889","n/e","n/e","23","n/e","2","n/e","n/e","238"
"BZN|SE1","18.05.2022 12:00 - 18.05.2022 13:00 (CET/CEST)","n/e","n/e","n/e","n/e","n/e","n/e","n/e","n/e","n/e","n/e","n/e","n/e","n/e","2867","n/e","n/e","23","n/e","2","n/e","n/e","212"
"BZN|SE1","18.05.2022 13:00 - 18.05.2022 14:00 (CET/CEST)","n/e","n/e","n/e","n/e","n/e","n/e","n/e","n/e","n/e","n/e","n/e","n/e","n/e","2759","n/e","n/e","23","n/e","1","n/e","n/e","189"
"BZN|SE1","18.05.2022 14:00 - 18.05.2022 15:00 (CET/CEST)","n/e","n/e","n/e","n/e","n/e","n/e","n/e","n/e","n/e","n/e","n/e","n/e","n/e","2720","n/e","n/e","23","n/e","1","n/e","n/e","164"
"BZN|SE1","18.05.2022 15:00 - 18.05.2022 16:00 (CET/CEST)","n/e","n/e","n/e","n/e","n/e","n/e","n/e","n/e","n/e","n/e","n/e","n/e","n/e","2723","n/e","n/e","23","n/e","1","n/e","n/e","163"
"BZN|SE1","18.05.2022 16:00 - 18.05.2022 17:00 (CET/CEST)","n/e","n/e","n/e","n/e","n/e","n/e","n/e","n/e","n/e","n/e","n/e","n/e","n/e","2814","n/e","n/e","23","n/e","1","n/e","n/e","147"
"BZN|SE1","18.05.2022 17:00 - 18.05.2022 18:00 (CET/CEST)","n/e","n/e","n/e","n/e","n/e","n/e","n/e","n/e","n/e","n/e","n/e","n/e","n/e","2878","n/e","n/e","17","n/e","0","n/e","n/e","155"
"BZN|SE1","18.05.2022 18:00 - 18.05.2022 19:00 (CET/CEST)","n/e","n/e","n/e","n/e","n/e","n/e","n/e","n/e","n/e","n/e","n/e","n/e","n/e","2947","n/e","n/e","17","n/e","0","n/e","n/e","208"
"BZN|SE1","18.05.2022 19:00 - 18.05.2022 20:00 (CET/CEST)","n/e","n/e","n/e","n/e","n/e","n/e","n/e","n/e","n/e","n/e","n/e","n/e","n/e","2864","n/e","n/e","17","n/e","0","n/e","n/e","330"
"BZN|SE1","18.05.2022 20:00 - 18.05.2022 21:00 (CET/CEST)","n/e","n/e","n/e","n/e","n/e","n/e","n/e","n/e","n/e","n/e","n/e","n/e","n/e","2840","n/e","n/e","17","n/e","0","n/e","n/e","352"
"BZN|SE1","18.05.2022 21:00 - 18.05.2022 22:00 (CET/CEST)","n/e","n/e","n/e","n/e","n/e","n/e","n/e","n/e","n/e","n/e","n/e","n/e","n/e","2810","n/e","n/e","17","n/e","0","n/e","n/e","348"
"BZN|SE1","18.05.2022 22:00 - 18.05.2022 23:00 (CET/CEST)","n/e","n/e","n/e","n/e","n/e","n/e","n/e","n/e","n/e","n/e","n/e","n/e","n/e","2694","n/e","n/e","17","n/e","0","n/e","n/e","321"
"BZN|SE1","18.05.2022 23:00 - 19.05.2022 00:00 (CET/CEST)","n/e","n/e","n/e","n/e","n/e","n/e","n/e","n/e","n/e","n/e","n/e","n/e","n/e","2337","n/e","n/e","17","n/e","0","n/e","n/e","241"
"BZN|SE1","19.05.2022 00:00 - 19.05.2022 01:00 (CET/CEST)","n/e","n/e","n/e","n/e","n/e","n/e","n/e","n/e","n/e","n/e","n/e","n/e","n/e","2198","n/e","n/e","16","n/e","0","n/e","n/e","191"
"BZN|SE1","19.05.2022 01:00 - 19.05.2022 02:00 (CET/CEST)","n/e","n/e","n/e","n/e","n/e","n/e","n/e","n/e","n/e","n/e","n/e","n/e","n/e","2206","n/e","n/e","16","n/e","0","n/e","n/e","180"
"BZN|SE1","19.05.2022 02:00 - 19.05.2022 03:00 (CET/CEST)","n/e","n/e","n/e","n/e","n/e","n/e","n/e","n/e","n/e","n/e","n/e","n/e","n/e","2187","n/e","n/e","16","n/e","0","n/e","n/e","198"
"BZN|SE1","19.05.2022 03:00 - 19.05.2022 04:00 (CET/CEST)","n/e","n/e","n/e","n/e","n/e","n/e","n/e","n/e","n/e","n/e","n/e","n/e","n/e","2193","n/e","n/e","16","n/e","0","n/e","n/e","187"
"BZN|SE1","19.05.2022 04:00 - 19.05.2022 05:00 (CET/CEST)","n/e","n/e","n/e","n/e","n/e","n/e","n/e","n/e","n/e","n/e","n/e","n/e","n/e","2302","n/e","n/e","16","n/e","0","n/e","n/e","152"
"BZN|SE1","19.05.2022 05:00 - 19.05.2022 06:00 (CET/CEST)","n/e","n/e","n/e","n/e","n/e","n/e","n/e","n/e","n/e","n/e","n/e","n/e","n/e","2817","n/e","n/e","17","n/e","0","n/e","n/e","106"
"BZN|SE1","19.05.2022 06:00 - 19.05.2022 07:00 (CET/CEST)","n/e","n/e","n/e","n/e","n/e","n/e","n/e","n/e","n/e","n/e","n/e","n/e","n/e","3089","n/e","n/e","22","n/e","0","n/e","n/e","64"
"BZN|SE1","19.05.2022 07:00 - 19.05.2022 08:00 (CET/CEST)","n/e","n/e","n/e","n/e","n/e","n/e","n/e","n/e","n/e","n/e","n/e","n/e","n/e","3151","n/e","n/e","22","n/e","1","n/e","n/e","51"
"BZN|SE1","19.05.2022 08:00 - 19.05.2022 09:00 (CET/CEST)","n/e","n/e","n/e","n/e","n/e","n/e","n/e","n/e","n/e","n/e","n/e","n/e","n/e","3133","n/e","n/e","23","n/e","1","n/e","n/e","48"
"BZN|SE1","19.05.2022 09:00 - 19.05.2022 10:00 (CET/CEST)","n/e","n/e","n/e","n/e","n/e","n/e","n/e","n/e","n/e","n/e","n/e","n/e","n/e","3150","n/e","n/e","23","n/e","2","n/e","n/e","42"
"BZN|SE1","19.05.2022 10:00 - 19.05.2022 11:00 (CET/CEST)","n/e","n/e","n/e","n/e","n/e","n/e","n/e","n/e","n/e","n/e","n/e","n/e","n/e","3157","n/e","n/e","23","n/e","2","n/e","n/e","44"
"BZN|SE1","19.05.2022 11:00 - 19.05.2022 12:00 (CET/CEST)","n/e","n/e","n/e","n/e","n/e","n/e","n/e","n/e","n/e","n/e","n/e","n/e","n/e","3182","n/e","n/e","23","n/e","3","n/e","n/e","53"
"BZN|SE1","19.05.2022 12:00 - 19.05.2022 13:00 (CET/CEST)","n/e","n/e","n/e","n/e","n/e","n/e","n/e","n/e","n/e","n/e","n/e","n/e","n/e","3370","n/e","n/e","23","n/e","3","n/e","n/e","57"
"BZN|SE1","19.05.2022 13:00 - 19.05.2022 14:00 (CET/CEST)","n/e","n/e","n/e","n/e","n/e","n/e","n/e","n/e","n/e","n/e","n/e","n/e","n/e","3377","n/e","n/e","23","n/e","3","n/e","n/e","78"
"BZN|SE1","19.05.2022 14:00 - 19.05.2022 15:00 (CET/CEST)","n/e","n/e","n/e","n/e","n/e","n/e","n/e","n/e","n/e","n/e","n/e","n/e","n/e","3342","n/e","n/e","23","n/e","3","n/e","n/e","66"
"BZN|SE1","19.05.2022 15:00 - 19.05.2022 16:00 (CET/CEST)","n/e","n/e","n/e","n/e","n/e","n/e","n/e","n/e","n/e","n/e","n/e","n/e","n/e","3163","n/e","n/e","23","n/e","2","n/e","n/e","58"
"BZN|SE1","19.05.2022 16:00 - 19.05.2022 17:00 (CET/CEST)","n/e","n/e","n/e","n/e","n/e","n/e","n/e","n/e","n/e","n/e","n/e","n/e","n/e","3163","n/e","n/e","23","n/e","2","n/e","n/e","67"
"BZN|SE1","19.05.2022 17:00 - 19.05.2022 18:00 (CET/CEST)","n/e","n/e","n/e","n/e","n/e","n/e","n/e","n/e","n/e","n/e","n/e","n/e","n/e","3224","n/e","n/e","22","n/e","1","n/e","n/e","84"
"BZN|SE1","19.05.2022 18:00 - 19.05.2022 19:00 (CET/CEST)","n/e","n/e","n/e","n/e","n/e","n/e","n/e","n/e","n/e","n/e","n/e","n/e","n/e","2926","n/e","n/e","22","n/e","1","n/e","n/e","109"
"BZN|SE1","19.05.2022 19:00 - 19.05.2022 20:00 (CET/CEST)","n/e","n/e","n/e","n/e","n/e","n/e","n/e","n/e","n/e","n/e","n/e","n/e","n/e","2906","n/e","n/e","19","n/e","0","n/e","n/e","144"
"BZN|SE1","19.05.2022 20:00 - 19.05.2022 21:00 (CET/CEST)","n/e","n/e","n/e","n/e","n/e","n/e","n/e","n/e","n/e","n/e","n/e","n/e","n/e","2790","n/e","n/e","19","n/e","0","n/e","n/e","209"
"BZN|SE1","19.05.2022 21:00 - 19.05.2022 22:00 (CET/CEST)","n/e","n/e","n/e","n/e","n/e","n/e","n/e","n/e","n/e","n/e","n/e","n/e","n/e","2528","n/e","n/e","18","n/e","0","n/e","n/e","301"
"BZN|SE1","19.05.2022 22:00 - 19.05.2022 23:00 (CET/CEST)","n/e","n/e","n/e","n/e","n/e","n/e","n/e","n/e","n/e","n/e","n/e","n/e","n/e","2553","n/e","n/e","16","n/e","0","n/e","n/e","423"
"BZN|SE1","19.05.2022 23:00 - 20.05.2022 00:00 (CET/CEST)","n/e","n/e","n/e","n/e","n/e","n/e","n/e","n/e","n/e","n/e","n/e","n/e","n/e","2557","n/e","n/e","16","n/e","0","n/e","n/e","449"
"BZN|SE1","20.05.2022 00:00 - 20.05.2022 01:00 (CET/CEST)","n/e","n/e","n/e","n/e","n/e","n/e","n/e","n/e","n/e","n/e","n/e","n/e","n/e","2076","n/e","n/e","15","n/e","0","n/e","n/e","489"
"BZN|SE1","20.05.2022 01:00 - 20.05.2022 02:00 (CET/CEST)","n/e","n/e","n/e","n/e","n/e","n/e","n/e","n/e","n/e","n/e","n/e","n/e","n/e","2086","n/e","n/e","15","n/e","0","n/e","n/e","504"
"BZN|SE1","20.05.2022 02:00 - 20.05.2022 03:00 (CET/CEST)","n/e","n/e","n/e","n/e","n/e","n/e","n/e","n/e","n/e","n/e","n/e","n/e","n/e","2198","n/e","n/e","15","n/e","0","n/e","n/e","509"
"BZN|SE1","20.05.2022 03:00 - 20.05.2022 04:00 (CET/CEST)","n/e","n/e","n/e","n/e","n/e","n/e","n/e","n/e","n/e","n/e","n/e","n/e","n/e","2435","n/e","n/e","15","n/e","0","n/e","n/e","473"
"BZN|SE1","20.05.2022 04:00 - 20.05.2022 05:00 (CET/CEST)","n/e","n/e","n/e","n/e","n/e","n/e","n/e","n/e","n/e","n/e","n/e","n/e","n/e","2488","n/e","n/e","15","n/e","0","n/e","n/e","410"
"BZN|SE1","20.05.2022 05:00 - 20.05.2022 06:00 (CET/CEST)","n/e","n/e","n/e","n/e","n/e","n/e","n/e","n/e","n/e","n/e","n/e","n/e","n/e","2851","n/e","n/e","19","n/e","0","n/e","n/e","364"
"BZN|SE1","20.05.2022 06:00 - 20.05.2022 07:00 (CET/CEST)","n/e","n/e","n/e","n/e","n/e","n/e","n/e","n/e","n/e","n/e","n/e","n/e","n/e","3430","n/e","n/e","23","n/e","0","n/e","n/e","333"
"BZN|SE1","20.05.2022 07:00 - 20.05.2022 08:00 (CET/CEST)","n/e","n/e","n/e","n/e","n/e","n/e","n/e","n/e","n/e","n/e","n/e","n/e","n/e","3463","n/e","n/e","31","n/e","1","n/e","n/e","318"
"BZN|SE1","20.05.2022 08:00 - 20.05.2022 09:00 (CET/CEST)","n/e","n/e","n/e","n/e","n/e","n/e","n/e","n/e","n/e","n/e","n/e","n/e","n/e","3434","n/e","n/e","31","n/e","1","n/e","n/e","276"
"BZN|SE1","20.05.2022 09:00 - 20.05.2022 10:00 (CET/CEST)","n/e","n/e","n/e","n/e","n/e","n/e","n/e","n/e","n/e","n/e","n/e","n/e","n/e","3428","n/e","n/e","31","n/e","2","n/e","n/e","265"
"BZN|SE1","20.05.2022 10:00 - 20.05.2022 11:00 (CET/CEST)","n/e","n/e","n/e","n/e","n/e","n/e","n/e","n/e","n/e","n/e","n/e","n/e","n/e","3421","n/e","n/e","32","n/e","2","n/e","n/e","253"
"BZN|SE1","20.05.2022 11:00 - 20.05.2022 12:00 (CET/CEST)","n/e","n/e","n/e","n/e","n/e","n/e","n/e","n/e","n/e","n/e","n/e","n/e","n/e","3408","n/e","n/e","32","n/e","2","n/e","n/e","267"
"BZN|SE1","20.05.2022 12:00 - 20.05.2022 13:00 (CET/CEST)","n/e","n/e","n/e","n/e","n/e","n/e","n/e","n/e","n/e","n/e","n/e","n/e","n/e","3377","n/e","n/e","32","n/e","2","n/e","n/e","263"
"BZN|SE1","20.05.2022 13:00 - 20.05.2022 14:00 (CET/CEST)","n/e","n/e","n/e","n/e","n/e","n/e","n/e","n/e","n/e","n/e","n/e","n/e","n/e","3371","n/e","n/e","32","n/e","2","n/e","n/e","282"
"BZN|SE1","20.05.2022 14:00 - 20.05.2022 15:00 (CET/CEST)","n/e","n/e","n/e","n/e","n/e","n/e","n/e","n/e","n/e","n/e","n/e","n/e","n/e","3312","n/e","n/e","32","n/e","2","n/e","n/e","274"
"BZN|SE1","20.05.2022 15:00 - 20.05.2022 16:00 (CET/CEST)","n/e","n/e","n/e","n/e","n/e","n/e","n/e","n/e","n/e","n/e","n/e","n/e","n/e","3322","n/e","n/e","31","n/e","1","n/e","n/e","240"
"BZN|SE1","20.05.2022 16:00 - 20.05.2022 17:00 (CET/CEST)","n/e","n/e","n/e","n/e","n/e","n/e","n/e","n/e","n/e","n/e","n/e","n/e","n/e","3263","n/e","n/e","31","n/e","1","n/e","n/e","249"
"BZN|SE1","20.05.2022 17:00 - 20.05.2022 18:00 (CET/CEST)","n/e","n/e","n/e","n/e","n/e","n/e","n/e","n/e","n/e","n/e","n/e","n/e","n/e","3181","n/e","n/e","28","n/e","1","n/e","n/e","237"
"BZN|SE1","20.05.2022 18:00 - 20.05.2022 19:00 (CET/CEST)","n/e","n/e","n/e","n/e","n/e","n/e","n/e","n/e","n/e","n/e","n/e","n/e","n/e","3086","n/e","n/e","28","n/e","0","n/e","n/e","202"
"BZN|SE1","20.05.2022 19:00 - 20.05.2022 20:00 (CET/CEST)","n/e","n/e","n/e","n/e","n/e","n/e","n/e","n/e","n/e","n/e","n/e","n/e","n/e","2992","n/e","n/e","28","n/e","0","n/e","n/e","219"
"BZN|SE1","20.05.2022 20:00 - 20.05.2022 21:00 (CET/CEST)","n/e","n/e","n/e","n/e","n/e","n/e","n/e","n/e","n/e","n/e","n/e","n/e","n/e","2940","n/e","n/e","27","n/e","0","n/e","n/e","332"
"BZN|SE1","20.05.2022 21:00 - 20.05.2022 22:00 (CET/CEST)","n/e","n/e","n/e","n/e","n/e","n/e","n/e","n/e","n/e","n/e","n/e","n/e","n/e","2554","n/e","n/e","22","n/e","0","n/e","n/e","467"
"BZN|SE1","20.05.2022 22:00 - 20.05.2022 23:00 (CET/CEST)","n/e","n/e","n/e","n/e","n/e","n/e","n/e","n/e","n/e","n/e","n/e","n/e","n/e","2493","n/e","n/e","18","n/e","0","n/e","n/e","574"
"BZN|SE1","20.05.2022 23:00 - 21.05.2022 00:00 (CET/CEST)","n/e","n/e","n/e","n/e","n/e","n/e","n/e","n/e","n/e","n/e","n/e","n/e","n/e","2462","n/e","n/e","18","n/e","0","n/e","n/e","655"
"BZN|SE1","21.05.2022 00:00 - 21.05.2022 01:00 (CET/CEST)","n/e","n/e","n/e","n/e","n/e","n/e","n/e","n/e","n/e","n/e","n/e","n/e","n/e","2099","n/e","n/e","15","n/e","0","n/e","n/e","660"
"BZN|SE1","21.05.2022 01:00 - 21.05.2022 02:00 (CET/CEST)","n/e","n/e","n/e","n/e","n/e","n/e","n/e","n/e","n/e","n/e","n/e","n/e","n/e","2097","n/e","n/e","15","n/e","0","n/e","n/e","596"
"BZN|SE1","21.05.2022 02:00 - 21.05.2022 03:00 (CET/CEST)","n/e","n/e","n/e","n/e","n/e","n/e","n/e","n/e","n/e","n/e","n/e","n/e","n/e","2065","n/e","n/e","15","n/e","0","n/e","n/e","559"
"BZN|SE1","21.05.2022 03:00 - 21.05.2022 04:00 (CET/CEST)","n/e","n/e","n/e","n/e","n/e","n/e","n/e","n/e","n/e","n/e","n/e","n/e","n/e","2223","n/e","n/e","15","n/e","0","n/e","n/e","586"
"BZN|SE1","21.05.2022 04:00 - 21.05.2022 05:00 (CET/CEST)","n/e","n/e","n/e","n/e","n/e","n/e","n/e","n/e","n/e","n/e","n/e","n/e","n/e","2315","n/e","n/e","15","n/e","0","n/e","n/e","487"
"BZN|SE1","21.05.2022 05:00 - 21.05.2022 06:00 (CET/CEST)","n/e","n/e","n/e","n/e","n/e","n/e","n/e","n/e","n/e","n/e","n/e","n/e","n/e","2386","n/e","n/e","15","n/e","0","n/e","n/e","352"
"BZN|SE1","21.05.2022 06:00 - 21.05.2022 07:00 (CET/CEST)","n/e","n/e","n/e","n/e","n/e","n/e","n/e","n/e","n/e","n/e","n/e","n/e","n/e","2037","n/e","n/e","15","n/e","0","n/e","n/e","264"
"BZN|SE1","21.05.2022 07:00 - 21.05.2022 08:00 (CET/CEST)","n/e","n/e","n/e","n/e","n/e","n/e","n/e","n/e","n/e","n/e","n/e","n/e","n/e","2524","n/e","n/e","15","n/e","1","n/e","n/e","145"
"BZN|SE1","21.05.2022 08:00 - 21.05.2022 09:00 (CET/CEST)","n/e","n/e","n/e","n/e","n/e","n/e","n/e","n/e","n/e","n/e","n/e","n/e","n/e","2542","n/e","n/e","15","n/e","1","n/e","n/e","86"
"BZN|SE1","21.05.2022 09:00 - 21.05.2022 10:00 (CET/CEST)","n/e","n/e","n/e","n/e","n/e","n/e","n/e","n/e","n/e","n/e","n/e","n/e","n/e","2576","n/e","n/e","15","n/e","2","n/e","n/e","81"
"BZN|SE1","21.05.2022 10:00 - 21.05.2022 11:00 (CET/CEST)","n/e","n/e","n/e","n/e","n/e","n/e","n/e","n/e","n/e","n/e","n/e","n/e","n/e","2449","n/e","n/e","15","n/e","3","n/e","n/e","88"
"BZN|SE1","21.05.2022 11:00 - 21.05.2022 12:00 (CET/CEST)","n/e","n/e","n/e","n/e","n/e","n/e","n/e","n/e","n/e","n/e","n/e","n/e","n/e","2387","n/e","n/e","16","n/e","3","n/e","n/e","95"
"BZN|SE1","21.05.2022 12:00 - 21.05.2022 13:00 (CET/CEST)","n/e","n/e","n/e","n/e","n/e","n/e","n/e","n/e","n/e","n/e","n/e","n/e","n/e","2104","n/e","n/e","16","n/e","3","n/e","n/e","108"
"BZN|SE1","21.05.2022 13:00 - 21.05.2022 14:00 (CET/CEST)","n/e","n/e","n/e","n/e","n/e","n/e","n/e","n/e","n/e","n/e","n/e","n/e","n/e","1886","n/e","n/e","16","n/e","3","n/e","n/e","121"
"BZN|SE1","21.05.2022 14:00 - 21.05.2022 15:00 (CET/CEST)","n/e","n/e","n/e","n/e","n/e","n/e","n/e","n/e","n/e","n/e","n/e","n/e","n/e","1851","n/e","n/e","16","n/e","3","n/e","n/e","115"
"BZN|SE1","21.05.2022 15:00 - 21.05.2022 16:00 (CET/CEST)","n/e","n/e","n/e","n/e","n/e","n/e","n/e","n/e","n/e","n/e","n/e","n/e","n/e","1896","n/e","n/e","16","n/e","2","n/e","n/e","86"
"BZN|SE1","21.05.2022 16:00 - 21.05.2022 17:00 (CET/CEST)","n/e","n/e","n/e","n/e","n/e","n/e","n/e","n/e","n/e","n/e","n/e","n/e","n/e","2077","n/e","n/e","16","n/e","2","n/e","n/e","105"
"BZN|SE1","21.05.2022 17:00 - 21.05.2022 18:00 (CET/CEST)","n/e","n/e","n/e","n/e","n/e","n/e","n/e","n/e","n/e","n/e","n/e","n/e","n/e","2623","n/e","n/e","15","n/e","1","n/e","n/e","174"
"BZN|SE1","21.05.2022 18:00 - 21.05.2022 19:00 (CET/CEST)","n/e","n/e","n/e","n/e","n/e","n/e","n/e","n/e","n/e","n/e","n/e","n/e","n/e","2553","n/e","n/e","15","n/e","1","n/e","n/e","201"
"BZN|SE1","21.05.2022 19:00 - 21.05.2022 20:00 (CET/CEST)","n/e","n/e","n/e","n/e","n/e","n/e","n/e","n/e","n/e","n/e","n/e","n/e","n/e","2488","n/e","n/e","15","n/e","0","n/e","n/e","215"
"BZN|SE1","21.05.2022 20:00 - 21.05.2022 21:00 (CET/CEST)","n/e","n/e","n/e","n/e","n/e","n/e","n/e","n/e","n/e","n/e","n/e","n/e","n/e","2314","n/e","n/e","15","n/e","0","n/e","n/e","326"
"BZN|SE1","21.05.2022 21:00 - 21.05.2022 22:00 (CET/CEST)","n/e","n/e","n/e","n/e","n/e","n/e","n/e","n/e","n/e","n/e","n/e","n/e","n/e","2133","n/e","n/e","15","n/e","0","n/e","n/e","459"
"BZN|SE1","21.05.2022 22:00 - 21.05.2022 23:00 (CET/CEST)","n/e","n/e","n/e","n/e","n/e","n/e","n/e","n/e","n/e","n/e","n/e","n/e","n/e","2010","n/e","n/e","15","n/e","0","n/e","n/e","652"
"BZN|SE1","21.05.2022 23:00 - 22.05.2022 00:00 (CET/CEST)","n/e","n/e","n/e","n/e","n/e","n/e","n/e","n/e","n/e","n/e","n/e","n/e","n/e","2028","n/e","n/e","15","n/e","0","n/e","n/e","832"
"BZN|SE1","22.05.2022 00:00 - 22.05.2022 01:00 (CET/CEST)","n/e","n/e","n/e","n/e","n/e","n/e","n/e","n/e","n/e","n/e","n/e","n/e","n/e","2103","n/e","n/e","14","n/e","0","n/e","n/e","890"
"BZN|SE1","22.05.2022 01:00 - 22.05.2022 02:00 (CET/CEST)","n/e","n/e","n/e","n/e","n/e","n/e","n/e","n/e","n/e","n/e","n/e","n/e","n/e","2533","n/e","n/e","14","n/e","0","n/e","n/e","845"
"BZN|SE1","22.05.2022 02:00 - 22.05.2022 03:00 (CET/CEST)","n/e","n/e","n/e","n/e","n/e","n/e","n/e","n/e","n/e","n/e","n/e","n/e","n/e","2555","n/e","n/e","14","n/e","0","n/e","n/e","763"
"BZN|SE1","22.05.2022 03:00 - 22.05.2022 04:00 (CET/CEST)","n/e","n/e","n/e","n/e","n/e","n/e","n/e","n/e","n/e","n/e","n/e","n/e","n/e","2561","n/e","n/e","14","n/e","0","n/e","n/e","789"
"BZN|SE1","22.05.2022 04:00 - 22.05.2022 05:00 (CET/CEST)","n/e","n/e","n/e","n/e","n/e","n/e","n/e","n/e","n/e","n/e","n/e","n/e","n/e","2606","n/e","n/e","14","n/e","0","n/e","n/e","694"
"BZN|SE1","22.05.2022 05:00 - 22.05.2022 06:00 (CET/CEST)","n/e","n/e","n/e","n/e","n/e","n/e","n/e","n/e","n/e","n/e","n/e","n/e","n/e","2638","n/e","n/e","15","n/e","0","n/e","n/e","574"
"BZN|SE1","22.05.2022 06:00 - 22.05.2022 07:00 (CET/CEST)","n/e","n/e","n/e","n/e","n/e","n/e","n/e","n/e","n/e","n/e","n/e","n/e","n/e","2621","n/e","n/e","15","n/e","0","n/e","n/e","419"
"BZN|SE1","22.05.2022 07:00 - 22.05.2022 08:00 (CET/CEST)","n/e","n/e","n/e","n/e","n/e","n/e","n/e","n/e","n/e","n/e","n/e","n/e","n/e","2796","n/e","n/e","15","n/e","1","n/e","n/e","235"
"BZN|SE1","22.05.2022 08:00 - 22.05.2022 09:00 (CET/CEST)","n/e","n/e","n/e","n/e","n/e","n/e","n/e","n/e","n/e","n/e","n/e","n/e","n/e","2903","n/e","n/e","15","n/e","2","n/e","n/e","123"
"BZN|SE1","22.05.2022 09:00 - 22.05.2022 10:00 (CET/CEST)","n/e","n/e","n/e","n/e","n/e","n/e","n/e","n/e","n/e","n/e","n/e","n/e","n/e","2861","n/e","n/e","15","n/e","2","n/e","n/e","91"
"BZN|SE1","22.05.2022 10:00 - 22.05.2022 11:00 (CET/CEST)","n/e","n/e","n/e","n/e","n/e","n/e","n/e","n/e","n/e","n/e","n/e","n/e","n/e","2765","n/e","n/e","15","n/e","3","n/e","n/e","99"
"BZN|SE1","22.05.2022 11:00 - 22.05.2022 12:00 (CET/CEST)","n/e","n/e","n/e","n/e","n/e","n/e","n/e","n/e","n/e","n/e","n/e","n/e","n/e","2778","n/e","n/e","16","n/e","3","n/e","n/e","124"
"BZN|SE1","22.05.2022 12:00 - 22.05.2022 13:00 (CET/CEST)","n/e","n/e","n/e","n/e","n/e","n/e","n/e","n/e","n/e","n/e","n/e","n/e","n/e","2602","n/e","n/e","15","n/e","3","n/e","n/e","151"
"BZN|SE1","22.05.2022 13:00 - 22.05.2022 14:00 (CET/CEST)","n/e","n/e","n/e","n/e","n/e","n/e","n/e","n/e","n/e","n/e","n/e","n/e","n/e","2833","n/e","n/e","16","n/e","3","n/e","n/e","163"
"BZN|SE1","22.05.2022 14:00 - 22.05.2022 15:00 (CET/CEST)","n/e","n/e","n/e","n/e","n/e","n/e","n/e","n/e","n/e","n/e","n/e","n/e","n/e","2778","n/e","n/e","16","n/e","2","n/e","n/e","171"
"BZN|SE1","22.05.2022 15:00 - 22.05.2022 16:00 (CET/CEST)","n/e","n/e","n/e","n/e","n/e","n/e","n/e","n/e","n/e","n/e","n/e","n/e","n/e","2873","n/e","n/e","15","n/e","2","n/e","n/e","161"
"BZN|SE1","22.05.2022 16:00 - 22.05.2022 17:00 (CET/CEST)","n/e","n/e","n/e","n/e","n/e","n/e","n/e","n/e","n/e","n/e","n/e","n/e","n/e","2926","n/e","n/e","15","n/e","1","n/e","n/e","116"
"BZN|SE1","22.05.2022 17:00 - 22.05.2022 18:00 (CET/CEST)","n/e","n/e","n/e","n/e","n/e","n/e","n/e","n/e","n/e","n/e","n/e","n/e","n/e","3076","n/e","n/e","15","n/e","1","n/e","n/e","166"
"BZN|SE1","22.05.2022 18:00 - 22.05.2022 19:00 (CET/CEST)","n/e","n/e","n/e","n/e","n/e","n/e","n/e","n/e","n/e","n/e","n/e","n/e","n/e","2857","n/e","n/e","15","n/e","1","n/e","n/e","138"
"BZN|SE1","22.05.2022 19:00 - 22.05.2022 20:00 (CET/CEST)","n/e","n/e","n/e","n/e","n/e","n/e","n/e","n/e","n/e","n/e","n/e","n/e","n/e","2836","n/e","n/e","14","n/e","0","n/e","n/e","139"
"BZN|SE1","22.05.2022 20:00 - 22.05.2022 21:00 (CET/CEST)","n/e","n/e","n/e","n/e","n/e","n/e","n/e","n/e","n/e","n/e","n/e","n/e","n/e","2750","n/e","n/e","14","n/e","0","n/e","n/e","134"
"BZN|SE1","22.05.2022 21:00 - 22.05.2022 22:00 (CET/CEST)","n/e","n/e","n/e","n/e","n/e","n/e","n/e","n/e","n/e","n/e","n/e","n/e","n/e","2533","n/e","n/e","14","n/e","0","n/e","n/e","150"
"BZN|SE1","22.05.2022 22:00 - 22.05.2022 23:00 (CET/CEST)","n/e","n/e","n/e","n/e","n/e","n/e","n/e","n/e","n/e","n/e","n/e","n/e","n/e","2543","n/e","n/e","14","n/e","0","n/e","n/e","198"
"BZN|SE1","22.05.2022 23:00 - 23.05.2022 00:00 (CET/CEST)","n/e","n/e","n/e","n/e","n/e","n/e","n/e","n/e","n/e","n/e","n/e","n/e","n/e","2490","n/e","n/e","14","n/e","0","n/e","n/e","245"
"BZN|SE1","23.05.2022 00:00 - 23.05.2022 01:00 (CET/CEST)","n/e","n/e","n/e","n/e","n/e","n/e","n/e","n/e","n/e","n/e","n/e","n/e","n/e","2305","n/e","n/e","14","n/e","0","n/e","n/e","191"
"BZN|SE1","23.05.2022 01:00 - 23.05.2022 02:00 (CET/CEST)","n/e","n/e","n/e","n/e","n/e","n/e","n/e","n/e","n/e","n/e","n/e","n/e","n/e","2474","n/e","n/e","14","n/e","0","n/e","n/e","204"
"BZN|SE1","23.05.2022 02:00 - 23.05.2022 03:00 (CET/CEST)","n/e","n/e","n/e","n/e","n/e","n/e","n/e","n/e","n/e","n/e","n/e","n/e","n/e","2603","n/e","n/e","14","n/e","0","n/e","n/e","173"
"BZN|SE1","23.05.2022 03:00 - 23.05.2022 04:00 (CET/CEST)","n/e","n/e","n/e","n/e","n/e","n/e","n/e","n/e","n/e","n/e","n/e","n/e","n/e","2601","n/e","n/e","14","n/e","0","n/e","n/e","103"
"BZN|SE1","23.05.2022 04:00 - 23.05.2022 05:00 (CET/CEST)","n/e","n/e","n/e","n/e","n/e","n/e","n/e","n/e","n/e","n/e","n/e","n/e","n/e","2589","n/e","n/e","14","n/e","0","n/e","n/e","78"
"BZN|SE1","23.05.2022 05:00 - 23.05.2022 06:00 (CET/CEST)","n/e","n/e","n/e","n/e","n/e","n/e","n/e","n/e","n/e","n/e","n/e","n/e","n/e","2651","n/e","n/e","19","n/e","0","n/e","n/e","59"
"BZN|SE1","23.05.2022 06:00 - 23.05.2022 07:00 (CET/CEST)","n/e","n/e","n/e","n/e","n/e","n/e","n/e","n/e","n/e","n/e","n/e","n/e","n/e","2959","n/e","n/e","19","n/e","0","n/e","n/e","33"
"BZN|SE1","23.05.2022 07:00 - 23.05.2022 08:00 (CET/CEST)","n/e","n/e","n/e","n/e","n/e","n/e","n/e","n/e","n/e","n/e","n/e","n/e","n/e","3082","n/e","n/e","19","n/e","1","n/e","n/e","23"
"BZN|SE1","23.05.2022 08:00 - 23.05.2022 09:00 (CET/CEST)","n/e","n/e","n/e","n/e","n/e","n/e","n/e","n/e","n/e","n/e","n/e","n/e","n/e","3100","n/e","n/e","20","n/e","1","n/e","n/e","21"
"BZN|SE1","23.05.2022 09:00 - 23.05.2022 10:00 (CET/CEST)","n/e","n/e","n/e","n/e","n/e","n/e","n/e","n/e","n/e","n/e","n/e","n/e","n/e","3200","n/e","n/e","20","n/e","2","n/e","n/e","37"
"BZN|SE1","23.05.2022 10:00 - 23.05.2022 11:00 (CET/CEST)","n/e","n/e","n/e","n/e","n/e","n/e","n/e","n/e","n/e","n/e","n/e","n/e","n/e","3059","n/e","n/e","20","n/e","2","n/e","n/e","47"
"BZN|SE1","23.05.2022 11:00 - 23.05.2022 12:00 (CET/CEST)","n/e","n/e","n/e","n/e","n/e","n/e","n/e","n/e","n/e","n/e","n/e","n/e","n/e","3063","n/e","n/e","15","n/e","3","n/e","n/e","55"
"BZN|SE1","23.05.2022 12:00 - 23.05.2022 13:00 (CET/CEST)","n/e","n/e","n/e","n/e","n/e","n/e","n/e","n/e","n/e","n/e","n/e","n/e","n/e","3006","n/e","n/e","15","n/e","3","n/e","n/e","77"
"BZN|SE1","23.05.2022 13:00 - 23.05.2022 14:00 (CET/CEST)","n/e","n/e","n/e","n/e","n/e","n/e","n/e","n/e","n/e","n/e","n/e","n/e","n/e","3026","n/e","n/e","15","n/e","3","n/e","n/e","86"
"BZN|SE1","23.05.2022 14:00 - 23.05.2022 15:00 (CET/CEST)","n/e","n/e","n/e","n/e","n/e","n/e","n/e","n/e","n/e","n/e","n/e","n/e","n/e","2991","n/e","n/e","15","n/e","3","n/e","n/e","108"
"BZN|SE1","23.05.2022 15:00 - 23.05.2022 16:00 (CET/CEST)","n/e","n/e","n/e","n/e","n/e","n/e","n/e","n/e","n/e","n/e","n/e","n/e","n/e","2743","n/e","n/e","15","n/e","2","n/e","n/e","165"
"BZN|SE1","23.05.2022 16:00 - 23.05.2022 17:00 (CET/CEST)","n/e","n/e","n/e","n/e","n/e","n/e","n/e","n/e","n/e","n/e","n/e","n/e","n/e","2713","n/e","n/e","14","n/e","2","n/e","n/e","185"
"BZN|SE1","23.05.2022 17:00 - 23.05.2022 18:00 (CET/CEST)","n/e","n/e","n/e","n/e","n/e","n/e","n/e","n/e","n/e","n/e","n/e","n/e","n/e","2717","n/e","n/e","14","n/e","1","n/e","n/e","267"
"BZN|SE1","23.05.2022 18:00 - 23.05.2022 19:00 (CET/CEST)","n/e","n/e","n/e","n/e","n/e","n/e","n/e","n/e","n/e","n/e","n/e","n/e","n/e","2715","n/e","n/e","14","n/e","1","n/e","n/e","286"
"BZN|SE1","23.05.2022 19:00 - 23.05.2022 20:00 (CET/CEST)","n/e","n/e","n/e","n/e","n/e","n/e","n/e","n/e","n/e","n/e","n/e","n/e","n/e","2706","n/e","n/e","14","n/e","0","n/e","n/e","311"
"BZN|SE1","23.05.2022 20:00 - 23.05.2022 21:00 (CET/CEST)","n/e","n/e","n/e","n/e","n/e","n/e","n/e","n/e","n/e","n/e","n/e","n/e","n/e","2769","n/e","n/e","13","n/e","0","n/e","n/e","313"
"BZN|SE1","23.05.2022 21:00 - 23.05.2022 22:00 (CET/CEST)","n/e","n/e","n/e","n/e","n/e","n/e","n/e","n/e","n/e","n/e","n/e","n/e","n/e","2642","n/e","n/e","13","n/e","0","n/e","n/e","343"
"BZN|SE1","23.05.2022 22:00 - 23.05.2022 23:00 (CET/CEST)","n/e","n/e","n/e","n/e","n/e","n/e","n/e","n/e","n/e","n/e","n/e","n/e","n/e","2546","n/e","n/e","13","n/e","0","n/e","n/e","441"
"BZN|SE1","23.05.2022 23:00 - 24.05.2022 00:00 (CET/CEST)","n/e","n/e","n/e","n/e","n/e","n/e","n/e","n/e","n/e","n/e","n/e","n/e","n/e","2369","n/e","n/e","13","n/e","0","n/e","n/e","505"
"BZN|SE1","24.05.2022 00:00 - 24.05.2022 01:00 (CET/CEST)","n/e","n/e","n/e","n/e","n/e","n/e","n/e","n/e","n/e","n/e","n/e","n/e","n/e","2261","n/e","n/e","13","n/e","0","n/e","n/e","565"
"BZN|SE1","24.05.2022 01:00 - 24.05.2022 02:00 (CET/CEST)","n/e","n/e","n/e","n/e","n/e","n/e","n/e","n/e","n/e","n/e","n/e","n/e","n/e","2208","n/e","n/e","13","n/e","0","n/e","n/e","580"
"BZN|SE1","24.05.2022 02:00 - 24.05.2022 03:00 (CET/CEST)","n/e","n/e","n/e","n/e","n/e","n/e","n/e","n/e","n/e","n/e","n/e","n/e","n/e","2126","n/e","n/e","13","n/e","0","n/e","n/e","535"
"BZN|SE1","24.05.2022 03:00 - 24.05.2022 04:00 (CET/CEST)","n/e","n/e","n/e","n/e","n/e","n/e","n/e","n/e","n/e","n/e","n/e","n/e","n/e","2155","n/e","n/e","13","n/e","0","n/e","n/e","475"
"BZN|SE1","24.05.2022 04:00 - 24.05.2022 05:00 (CET/CEST)","n/e","n/e","n/e","n/e","n/e","n/e","n/e","n/e","n/e","n/e","n/e","n/e","n/e","2175","n/e","n/e","14","n/e","0","n/e","n/e","481"
"BZN|SE1","24.05.2022 05:00 - 24.05.2022 06:00 (CET/CEST)","n/e","n/e","n/e","n/e","n/e","n/e","n/e","n/e","n/e","n/e","n/e","n/e","n/e","2100","n/e","n/e","14","n/e","0","n/e","n/e","434"
"BZN|SE1","24.05.2022 06:00 - 24.05.2022 07:00 (CET/CEST)","n/e","n/e","n/e","n/e","n/e","n/e","n/e","n/e","n/e","n/e","n/e","n/e","n/e","2674","n/e","n/e","19","n/e","0","n/e","n/e","299"
"BZN|SE1","24.05.2022 07:00 - 24.05.2022 08:00 (CET/CEST)","n/e","n/e","n/e","n/e","n/e","n/e","n/e","n/e","n/e","n/e","n/e","n/e","n/e","3086","n/e","n/e","14","n/e","1","n/e","n/e","231"
"BZN|SE1","24.05.2022 08:00 - 24.05.2022 09:00 (CET/CEST)","n/e","n/e","n/e","n/e","n/e","n/e","n/e","n/e","n/e","n/e","n/e","n/e","n/e","3085","n/e","n/e","14","n/e","1","n/e","n/e","308"
"BZN|SE1","24.05.2022 09:00 - 24.05.2022 10:00 (CET/CEST)","n/e","n/e","n/e","n/e","n/e","n/e","n/e","n/e","n/e","n/e","n/e","n/e","n/e","2988","n/e","n/e","14","n/e","2","n/e","n/e","353"
"BZN|SE1","24.05.2022 10:00 - 24.05.2022 11:00 (CET/CEST)","n/e","n/e","n/e","n/e","n/e","n/e","n/e","n/e","n/e","n/e","n/e","n/e","n/e","2600","n/e","n/e","15","n/e","3","n/e","n/e","365"
"BZN|SE1","24.05.2022 11:00 - 24.05.2022 12:00 (CET/CEST)","n/e","n/e","n/e","n/e","n/e","n/e","n/e","n/e","n/e","n/e","n/e","n/e","n/e","2448","n/e","n/e","15","n/e","3","n/e","n/e","408"
"BZN|SE1","24.05.2022 12:00 - 24.05.2022 13:00 (CET/CEST)","n/e","n/e","n/e","n/e","n/e","n/e","n/e","n/e","n/e","n/e","n/e","n/e","n/e","2216","n/e","n/e","15","n/e","3","n/e","n/e","447"
"BZN|SE1","24.05.2022 13:00 - 24.05.2022 14:00 (CET/CEST)","n/e","n/e","n/e","n/e","n/e","n/e","n/e","n/e","n/e","n/e","n/e","n/e","n/e","2220","n/e","n/e","15","n/e","3","n/e","n/e","530"
"BZN|SE1","24.05.2022 14:00 - 24.05.2022 15:00 (CET/CEST)","n/e","n/e","n/e","n/e","n/e","n/e","n/e","n/e","n/e","n/e","n/e","n/e","n/e","2190","n/e","n/e","15","n/e","3","n/e","n/e","612"
"BZN|SE1","24.05.2022 15:00 - 24.05.2022 16:00 (CET/CEST)","n/e","n/e","n/e","n/e","n/e","n/e","n/e","n/e","n/e","n/e","n/e","n/e","n/e","2101","n/e","n/e","14","n/e","2","n/e","n/e","705"
"BZN|SE1","24.05.2022 16:00 - 24.05.2022 17:00 (CET/CEST)","n/e","n/e","n/e","n/e","n/e","n/e","n/e","n/e","n/e","n/e","n/e","n/e","n/e","2020","n/e","n/e","14","n/e","1","n/e","n/e","777"
"BZN|SE1","24.05.2022 17:00 - 24.05.2022 18:00 (CET/CEST)","n/e","n/e","n/e","n/e","n/e","n/e","n/e","n/e","n/e","n/e","n/e","n/e","n/e","2038","n/e","n/e","14","n/e","1","n/e","n/e","818"
"BZN|SE1","24.05.2022 18:00 - 24.05.2022 19:00 (CET/CEST)","n/e","n/e","n/e","n/e","n/e","n/e","n/e","n/e","n/e","n/e","n/e","n/e","n/e","2159","n/e","n/e","14","n/e","0","n/e","n/e","792"
"BZN|SE1","24.05.2022 19:00 - 24.05.2022 20:00 (CET/CEST)","n/e","n/e","n/e","n/e","n/e","n/e","n/e","n/e","n/e","n/e","n/e","n/e","n/e","2074","n/e","n/e","14","n/e","0","n/e","n/e","863"
"BZN|SE1","24.05.2022 20:00 - 24.05.2022 21:00 (CET/CEST)","n/e","n/e","n/e","n/e","n/e","n/e","n/e","n/e","n/e","n/e","n/e","n/e","n/e","1906","n/e","n/e","14","n/e","0","n/e","n/e","927"
"BZN|SE1","24.05.2022 21:00 - 24.05.2022 22:00 (CET/CEST)","n/e","n/e","n/e","n/e","n/e","n/e","n/e","n/e","n/e","n/e","n/e","n/e","n/e","1795","n/e","n/e","14","n/e","0","n/e","n/e","1024"
"BZN|SE1","24.05.2022 22:00 - 24.05.2022 23:00 (CET/CEST)","n/e","n/e","n/e","n/e","n/e","n/e","n/e","n/e","n/e","n/e","n/e","n/e","n/e","1517","n/e","n/e","14","n/e","0","n/e","n/e","1060"
"BZN|SE1","24.05.2022 23:00 - 25.05.2022 00:00 (CET/CEST)","n/e","n/e","n/e","n/e","n/e","n/e","n/e","n/e","n/e","n/e","n/e","n/e","n/e","1371","n/e","n/e","13","n/e","0","n/e","n/e","1006"
"BZN|SE1","25.05.2022 00:00 - 25.05.2022 01:00 (CET/CEST)","n/e","n/e","n/e","n/e","n/e","n/e","n/e","n/e","n/e","n/e","n/e","n/e","n/e","1445","n/e","n/e","11","n/e","0","n/e","n/e","994"
"BZN|SE1","25.05.2022 01:00 - 25.05.2022 02:00 (CET/CEST)","n/e","n/e","n/e","n/e","n/e","n/e","n/e","n/e","n/e","n/e","n/e","n/e","n/e","1586","n/e","n/e","11","n/e","0","n/e","n/e","1091"
"BZN|SE1","25.05.2022 02:00 - 25.05.2022 03:00 (CET/CEST)","n/e","n/e","n/e","n/e","n/e","n/e","n/e","n/e","n/e","n/e","n/e","n/e","n/e","1609","n/e","n/e","11","n/e","0","n/e","n/e","1126"
"BZN|SE1","25.05.2022 03:00 - 25.05.2022 04:00 (CET/CEST)","n/e","n/e","n/e","n/e","n/e","n/e","n/e","n/e","n/e","n/e","n/e","n/e","n/e","1697","n/e","n/e","11","n/e","0","n/e","n/e","1113"
"BZN|SE1","25.05.2022 04:00 - 25.05.2022 05:00 (CET/CEST)","n/e","n/e","n/e","n/e","n/e","n/e","n/e","n/e","n/e","n/e","n/e","n/e","n/e","1809","n/e","n/e","11","n/e","0","n/e","n/e","1074"
"BZN|SE1","25.05.2022 05:00 - 25.05.2022 06:00 (CET/CEST)","n/e","n/e","n/e","n/e","n/e","n/e","n/e","n/e","n/e","n/e","n/e","n/e","n/e","1899","n/e","n/e","11","n/e","0","n/e","n/e","1108"
"BZN|SE1","25.05.2022 06:00 - 25.05.2022 07:00 (CET/CEST)","n/e","n/e","n/e","n/e","n/e","n/e","n/e","n/e","n/e","n/e","n/e","n/e","n/e","2114","n/e","n/e","12","n/e","0","n/e","n/e","987"
"BZN|SE1","25.05.2022 07:00 - 25.05.2022 08:00 (CET/CEST)","n/e","n/e","n/e","n/e","n/e","n/e","n/e","n/e","n/e","n/e","n/e","n/e","n/e","2544","n/e","n/e","12","n/e","1","n/e","n/e","652"
"BZN|SE1","25.05.2022 08:00 - 25.05.2022 09:00 (CET/CEST)","n/e","n/e","n/e","n/e","n/e","n/e","n/e","n/e","n/e","n/e","n/e","n/e","n/e","2745","n/e","n/e","12","n/e","1","n/e","n/e","614"
"BZN|SE1","25.05.2022 09:00 - 25.05.2022 10:00 (CET/CEST)","n/e","n/e","n/e","n/e","n/e","n/e","n/e","n/e","n/e","n/e","n/e","n/e","n/e","2855","n/e","n/e","12","n/e","2","n/e","n/e","726"
"BZN|SE1","25.05.2022 10:00 - 25.05.2022 11:00 (CET/CEST)","n/e","n/e","n/e","n/e","n/e","n/e","n/e","n/e","n/e","n/e","n/e","n/e","n/e","2753","n/e","n/e","13","n/e","2","n/e","n/e","881"
"BZN|SE1","25.05.2022 11:00 - 25.05.2022 12:00 (CET/CEST)","n/e","n/e","n/e","n/e","n/e","n/e","n/e","n/e","n/e","n/e","n/e","n/e","n/e","2736","n/e","n/e","13","n/e","2","n/e","n/e","1020"
"BZN|SE1","25.05.2022 12:00 - 25.05.2022 13:00 (CET/CEST)","n/e","n/e","n/e","n/e","n/e","n/e","n/e","n/e","n/e","n/e","n/e","n/e","n/e","2761","n/e","n/e","13","n/e","2","n/e","n/e","1077"
"BZN|SE1","25.05.2022 13:00 - 25.05.2022 14:00 (CET/CEST)","n/e","n/e","n/e","n/e","n/e","n/e","n/e","n/e","n/e","n/e","n/e","n/e","n/e","2747","n/e","n/e","12","n/e","2","n/e","n/e","1099"
"BZN|SE1","25.05.2022 14:00 - 25.05.2022 15:00 (CET/CEST)","n/e","n/e","n/e","n/e","n/e","n/e","n/e","n/e","n/e","n/e","n/e","n/e","n/e","3048","n/e","n/e","12","n/e","2","n/e","n/e","1127"
"BZN|SE1","25.05.2022 15:00 - 25.05.2022 16:00 (CET/CEST)","n/e","n/e","n/e","n/e","n/e","n/e","n/e","n/e","n/e","n/e","n/e","n/e","n/e","3016","n/e","n/e","12","n/e","2","n/e","n/e","1118"
"BZN|SE1","25.05.2022 16:00 - 25.05.2022 17:00 (CET/CEST)","n/e","n/e","n/e","n/e","n/e","n/e","n/e","n/e","n/e","n/e","n/e","n/e","n/e","2979","n/e","n/e","12","n/e","1","n/e","n/e","1031"
"BZN|SE1","25.05.2022 17:00 - 25.05.2022 18:00 (CET/CEST)","n/e","n/e","n/e","n/e","n/e","n/e","n/e","n/e","n/e","n/e","n/e","n/e","n/e","3145","n/e","n/e","12","n/e","1","n/e","n/e","921"
"BZN|SE1","25.05.2022 18:00 - 25.05.2022 19:00 (CET/CEST)","n/e","n/e","n/e","n/e","n/e","n/e","n/e","n/e","n/e","n/e","n/e","n/e","n/e","2863","n/e","n/e","11","n/e","0","n/e","n/e","762"
"BZN|SE1","25.05.2022 19:00 - 25.05.2022 20:00 (CET/CEST)","n/e","n/e","n/e","n/e","n/e","n/e","n/e","n/e","n/e","n/e","n/e","n/e","n/e","2864","n/e","n/e","11","n/e","0","n/e","n/e","723"
"BZN|SE1","25.05.2022 20:00 - 25.05.2022 21:00 (CET/CEST)","n/e","n/e","n/e","n/e","n/e","n/e","n/e","n/e","n/e","n/e","n/e","n/e","n/e","2886","n/e","n/e","11","n/e","0","n/e","n/e","638"
"BZN|SE1","25.05.2022 21:00 - 25.05.2022 22:00 (CET/CEST)","n/e","n/e","n/e","n/e","n/e","n/e","n/e","n/e","n/e","n/e","n/e","n/e","n/e","2733","n/e","n/e","11","n/e","0","n/e","n/e","601"
"BZN|SE1","25.05.2022 22:00 - 25.05.2022 23:00 (CET/CEST)","n/e","n/e","n/e","n/e","n/e","n/e","n/e","n/e","n/e","n/e","n/e","n/e","n/e","2742","n/e","n/e","11","n/e","0","n/e","n/e","593"
"BZN|SE1","25.05.2022 23:00 - 26.05.2022 00:00 (CET/CEST)","n/e","n/e","n/e","n/e","n/e","n/e","n/e","n/e","n/e","n/e","n/e","n/e","n/e","2690","n/e","n/e","11","n/e","0","n/e","n/e","559"
"BZN|SE1","26.05.2022 00:00 - 26.05.2022 01:00 (CET/CEST)","n/e","n/e","n/e","n/e","n/e","n/e","n/e","n/e","n/e","n/e","n/e","n/e","n/e","2717","n/e","n/e","13","n/e","0","n/e","n/e","480"
"BZN|SE1","26.05.2022 01:00 - 26.05.2022 02:00 (CET/CEST)","n/e","n/e","n/e","n/e","n/e","n/e","n/e","n/e","n/e","n/e","n/e","n/e","n/e","2572","n/e","n/e","13","n/e","0","n/e","n/e","393"
"BZN|SE1","26.05.2022 02:00 - 26.05.2022 03:00 (CET/CEST)","n/e","n/e","n/e","n/e","n/e","n/e","n/e","n/e","n/e","n/e","n/e","n/e","n/e","2387","n/e","n/e","13","n/e","0","n/e","n/e","358"
"BZN|SE1","26.05.2022 03:00 - 26.05.2022 04:00 (CET/CEST)","n/e","n/e","n/e","n/e","n/e","n/e","n/e","n/e","n/e","n/e","n/e","n/e","n/e","2384","n/e","n/e","13","n/e","0","n/e","n/e","268"
"BZN|SE1","26.05.2022 04:00 - 26.05.2022 05:00 (CET/CEST)","n/e","n/e","n/e","n/e","n/e","n/e","n/e","n/e","n/e","n/e","n/e","n/e","n/e","2439","n/e","n/e","13","n/e","0","n/e","n/e","210"
"BZN|SE1","26.05.2022 05:00 - 26.05.2022 06:00 (CET/CEST)","n/e","n/e","n/e","n/e","n/e","n/e","n/e","n/e","n/e","n/e","n/e","n/e","n/e","2487","n/e","n/e","13","n/e","0","n/e","n/e","192"
"BZN|SE1","26.05.2022 06:00 - 26.05.2022 07:00 (CET/CEST)","n/e","n/e","n/e","n/e","n/e","n/e","n/e","n/e","n/e","n/e","n/e","n/e","n/e","2689","n/e","n/e","13","n/e","0","n/e","n/e","177"
"BZN|SE1","26.05.2022 07:00 - 26.05.2022 08:00 (CET/CEST)","n/e","n/e","n/e","n/e","n/e","n/e","n/e","n/e","n/e","n/e","n/e","n/e","n/e","2885","n/e","n/e","13","n/e","0","n/e","n/e","207"
"BZN|SE1","26.05.2022 08:00 - 26.05.2022 09:00 (CET/CEST)","n/e","n/e","n/e","n/e","n/e","n/e","n/e","n/e","n/e","n/e","n/e","n/e","n/e","2873","n/e","n/e","13","n/e","0","n/e","n/e","173"
"BZN|SE1","26.05.2022 09:00 - 26.05.2022 10:00 (CET/CEST)","n/e","n/e","n/e","n/e","n/e","n/e","n/e","n/e","n/e","n/e","n/e","n/e","n/e","2214","n/e","n/e","13","n/e","0","n/e","n/e","163"
"BZN|SE1","26.05.2022 10:00 - 26.05.2022 11:00 (CET/CEST)","n/e","n/e","n/e","n/e","n/e","n/e","n/e","n/e","n/e","n/e","n/e","n/e","n/e","1622","n/e","n/e","13","n/e","0","n/e","n/e","186"
"BZN|SE1","26.05.2022 11:00 - 26.05.2022 12:00 (CET/CEST)","n/e","n/e","n/e","n/e","n/e","n/e","n/e","n/e","n/e","n/e","n/e","n/e","n/e","1597","n/e","n/e","13","n/e","0","n/e","n/e","177"
"BZN|SE1","26.05.2022 12:00 - 26.05.2022 13:00 (CET/CEST)","n/e","n/e","n/e","n/e","n/e","n/e","n/e","n/e","n/e","n/e","n/e","n/e","n/e","1583","n/e","n/e","13","n/e","0","n/e","n/e","179"
"BZN|SE1","26.05.2022 13:00 - 26.05.2022 14:00 (CET/CEST)","n/e","n/e","n/e","n/e","n/e","n/e","n/e","n/e","n/e","n/e","n/e","n/e","n/e","1520","n/e","n/e","13","n/e","0","n/e","n/e","171"
"BZN|SE1","26.05.2022 14:00 - 26.05.2022 15:00 (CET/CEST)","n/e","n/e","n/e","n/e","n/e","n/e","n/e","n/e","n/e","n/e","n/e","n/e","n/e","1503","n/e","n/e","13","n/e","0","n/e","n/e","211"
"BZN|SE1","26.05.2022 15:00 - 26.05.2022 16:00 (CET/CEST)","n/e","n/e","n/e","n/e","n/e","n/e","n/e","n/e","n/e","n/e","n/e","n/e","n/e","1485","n/e","n/e","13","n/e","1","n/e","n/e","202"
"BZN|SE1","26.05.2022 16:00 - 26.05.2022 17:00 (CET/CEST)","n/e","n/e","n/e","n/e","n/e","n/e","n/e","n/e","n/e","n/e","n/e","n/e","n/e","1574","n/e","n/e","13","n/e","1","n/e","n/e","146"
"BZN|SE1","26.05.2022 17:00 - 26.05.2022 18:00 (CET/CEST)","n/e","n/e","n/e","n/e","n/e","n/e","n/e","n/e","n/e","n/e","n/e","n/e","n/e","2468","n/e","n/e","13","n/e","0","n/e","n/e","141"
"BZN|SE1","26.05.2022 18:00 - 26.05.2022 19:00 (CET/CEST)","n/e","n/e","n/e","n/e","n/e","n/e","n/e","n/e","n/e","n/e","n/e","n/e","n/e","2942","n/e","n/e","13","n/e","0","n/e","n/e","134"
"BZN|SE1","26.05.2022 19:00 - 26.05.2022 20:00 (CET/CEST)","n/e","n/e","n/e","n/e","n/e","n/e","n/e","n/e","n/e","n/e","n/e","n/e","n/e","2893","n/e","n/e","13","n/e","0","n/e","n/e","129"
"BZN|SE1","26.05.2022 20:00 - 26.05.2022 21:00 (CET/CEST)","n/e","n/e","n/e","n/e","n/e","n/e","n/e","n/e","n/e","n/e","n/e","n/e","n/e","2847","n/e","n/e","13","n/e","0","n/e","n/e","135"
"BZN|SE1","26.05.2022 21:00 - 26.05.2022 22:00 (CET/CEST)","n/e","n/e","n/e","n/e","n/e","n/e","n/e","n/e","n/e","n/e","n/e","n/e","n/e","2529","n/e","n/e","13","n/e","0","n/e","n/e","168"
"BZN|SE1","26.05.2022 22:00 - 26.05.2022 23:00 (CET/CEST)","n/e","n/e","n/e","n/e","n/e","n/e","n/e","n/e","n/e","n/e","n/e","n/e","n/e","2495","n/e","n/e","13","n/e","0","n/e","n/e","184"
"BZN|SE1","26.05.2022 23:00 - 27.05.2022 00:00 (CET/CEST)","n/e","n/e","n/e","n/e","n/e","n/e","n/e","n/e","n/e","n/e","n/e","n/e","n/e","2351","n/e","n/e","13","n/e","0","n/e","n/e","184"
"BZN|SE1","27.05.2022 00:00 - 27.05.2022 01:00 (CET/CEST)","n/e","n/e","n/e","n/e","n/e","n/e","n/e","n/e","n/e","n/e","n/e","n/e","n/e","2318","n/e","n/e","12","n/e","0","n/e","n/e","142"
"BZN|SE1","27.05.2022 01:00 - 27.05.2022 02:00 (CET/CEST)","n/e","n/e","n/e","n/e","n/e","n/e","n/e","n/e","n/e","n/e","n/e","n/e","n/e","2245","n/e","n/e","12","n/e","0","n/e","n/e","106"
"BZN|SE1","27.05.2022 02:00 - 27.05.2022 03:00 (CET/CEST)","n/e","n/e","n/e","n/e","n/e","n/e","n/e","n/e","n/e","n/e","n/e","n/e","n/e","2048","n/e","n/e","12","n/e","0","n/e","n/e","122"
"BZN|SE1","27.05.2022 03:00 - 27.05.2022 04:00 (CET/CEST)","n/e","n/e","n/e","n/e","n/e","n/e","n/e","n/e","n/e","n/e","n/e","n/e","n/e","2141","n/e","n/e","12","n/e","0","n/e","n/e","183"
"BZN|SE1","27.05.2022 04:00 - 27.05.2022 05:00 (CET/CEST)","n/e","n/e","n/e","n/e","n/e","n/e","n/e","n/e","n/e","n/e","n/e","n/e","n/e","2062","n/e","n/e","12","n/e","0","n/e","n/e","235"
"BZN|SE1","27.05.2022 05:00 - 27.05.2022 06:00 (CET/CEST)","n/e","n/e","n/e","n/e","n/e","n/e","n/e","n/e","n/e","n/e","n/e","n/e","n/e","2171","n/e","n/e","12","n/e","0","n/e","n/e","281"
"BZN|SE1","27.05.2022 06:00 - 27.05.2022 07:00 (CET/CEST)","n/e","n/e","n/e","n/e","n/e","n/e","n/e","n/e","n/e","n/e","n/e","n/e","n/e","2584","n/e","n/e","12","n/e","0","n/e","n/e","302"
"BZN|SE1","27.05.2022 07:00 - 27.05.2022 08:00 (CET/CEST)","n/e","n/e","n/e","n/e","n/e","n/e","n/e","n/e","n/e","n/e","n/e","n/e","n/e","3129","n/e","n/e","13","n/e","1","n/e","n/e","308"
"BZN|SE1","27.05.2022 08:00 - 27.05.2022 09:00 (CET/CEST)","n/e","n/e","n/e","n/e","n/e","n/e","n/e","n/e","n/e","n/e","n/e","n/e","n/e","3152","n/e","n/e","12","n/e","1","n/e","n/e","386"
"BZN|SE1","27.05.2022 09:00 - 27.05.2022 10:00 (CET/CEST)","n/e","n/e","n/e","n/e","n/e","n/e","n/e","n/e","n/e","n/e","n/e","n/e","n/e","2873","n/e","n/e","12","n/e","1","n/e","n/e","474"
"BZN|SE1","27.05.2022 10:00 - 27.05.2022 11:00 (CET/CEST)","n/e","n/e","n/e","n/e","n/e","n/e","n/e","n/e","n/e","n/e","n/e","n/e","n/e","1997","n/e","n/e","13","n/e","1","n/e","n/e","645"
"BZN|SE1","27.05.2022 11:00 - 27.05.2022 12:00 (CET/CEST)","n/e","n/e","n/e","n/e","n/e","n/e","n/e","n/e","n/e","n/e","n/e","n/e","n/e","1790","n/e","n/e","13","n/e","1","n/e","n/e","751"
"BZN|SE1","27.05.2022 12:00 - 27.05.2022 13:00 (CET/CEST)","n/e","n/e","n/e","n/e","n/e","n/e","n/e","n/e","n/e","n/e","n/e","n/e","n/e","1640","n/e","n/e","12","n/e","1","n/e","n/e","862"
"BZN|SE1","27.05.2022 13:00 - 27.05.2022 14:00 (CET/CEST)","n/e","n/e","n/e","n/e","n/e","n/e","n/e","n/e","n/e","n/e","n/e","n/e","n/e","1531","n/e","n/e","13","n/e","1","n/e","n/e","1057"
"BZN|SE1","27.05.2022 14:00 - 27.05.2022 15:00 (CET/CEST)","n/e","n/e","n/e","n/e","n/e","n/e","n/e","n/e","n/e","n/e","n/e","n/e","n/e","1475","n/e","n/e","13","n/e","0","n/e","n/e","1050"
"BZN|SE1","27.05.2022 15:00 - 27.05.2022 16:00 (CET/CEST)","n/e","n/e","n/e","n/e","n/e","n/e","n/e","n/e","n/e","n/e","n/e","n/e","n/e","1476","n/e","n/e","13","n/e","1","n/e","n/e","1074"
"BZN|SE1","27.05.2022 16:00 - 27.05.2022 17:00 (CET/CEST)","n/e","n/e","n/e","n/e","n/e","n/e","n/e","n/e","n/e","n/e","n/e","n/e","n/e","1522","n/e","n/e","13","n/e","0","n/e","n/e","1133"
"BZN|SE1","27.05.2022 17:00 - 27.05.2022 18:00 (CET/CEST)","n/e","n/e","n/e","n/e","n/e","n/e","n/e","n/e","n/e","n/e","n/e","n/e","n/e","1560","n/e","n/e","13","n/e","0","n/e","n/e","1220"
"BZN|SE1","27.05.2022 18:00 - 27.05.2022 19:00 (CET/CEST)","n/e","n/e","n/e","n/e","n/e","n/e","n/e","n/e","n/e","n/e","n/e","n/e","n/e","1702","n/e","n/e","13","n/e","0","n/e","n/e","1241"
"BZN|SE1","27.05.2022 19:00 - 27.05.2022 20:00 (CET/CEST)","n/e","n/e","n/e","n/e","n/e","n/e","n/e","n/e","n/e","n/e","n/e","n/e","n/e","1885","n/e","n/e","13","n/e","0","n/e","n/e","1158"
"BZN|SE1","27.05.2022 20:00 - 27.05.2022 21:00 (CET/CEST)","n/e","n/e","n/e","n/e","n/e","n/e","n/e","n/e","n/e","n/e","n/e","n/e","n/e","1685","n/e","n/e","13","n/e","0","n/e","n/e","1151"
"BZN|SE1","27.05.2022 21:00 - 27.05.2022 22:00 (CET/CEST)","n/e","n/e","n/e","n/e","n/e","n/e","n/e","n/e","n/e","n/e","n/e","n/e","n/e","1566","n/e","n/e","13","n/e","0","n/e","n/e","1039"
"BZN|SE1","27.05.2022 22:00 - 27.05.2022 23:00 (CET/CEST)","n/e","n/e","n/e","n/e","n/e","n/e","n/e","n/e","n/e","n/e","n/e","n/e","n/e","1546","n/e","n/e","13","n/e","0","n/e","n/e","966"
"BZN|SE1","27.05.2022 23:00 - 28.05.2022 00:00 (CET/CEST)","n/e","n/e","n/e","n/e","n/e","n/e","n/e","n/e","n/e","n/e","n/e","n/e","n/e","1538","n/e","n/e","13","n/e","0","n/e","n/e","920"
"BZN|SE1","28.05.2022 00:00 - 28.05.2022 01:00 (CET/CEST)","n/e","n/e","n/e","n/e","n/e","n/e","n/e","n/e","n/e","n/e","n/e","n/e","n/e","1150","n/e","n/e","15","n/e","0","n/e","n/e","904"
"BZN|SE1","28.05.2022 01:00 - 28.05.2022 02:00 (CET/CEST)","n/e","n/e","n/e","n/e","n/e","n/e","n/e","n/e","n/e","n/e","n/e","n/e","n/e","1136","n/e","n/e","15","n/e","0","n/e","n/e","755"
"BZN|SE1","28.05.2022 02:00 - 28.05.2022 03:00 (CET/CEST)","n/e","n/e","n/e","n/e","n/e","n/e","n/e","n/e","n/e","n/e","n/e","n/e","n/e","1135","n/e","n/e","15","n/e","0","n/e","n/e","656"
"BZN|SE1","28.05.2022 03:00 - 28.05.2022 04:00 (CET/CEST)","n/e","n/e","n/e","n/e","n/e","n/e","n/e","n/e","n/e","n/e","n/e","n/e","n/e","1116","n/e","n/e","15","n/e","0","n/e","n/e","656"
"BZN|SE1","28.05.2022 04:00 - 28.05.2022 05:00 (CET/CEST)","n/e","n/e","n/e","n/e","n/e","n/e","n/e","n/e","n/e","n/e","n/e","n/e","n/e","1112","n/e","n/e","15","n/e","0","n/e","n/e","617"
"BZN|SE1","28.05.2022 05:00 - 28.05.2022 06:00 (CET/CEST)","n/e","n/e","n/e","n/e","n/e","n/e","n/e","n/e","n/e","n/e","n/e","n/e","n/e","1126","n/e","n/e","15","n/e","0","n/e","n/e","487"
"BZN|SE1","28.05.2022 06:00 - 28.05.2022 07:00 (CET/CEST)","n/e","n/e","n/e","n/e","n/e","n/e","n/e","n/e","n/e","n/e","n/e","n/e","n/e","1168","n/e","n/e","16","n/e","0","n/e","n/e","381"
"BZN|SE1","28.05.2022 07:00 - 28.05.2022 08:00 (CET/CEST)","n/e","n/e","n/e","n/e","n/e","n/e","n/e","n/e","n/e","n/e","n/e","n/e","n/e","1231","n/e","n/e","16","n/e","0","n/e","n/e","335"
"BZN|SE1","28.05.2022 08:00 - 28.05.2022 09:00 (CET/CEST)","n/e","n/e","n/e","n/e","n/e","n/e","n/e","n/e","n/e","n/e","n/e","n/e","n/e","1131","n/e","n/e","15","n/e","1","n/e","n/e","257"
"BZN|SE1","28.05.2022 09:00 - 28.05.2022 10:00 (CET/CEST)","n/e","n/e","n/e","n/e","n/e","n/e","n/e","n/e","n/e","n/e","n/e","n/e","n/e","1095","n/e","n/e","15","n/e","1","n/e","n/e","174"
"BZN|SE1","28.05.2022 10:00 - 28.05.2022 11:00 (CET/CEST)","n/e","n/e","n/e","n/e","n/e","n/e","n/e","n/e","n/e","n/e","n/e","n/e","n/e","1109","n/e","n/e","16","n/e","1","n/e","n/e","149"
"BZN|SE1","28.05.2022 11:00 - 28.05.2022 12:00 (CET/CEST)","n/e","n/e","n/e","n/e","n/e","n/e","n/e","n/e","n/e","n/e","n/e","n/e","n/e","1100","n/e","n/e","16","n/e","2","n/e","n/e","137"
"BZN|SE1","28.05.2022 12:00 - 28.05.2022 13:00 (CET/CEST)","n/e","n/e","n/e","n/e","n/e","n/e","n/e","n/e","n/e","n/e","n/e","n/e","n/e","1098","n/e","n/e","16","n/e","1","n/e","n/e","116"
"BZN|SE1","28.05.2022 13:00 - 28.05.2022 14:00 (CET/CEST)","n/e","n/e","n/e","n/e","n/e","n/e","n/e","n/e","n/e","n/e","n/e","n/e","n/e","1108","n/e","n/e","16","n/e","1","n/e","n/e","100"
"BZN|SE1","28.05.2022 14:00 - 28.05.2022 15:00 (CET/CEST)","n/e","n/e","n/e","n/e","n/e","n/e","n/e","n/e","n/e","n/e","n/e","n/e","n/e","1107","n/e","n/e","16","n/e","1","n/e","n/e","65"
"BZN|SE1","28.05.2022 15:00 - 28.05.2022 16:00 (CET/CEST)","n/e","n/e","n/e","n/e","n/e","n/e","n/e","n/e","n/e","n/e","n/e","n/e","n/e","1143","n/e","n/e","16","n/e","1","n/e","n/e","67"
"BZN|SE1","28.05.2022 16:00 - 28.05.2022 17:00 (CET/CEST)","n/e","n/e","n/e","n/e","n/e","n/e","n/e","n/e","n/e","n/e","n/e","n/e","n/e","1205","n/e","n/e","17","n/e","1","n/e","n/e","48"
"BZN|SE1","28.05.2022 17:00 - 28.05.2022 18:00 (CET/CEST)","n/e","n/e","n/e","n/e","n/e","n/e","n/e","n/e","n/e","n/e","n/e","n/e","n/e","1729","n/e","n/e","20","n/e","1","n/e","n/e","64"
"BZN|SE1","28.05.2022 18:00 - 28.05.2022 19:00 (CET/CEST)","n/e","n/e","n/e","n/e","n/e","n/e","n/e","n/e","n/e","n/e","n/e","n/e","n/e","2401","n/e","n/e","17","n/e","1","n/e","n/e","79"
"BZN|SE1","28.05.2022 19:00 - 28.05.2022 20:00 (CET/CEST)","n/e","n/e","n/e","n/e","n/e","n/e","n/e","n/e","n/e","n/e","n/e","n/e","n/e","2430","n/e","n/e","17","n/e","0","n/e","n/e","90"
"BZN|SE1","28.05.2022 20:00 - 28.05.2022 21:00 (CET/CEST)","n/e","n/e","n/e","n/e","n/e","n/e","n/e","n/e","n/e","n/e","n/e","n/e","n/e","2423","n/e","n/e","17","n/e","0","n/e","n/e","85"
"BZN|SE1","28.05.2022 21:00 - 28.05.2022 22:00 (CET/CEST)","n/e","n/e","n/e","n/e","n/e","n/e","n/e","n/e","n/e","n/e","n/e","n/e","n/e","2515","n/e","n/e","17","n/e","0","n/e","n/e","90"
"BZN|SE1","28.05.2022 22:00 - 28.05.2022 23:00 (CET/CEST)","n/e","n/e","n/e","n/e","n/e","n/e","n/e","n/e","n/e","n/e","n/e","n/e","n/e","2500","n/e","n/e","17","n/e","0","n/e","n/e","118"
"BZN|SE1","28.05.2022 23:00 - 29.05.2022 00:00 (CET/CEST)","n/e","n/e","n/e","n/e","n/e","n/e","n/e","n/e","n/e","n/e","n/e","n/e","n/e","2313","n/e","n/e","17","n/e","0","n/e","n/e","135"
"BZN|SE1","29.05.2022 00:00 - 29.05.2022 01:00 (CET/CEST)","n/e","n/e","n/e","n/e","n/e","n/e","n/e","n/e","n/e","n/e","n/e","n/e","n/e","2334","n/e","n/e","20","n/e","0","n/e","n/e","145"
"BZN|SE1","29.05.2022 01:00 - 29.05.2022 02:00 (CET/CEST)","n/e","n/e","n/e","n/e","n/e","n/e","n/e","n/e","n/e","n/e","n/e","n/e","n/e","2258","n/e","n/e","20","n/e","0","n/e","n/e","195"
"BZN|SE1","29.05.2022 02:00 - 29.05.2022 03:00 (CET/CEST)","n/e","n/e","n/e","n/e","n/e","n/e","n/e","n/e","n/e","n/e","n/e","n/e","n/e","2249","n/e","n/e","20","n/e","0","n/e","n/e","288"
"BZN|SE1","29.05.2022 03:00 - 29.05.2022 04:00 (CET/CEST)","n/e","n/e","n/e","n/e","n/e","n/e","n/e","n/e","n/e","n/e","n/e","n/e","n/e","2259","n/e","n/e","20","n/e","0","n/e","n/e","378"
"BZN|SE1","29.05.2022 04:00 - 29.05.2022 05:00 (CET/CEST)","n/e","n/e","n/e","n/e","n/e","n/e","n/e","n/e","n/e","n/e","n/e","n/e","n/e","2577","n/e","n/e","20","n/e","0","n/e","n/e","431"
"BZN|SE1","29.05.2022 05:00 - 29.05.2022 06:00 (CET/CEST)","n/e","n/e","n/e","n/e","n/e","n/e","n/e","n/e","n/e","n/e","n/e","n/e","n/e","2781","n/e","n/e","24","n/e","0","n/e","n/e","374"
"BZN|SE1","29.05.2022 06:00 - 29.05.2022 07:00 (CET/CEST)","n/e","n/e","n/e","n/e","n/e","n/e","n/e","n/e","n/e","n/e","n/e","n/e","n/e","2919","n/e","n/e","29","n/e","0","n/e","n/e","319"
"BZN|SE1","29.05.2022 07:00 - 29.05.2022 08:00 (CET/CEST)","n/e","n/e","n/e","n/e","n/e","n/e","n/e","n/e","n/e","n/e","n/e","n/e","n/e","3278","n/e","n/e","36","n/e","1","n/e","n/e","248"
"BZN|SE1","29.05.2022 08:00 - 29.05.2022 09:00 (CET/CEST)","n/e","n/e","n/e","n/e","n/e","n/e","n/e","n/e","n/e","n/e","n/e","n/e","n/e","3296","n/e","n/e","36","n/e","1","n/e","n/e","219"
"BZN|SE1","29.05.2022 09:00 - 29.05.2022 10:00 (CET/CEST)","n/e","n/e","n/e","n/e","n/e","n/e","n/e","n/e","n/e","n/e","n/e","n/e","n/e","3354","n/e","n/e","36","n/e","2","n/e","n/e","218"
"BZN|SE1","29.05.2022 10:00 - 29.05.2022 11:00 (CET/CEST)","n/e","n/e","n/e","n/e","n/e","n/e","n/e","n/e","n/e","n/e","n/e","n/e","n/e","3351","n/e","n/e","36","n/e","2","n/e","n/e","237"
"BZN|SE1","29.05.2022 11:00 - 29.05.2022 12:00 (CET/CEST)","n/e","n/e","n/e","n/e","n/e","n/e","n/e","n/e","n/e","n/e","n/e","n/e","n/e","3372","n/e","n/e","37","n/e","3","n/e","n/e","282"
"BZN|SE1","29.05.2022 12:00 - 29.05.2022 13:00 (CET/CEST)","n/e","n/e","n/e","n/e","n/e","n/e","n/e","n/e","n/e","n/e","n/e","n/e","n/e","3379","n/e","n/e","37","n/e","3","n/e","n/e","307"
"BZN|SE1","29.05.2022 13:00 - 29.05.2022 14:00 (CET/CEST)","n/e","n/e","n/e","n/e","n/e","n/e","n/e","n/e","n/e","n/e","n/e","n/e","n/e","3379","n/e","n/e","37","n/e","2","n/e","n/e","304"
"BZN|SE1","29.05.2022 14:00 - 29.05.2022 15:00 (CET/CEST)","n/e","n/e","n/e","n/e","n/e","n/e","n/e","n/e","n/e","n/e","n/e","n/e","n/e","3314","n/e","n/e","37","n/e","2","n/e","n/e","289"
"BZN|SE1","29.05.2022 15:00 - 29.05.2022 16:00 (CET/CEST)","n/e","n/e","n/e","n/e","n/e","n/e","n/e","n/e","n/e","n/e","n/e","n/e","n/e","3267","n/e","n/e","36","n/e","2","n/e","n/e","280"
"BZN|SE1","29.05.2022 16:00 - 29.05.2022 17:00 (CET/CEST)","n/e","n/e","n/e","n/e","n/e","n/e","n/e","n/e","n/e","n/e","n/e","n/e","n/e","3265","n/e","n/e","36","n/e","1","n/e","n/e","345"
"BZN|SE1","29.05.2022 17:00 - 29.05.2022 18:00 (CET/CEST)","n/e","n/e","n/e","n/e","n/e","n/e","n/e","n/e","n/e","n/e","n/e","n/e","n/e","3393","n/e","n/e","36","n/e","1","n/e","n/e","320"
"BZN|SE1","29.05.2022 18:00 - 29.05.2022 19:00 (CET/CEST)","n/e","n/e","n/e","n/e","n/e","n/e","n/e","n/e","n/e","n/e","n/e","n/e","n/e","3395","n/e","n/e","36","n/e","1","n/e","n/e","338"
"BZN|SE1","29.05.2022 19:00 - 29.05.2022 20:00 (CET/CEST)","n/e","n/e","n/e","n/e","n/e","n/e","n/e","n/e","n/e","n/e","n/e","n/e","n/e","3390","n/e","n/e","36","n/e","0","n/e","n/e","376"
"BZN|SE1","29.05.2022 20:00 - 29.05.2022 21:00 (CET/CEST)","n/e","n/e","n/e","n/e","n/e","n/e","n/e","n/e","n/e","n/e","n/e","n/e","n/e","3389","n/e","n/e","24","n/e","0","n/e","n/e","376"
"BZN|SE1","29.05.2022 21:00 - 29.05.2022 22:00 (CET/CEST)","n/e","n/e","n/e","n/e","n/e","n/e","n/e","n/e","n/e","n/e","n/e","n/e","n/e","3373","n/e","n/e","24","n/e","0","n/e","n/e","474"
"BZN|SE1","29.05.2022 22:00 - 29.05.2022 23:00 (CET/CEST)","n/e","n/e","n/e","n/e","n/e","n/e","n/e","n/e","n/e","n/e","n/e","n/e","n/e","3317","n/e","n/e","24","n/e","0","n/e","n/e","575"
"BZN|SE1","29.05.2022 23:00 - 30.05.2022 00:00 (CET/CEST)","n/e","n/e","n/e","n/e","n/e","n/e","n/e","n/e","n/e","n/e","n/e","n/e","n/e","3298","n/e","n/e","24","n/e","0","n/e","n/e","630"
"BZN|SE1","30.05.2022 00:00 - 30.05.2022 01:00 (CET/CEST)","n/e","n/e","n/e","n/e","n/e","n/e","n/e","n/e","n/e","n/e","n/e","n/e","n/e","2921","n/e","n/e","20","n/e","0","n/e","n/e","702"
"BZN|SE1","30.05.2022 01:00 - 30.05.2022 02:00 (CET/CEST)","n/e","n/e","n/e","n/e","n/e","n/e","n/e","n/e","n/e","n/e","n/e","n/e","n/e","2881","n/e","n/e","18","n/e","0","n/e","n/e","791"
"BZN|SE1","30.05.2022 02:00 - 30.05.2022 03:00 (CET/CEST)","n/e","n/e","n/e","n/e","n/e","n/e","n/e","n/e","n/e","n/e","n/e","n/e","n/e","2823","n/e","n/e","18","n/e","0","n/e","n/e","818"
"BZN|SE1","30.05.2022 03:00 - 30.05.2022 04:00 (CET/CEST)","n/e","n/e","n/e","n/e","n/e","n/e","n/e","n/e","n/e","n/e","n/e","n/e","n/e","2822","n/e","n/e","18","n/e","0","n/e","n/e","740"
"BZN|SE1","30.05.2022 04:00 - 30.05.2022 05:00 (CET/CEST)","n/e","n/e","n/e","n/e","n/e","n/e","n/e","n/e","n/e","n/e","n/e","n/e","n/e","2908","n/e","n/e","16","n/e","0","n/e","n/e","693"
"BZN|SE1","30.05.2022 05:00 - 30.05.2022 06:00 (CET/CEST)","n/e","n/e","n/e","n/e","n/e","n/e","n/e","n/e","n/e","n/e","n/e","n/e","n/e","3040","n/e","n/e","17","n/e","0","n/e","n/e","552"
"BZN|SE1","30.05.2022 06:00 - 30.05.2022 07:00 (CET/CEST)","n/e","n/e","n/e","n/e","n/e","n/e","n/e","n/e","n/e","n/e","n/e","n/e","n/e","3140","n/e","n/e","20","n/e","0","n/e","n/e","448"
"BZN|SE1","30.05.2022 07:00 - 30.05.2022 08:00 (CET/CEST)","n/e","n/e","n/e","n/e","n/e","n/e","n/e","n/e","n/e","n/e","n/e","n/e","n/e","3077","n/e","n/e","20","n/e","1","n/e","n/e","349"
"BZN|SE1","30.05.2022 08:00 - 30.05.2022 09:00 (CET/CEST)","n/e","n/e","n/e","n/e","n/e","n/e","n/e","n/e","n/e","n/e","n/e","n/e","n/e","3042","n/e","n/e","19","n/e","1","n/e","n/e","307"
"BZN|SE1","30.05.2022 09:00 - 30.05.2022 10:00 (CET/CEST)","n/e","n/e","n/e","n/e","n/e","n/e","n/e","n/e","n/e","n/e","n/e","n/e","n/e","3033","n/e","n/e","19","n/e","1","n/e","n/e","265"
"BZN|SE1","30.05.2022 10:00 - 30.05.2022 11:00 (CET/CEST)","n/e","n/e","n/e","n/e","n/e","n/e","n/e","n/e","n/e","n/e","n/e","n/e","n/e","3039","n/e","n/e","20","n/e","2","n/e","n/e","233"
"BZN|SE1","30.05.2022 11:00 - 30.05.2022 12:00 (CET/CEST)","n/e","n/e","n/e","n/e","n/e","n/e","n/e","n/e","n/e","n/e","n/e","n/e","n/e","3038","n/e","n/e","20","n/e","2","n/e","n/e","210"
"BZN|SE1","30.05.2022 12:00 - 30.05.2022 13:00 (CET/CEST)","n/e","n/e","n/e","n/e","n/e","n/e","n/e","n/e","n/e","n/e","n/e","n/e","n/e","3046","n/e","n/e","17","n/e","2","n/e","n/e","158"
"BZN|SE1","30.05.2022 13:00 - 30.05.2022 14:00 (CET/CEST)","n/e","n/e","n/e","n/e","n/e","n/e","n/e","n/e","n/e","n/e","n/e","n/e","n/e","3104","n/e","n/e","17","n/e","2","n/e","n/e","175"
"BZN|SE1","30.05.2022 14:00 - 30.05.2022 15:00 (CET/CEST)","n/e","n/e","n/e","n/e","n/e","n/e","n/e","n/e","n/e","n/e","n/e","n/e","n/e","3006","n/e","n/e","17","n/e","2","n/e","n/e","178"
"BZN|SE1","30.05.2022 15:00 - 30.05.2022 16:00 (CET/CEST)","n/e","n/e","n/e","n/e","n/e","n/e","n/e","n/e","n/e","n/e","n/e","n/e","n/e","2998","n/e","n/e","17","n/e","1","n/e","n/e","185"
"BZN|SE1","30.05.2022 16:00 - 30.05.2022 17:00 (CET/CEST)","n/e","n/e","n/e","n/e","n/e","n/e","n/e","n/e","n/e","n/e","n/e","n/e","n/e","2996","n/e","n/e","17","n/e","1","n/e","n/e","213"
"BZN|SE1","30.05.2022 17:00 - 30.05.2022 18:00 (CET/CEST)","n/e","n/e","n/e","n/e","n/e","n/e","n/e","n/e","n/e","n/e","n/e","n/e","n/e","3009","n/e","n/e","17","n/e","0","n/e","n/e","192"
"BZN|SE1","30.05.2022 18:00 - 30.05.2022 19:00 (CET/CEST)","n/e","n/e","n/e","n/e","n/e","n/e","n/e","n/e","n/e","n/e","n/e","n/e","n/e","3045","n/e","n/e","17","n/e","0","n/e","n/e","184"
"BZN|SE1","30.05.2022 19:00 - 30.05.2022 20:00 (CET/CEST)","n/e","n/e","n/e","n/e","n/e","n/e","n/e","n/e","n/e","n/e","n/e","n/e","n/e","2766","n/e","n/e","17","n/e","0","n/e","n/e","187"
"BZN|SE1","30.05.2022 20:00 - 30.05.2022 21:00 (CET/CEST)","n/e","n/e","n/e","n/e","n/e","n/e","n/e","n/e","n/e","n/e","n/e","n/e","n/e","2837","n/e","n/e","16","n/e","0","n/e","n/e","283"
"BZN|SE1","30.05.2022 21:00 - 30.05.2022 22:00 (CET/CEST)","n/e","n/e","n/e","n/e","n/e","n/e","n/e","n/e","n/e","n/e","n/e","n/e","n/e","2786","n/e","n/e","16","n/e","0","n/e","n/e","336"
"BZN|SE1","30.05.2022 22:00 - 30.05.2022 23:00 (CET/CEST)","n/e","n/e","n/e","n/e","n/e","n/e","n/e","n/e","n/e","n/e","n/e","n/e","n/e","2820","n/e","n/e","16","n/e","0","n/e","n/e","454"
"BZN|SE1","30.05.2022 23:00 - 31.05.2022 00:00 (CET/CEST)","n/e","n/e","n/e","n/e","n/e","n/e","n/e","n/e","n/e","n/e","n/e","n/e","n/e","2586","n/e","n/e","16","n/e","0","n/e","n/e","526"
"BZN|SE1","31.05.2022 00:00 - 31.05.2022 01:00 (CET/CEST)","n/e","n/e","n/e","n/e","n/e","n/e","n/e","n/e","n/e","n/e","n/e","n/e","n/e","2036","n/e","n/e","15","n/e","0","n/e","n/e","535"
"BZN|SE1","31.05.2022 01:00 - 31.05.2022 02:00 (CET/CEST)","n/e","n/e","n/e","n/e","n/e","n/e","n/e","n/e","n/e","n/e","n/e","n/e","n/e","1888","n/e","n/e","16","n/e","0","n/e","n/e","498"
"BZN|SE1","31.05.2022 02:00 - 31.05.2022 03:00 (CET/CEST)","n/e","n/e","n/e","n/e","n/e","n/e","n/e","n/e","n/e","n/e","n/e","n/e","n/e","1800","n/e","n/e","16","n/e","0","n/e","n/e","461"
"BZN|SE1","31.05.2022 03:00 - 31.05.2022 04:00 (CET/CEST)","n/e","n/e","n/e","n/e","n/e","n/e","n/e","n/e","n/e","n/e","n/e","n/e","n/e","1786","n/e","n/e","16","n/e","0","n/e","n/e","441"
"BZN|SE1","31.05.2022 04:00 - 31.05.2022 05:00 (CET/CEST)","n/e","n/e","n/e","n/e","n/e","n/e","n/e","n/e","n/e","n/e","n/e","n/e","n/e","1764","n/e","n/e","16","n/e","0","n/e","n/e","446"
"BZN|SE1","31.05.2022 05:00 - 31.05.2022 06:00 (CET/CEST)","n/e","n/e","n/e","n/e","n/e","n/e","n/e","n/e","n/e","n/e","n/e","n/e","n/e","2209","n/e","n/e","16","n/e","0","n/e","n/e","443"
"BZN|SE1","31.05.2022 06:00 - 31.05.2022 07:00 (CET/CEST)","n/e","n/e","n/e","n/e","n/e","n/e","n/e","n/e","n/e","n/e","n/e","n/e","n/e","2739","n/e","n/e","18","n/e","0","n/e","n/e","439"
"BZN|SE1","31.05.2022 07:00 - 31.05.2022 08:00 (CET/CEST)","n/e","n/e","n/e","n/e","n/e","n/e","n/e","n/e","n/e","n/e","n/e","n/e","n/e","3030","n/e","n/e","18","n/e","0","n/e","n/e","464"
"BZN|SE1","31.05.2022 08:00 - 31.05.2022 09:00 (CET/CEST)","n/e","n/e","n/e","n/e","n/e","n/e","n/e","n/e","n/e","n/e","n/e","n/e","n/e","2970","n/e","n/e","18","n/e","1","n/e","n/e","519"
"BZN|SE1","31.05.2022 09:00 - 31.05.2022 10:00 (CET/CEST)","n/e","n/e","n/e","n/e","n/e","n/e","n/e","n/e","n/e","n/e","n/e","n/e","n/e","2966","n/e","n/e","18","n/e","1","n/e","n/e","528"
"BZN|SE1","31.05.2022 10:00 - 31.05.2022 11:00 (CET/CEST)","n/e","n/e","n/e","n/e","n/e","n/e","n/e","n/e","n/e","n/e","n/e","n/e","n/e","2993","n/e","n/e","19","n/e","2","n/e","n/e","557"
"BZN|SE1","31.05.2022 11:00 - 31.05.2022 12:00 (CET/CEST)","n/e","n/e","n/e","n/e","n/e","n/e","n/e","n/e","n/e","n/e","n/e","n/e","n/e","2931","n/e","n/e","17","n/e","2","n/e","n/e","577"
"BZN|SE1","31.05.2022 12:00 - 31.05.2022 13:00 (CET/CEST)","n/e","n/e","n/e","n/e","n/e","n/e","n/e","n/e","n/e","n/e","n/e","n/e","n/e","2906","n/e","n/e","17","n/e","2","n/e","n/e","617"
"BZN|SE1","31.05.2022 13:00 - 31.05.2022 14:00 (CET/CEST)","n/e","n/e","n/e","n/e","n/e","n/e","n/e","n/e","n/e","n/e","n/e","n/e","n/e","2922","n/e","n/e","17","n/e","2","n/e","n/e","662"
"BZN|SE1","31.05.2022 14:00 - 31.05.2022 15:00 (CET/CEST)","n/e","n/e","n/e","n/e","n/e","n/e","n/e","n/e","n/e","n/e","n/e","n/e","n/e","2945","n/e","n/e","17","n/e","2","n/e","n/e","709"
"BZN|SE1","31.05.2022 15:00 - 31.05.2022 16:00 (CET/CEST)","n/e","n/e","n/e","n/e","n/e","n/e","n/e","n/e","n/e","n/e","n/e","n/e","n/e","2845","n/e","n/e","16","n/e","2","n/e","n/e","743"
"BZN|SE1","31.05.2022 16:00 - 31.05.2022 17:00 (CET/CEST)","n/e","n/e","n/e","n/e","n/e","n/e","n/e","n/e","n/e","n/e","n/e","n/e","n/e","2629","n/e","n/e","17","n/e","1","n/e","n/e","801"
"BZN|SE1","31.05.2022 17:00 - 31.05.2022 18:00 (CET/CEST)","n/e","n/e","n/e","n/e","n/e","n/e","n/e","n/e","n/e","n/e","n/e","n/e","n/e","2611","n/e","n/e","16","n/e","1","n/e","n/e","834"
"BZN|SE1","31.05.2022 18:00 - 31.05.2022 19:00 (CET/CEST)","n/e","n/e","n/e","n/e","n/e","n/e","n/e","n/e","n/e","n/e","n/e","n/e","n/e","2594","n/e","n/e","16","n/e","0","n/e","n/e","783"
"BZN|SE1","31.05.2022 19:00 - 31.05.2022 20:00 (CET/CEST)","n/e","n/e","n/e","n/e","n/e","n/e","n/e","n/e","n/e","n/e","n/e","n/e","n/e","2461","n/e","n/e","16","n/e","0","n/e","n/e","752"
"BZN|SE1","31.05.2022 20:00 - 31.05.2022 21:00 (CET/CEST)","n/e","n/e","n/e","n/e","n/e","n/e","n/e","n/e","n/e","n/e","n/e","n/e","n/e","2349","n/e","n/e","16","n/e","0","n/e","n/e","797"
"BZN|SE1","31.05.2022 21:00 - 31.05.2022 22:00 (CET/CEST)","n/e","n/e","n/e","n/e","n/e","n/e","n/e","n/e","n/e","n/e","n/e","n/e","n/e","2023","n/e","n/e","16","n/e","0","n/e","n/e","826"
"BZN|SE1","31.05.2022 22:00 - 31.05.2022 23:00 (CET/CEST)","n/e","n/e","n/e","n/e","n/e","n/e","n/e","n/e","n/e","n/e","n/e","n/e","n/e","1478","n/e","n/e","16","n/e","0","n/e","n/e","792"
"BZN|SE1","31.05.2022 23:00 - 01.06.2022 00:00 (CET/CEST)","n/e","n/e","n/e","n/e","n/e","n/e","n/e","n/e","n/e","n/e","n/e","n/e","n/e","1359","n/e","n/e","16","n/e","0","n/e","n/e","860"
"BZN|SE1","01.06.2022 00:00 - 01.06.2022 01:00 (CET/CEST)","n/e","n/e","n/e","n/e","n/e","n/e","n/e","n/e","n/e","n/e","n/e","n/e","n/e","1458","n/e","n/e","10","n/e","0","n/e","n/e","827"
"BZN|SE1","01.06.2022 01:00 - 01.06.2022 02:00 (CET/CEST)","n/e","n/e","n/e","n/e","n/e","n/e","n/e","n/e","n/e","n/e","n/e","n/e","n/e","1426","n/e","n/e","10","n/e","0","n/e","n/e","844"
"BZN|SE1","01.06.2022 02:00 - 01.06.2022 03:00 (CET/CEST)","n/e","n/e","n/e","n/e","n/e","n/e","n/e","n/e","n/e","n/e","n/e","n/e","n/e","1433","n/e","n/e","10","n/e","0","n/e","n/e","1006"
"BZN|SE1","01.06.2022 03:00 - 01.06.2022 04:00 (CET/CEST)","n/e","n/e","n/e","n/e","n/e","n/e","n/e","n/e","n/e","n/e","n/e","n/e","n/e","1438","n/e","n/e","10","n/e","0","n/e","n/e","981"
"BZN|SE1","01.06.2022 04:00 - 01.06.2022 05:00 (CET/CEST)","n/e","n/e","n/e","n/e","n/e","n/e","n/e","n/e","n/e","n/e","n/e","n/e","n/e","1469","n/e","n/e","10","n/e","0","n/e","n/e","999"
"BZN|SE1","01.06.2022 05:00 - 01.06.2022 06:00 (CET/CEST)","n/e","n/e","n/e","n/e","n/e","n/e","n/e","n/e","n/e","n/e","n/e","n/e","n/e","1866","n/e","n/e","10","n/e","0","n/e","n/e","994"
"BZN|SE1","01.06.2022 06:00 - 01.06.2022 07:00 (CET/CEST)","n/e","n/e","n/e","n/e","n/e","n/e","n/e","n/e","n/e","n/e","n/e","n/e","n/e","2313","n/e","n/e","14","n/e","0","n/e","n/e","892"
"BZN|SE1","01.06.2022 07:00 - 01.06.2022 08:00 (CET/CEST)","n/e","n/e","n/e","n/e","n/e","n/e","n/e","n/e","n/e","n/e","n/e","n/e","n/e","2765","n/e","n/e","14","n/e","0","n/e","n/e","871"
"BZN|SE1","01.06.2022 08:00 - 01.06.2022 09:00 (CET/CEST)","n/e","n/e","n/e","n/e","n/e","n/e","n/e","n/e","n/e","n/e","n/e","n/e","n/e","2891","n/e","n/e","14","n/e","1","n/e","n/e","936"
"BZN|SE1","01.06.2022 09:00 - 01.06.2022 10:00 (CET/CEST)","n/e","n/e","n/e","n/e","n/e","n/e","n/e","n/e","n/e","n/e","n/e","n/e","n/e","2861","n/e","n/e","15","n/e","1","n/e","n/e","971"
"BZN|SE1","01.06.2022 10:00 - 01.06.2022 11:00 (CET/CEST)","n/e","n/e","n/e","n/e","n/e","n/e","n/e","n/e","n/e","n/e","n/e","n/e","n/e","2849","n/e","n/e","15","n/e","1","n/e","n/e","928"
"BZN|SE1","01.06.2022 11:00 - 01.06.2022 12:00 (CET/CEST)","n/e","n/e","n/e","n/e","n/e","n/e","n/e","n/e","n/e","n/e","n/e","n/e","n/e","2803","n/e","n/e","14","n/e","1","n/e","n/e","847"
"BZN|SE1","01.06.2022 12:00 - 01.06.2022 13:00 (CET/CEST)","n/e","n/e","n/e","n/e","n/e","n/e","n/e","n/e","n/e","n/e","n/e","n/e","n/e","2861","n/e","n/e","14","n/e","1","n/e","n/e","814"
"BZN|SE1","01.06.2022 13:00 - 01.06.2022 14:00 (CET/CEST)","n/e","n/e","n/e","n/e","n/e","n/e","n/e","n/e","n/e","n/e","n/e","n/e","n/e","2866","n/e","n/e","14","n/e","1","n/e","n/e","787"
"BZN|SE1","01.06.2022 14:00 - 01.06.2022 15:00 (CET/CEST)","n/e","n/e","n/e","n/e","n/e","n/e","n/e","n/e","n/e","n/e","n/e","n/e","n/e","2898","n/e","n/e","14","n/e","1","n/e","n/e","778"
"BZN|SE1","01.06.2022 15:00 - 01.06.2022 16:00 (CET/CEST)","n/e","n/e","n/e","n/e","n/e","n/e","n/e","n/e","n/e","n/e","n/e","n/e","n/e","2823","n/e","n/e","14","n/e","1","n/e","n/e","736"
"BZN|SE1","01.06.2022 16:00 - 01.06.2022 17:00 (CET/CEST)","n/e","n/e","n/e","n/e","n/e","n/e","n/e","n/e","n/e","n/e","n/e","n/e","n/e","2847","n/e","n/e","14","n/e","0","n/e","n/e","721"
"BZN|SE1","01.06.2022 17:00 - 01.06.2022 18:00 (CET/CEST)","n/e","n/e","n/e","n/e","n/e","n/e","n/e","n/e","n/e","n/e","n/e","n/e","n/e","2903","n/e","n/e","10","n/e","0","n/e","n/e","667"
"BZN|SE1","01.06.2022 18:00 - 01.06.2022 19:00 (CET/CEST)","n/e","n/e","n/e","n/e","n/e","n/e","n/e","n/e","n/e","n/e","n/e","n/e","n/e","2922","n/e","n/e","10","n/e","0","n/e","n/e","601"
"BZN|SE1","01.06.2022 19:00 - 01.06.2022 20:00 (CET/CEST)","n/e","n/e","n/e","n/e","n/e","n/e","n/e","n/e","n/e","n/e","n/e","n/e","n/e","2633","n/e","n/e","10","n/e","0","n/e","n/e","546"
"BZN|SE1","01.06.2022 20:00 - 01.06.2022 21:00 (CET/CEST)","n/e","n/e","n/e","n/e","n/e","n/e","n/e","n/e","n/e","n/e","n/e","n/e","n/e","2507","n/e","n/e","10","n/e","0","n/e","n/e","497"
"BZN|SE1","01.06.2022 21:00 - 01.06.2022 22:00 (CET/CEST)","n/e","n/e","n/e","n/e","n/e","n/e","n/e","n/e","n/e","n/e","n/e","n/e","n/e","2494","n/e","n/e","10","n/e","0","n/e","n/e","499"
"BZN|SE1","01.06.2022 22:00 - 01.06.2022 23:00 (CET/CEST)","n/e","n/e","n/e","n/e","n/e","n/e","n/e","n/e","n/e","n/e","n/e","n/e","n/e","2296","n/e","n/e","10","n/e","0","n/e","n/e","467"
"BZN|SE1","01.06.2022 23:00 - 02.06.2022 00:00 (CET/CEST)","n/e","n/e","n/e","n/e","n/e","n/e","n/e","n/e","n/e","n/e","n/e","n/e","n/e","2253","n/e","n/e","10","n/e","0","n/e","n/e","444"
"BZN|SE1","02.06.2022 00:00 - 02.06.2022 01:00 (CET/CEST)","n/e","n/e","n/e","n/e","n/e","n/e","n/e","n/e","n/e","n/e","n/e","n/e","n/e","2019","n/e","n/e","11","n/e","0","n/e","n/e","429"
"BZN|SE1","02.06.2022 01:00 - 02.06.2022 02:00 (CET/CEST)","n/e","n/e","n/e","n/e","n/e","n/e","n/e","n/e","n/e","n/e","n/e","n/e","n/e","2105","n/e","n/e","11","n/e","0","n/e","n/e","391"
"BZN|SE1","02.06.2022 02:00 - 02.06.2022 03:00 (CET/CEST)","n/e","n/e","n/e","n/e","n/e","n/e","n/e","n/e","n/e","n/e","n/e","n/e","n/e","2107","n/e","n/e","11","n/e","0","n/e","n/e","363"
"BZN|SE1","02.06.2022 03:00 - 02.06.2022 04:00 (CET/CEST)","n/e","n/e","n/e","n/e","n/e","n/e","n/e","n/e","n/e","n/e","n/e","n/e","n/e","2167","n/e","n/e","11","n/e","0","n/e","n/e","318"
"BZN|SE1","02.06.2022 04:00 - 02.06.2022 05:00 (CET/CEST)","n/e","n/e","n/e","n/e","n/e","n/e","n/e","n/e","n/e","n/e","n/e","n/e","n/e","2317","n/e","n/e","11","n/e","0","n/e","n/e","265"
"BZN|SE1","02.06.2022 05:00 - 02.06.2022 06:00 (CET/CEST)","n/e","n/e","n/e","n/e","n/e","n/e","n/e","n/e","n/e","n/e","n/e","n/e","n/e","2354","n/e","n/e","11","n/e","0","n/e","n/e","219"
"BZN|SE1","02.06.2022 06:00 - 02.06.2022 07:00 (CET/CEST)","n/e","n/e","n/e","n/e","n/e","n/e","n/e","n/e","n/e","n/e","n/e","n/e","n/e","2736","n/e","n/e","15","n/e","0","n/e","n/e","237"
"BZN|SE1","02.06.2022 07:00 - 02.06.2022 08:00 (CET/CEST)","n/e","n/e","n/e","n/e","n/e","n/e","n/e","n/e","n/e","n/e","n/e","n/e","n/e","3035","n/e","n/e","15","n/e","1","n/e","n/e","221"
"BZN|SE1","02.06.2022 08:00 - 02.06.2022 09:00 (CET/CEST)","n/e","n/e","n/e","n/e","n/e","n/e","n/e","n/e","n/e","n/e","n/e","n/e","n/e","3080","n/e","n/e","16","n/e","1","n/e","n/e","222"
"BZN|SE1","02.06.2022 09:00 - 02.06.2022 10:00 (CET/CEST)","n/e","n/e","n/e","n/e","n/e","n/e","n/e","n/e","n/e","n/e","n/e","n/e","n/e","3018","n/e","n/e","16","n/e","1","n/e","n/e","283"
"BZN|SE1","02.06.2022 10:00 - 02.06.2022 11:00 (CET/CEST)","n/e","n/e","n/e","n/e","n/e","n/e","n/e","n/e","n/e","n/e","n/e","n/e","n/e","3060","n/e","n/e","21","n/e","2","n/e","n/e","317"
"BZN|SE1","02.06.2022 11:00 - 02.06.2022 12:00 (CET/CEST)","n/e","n/e","n/e","n/e","n/e","n/e","n/e","n/e","n/e","n/e","n/e","n/e","n/e","3060","n/e","n/e","21","n/e","2","n/e","n/e","335"
"BZN|SE1","02.06.2022 12:00 - 02.06.2022 13:00 (CET/CEST)","n/e","n/e","n/e","n/e","n/e","n/e","n/e","n/e","n/e","n/e","n/e","n/e","n/e","2880","n/e","n/e","21","n/e","2","n/e","n/e","368"
"BZN|SE1","02.06.2022 13:00 - 02.06.2022 14:00 (CET/CEST)","n/e","n/e","n/e","n/e","n/e","n/e","n/e","n/e","n/e","n/e","n/e","n/e","n/e","2864","n/e","n/e","21","n/e","2","n/e","n/e","462"
"BZN|SE1","02.06.2022 14:00 - 02.06.2022 15:00 (CET/CEST)","n/e","n/e","n/e","n/e","n/e","n/e","n/e","n/e","n/e","n/e","n/e","n/e","n/e","2855","n/e","n/e","21","n/e","2","n/e","n/e","617"
"BZN|SE1","02.06.2022 15:00 - 02.06.2022 16:00 (CET/CEST)","n/e","n/e","n/e","n/e","n/e","n/e","n/e","n/e","n/e","n/e","n/e","n/e","n/e","2823","n/e","n/e","20","n/e","1","n/e","n/e","695"
"BZN|SE1","02.06.2022 16:00 - 02.06.2022 17:00 (CET/CEST)","n/e","n/e","n/e","n/e","n/e","n/e","n/e","n/e","n/e","n/e","n/e","n/e","n/e","2549","n/e","n/e","20","n/e","1","n/e","n/e","742"
"BZN|SE1","02.06.2022 17:00 - 02.06.2022 18:00 (CET/CEST)","n/e","n/e","n/e","n/e","n/e","n/e","n/e","n/e","n/e","n/e","n/e","n/e","n/e","2568","n/e","n/e","20","n/e","0","n/e","n/e","867"
"BZN|SE1","02.06.2022 18:00 - 02.06.2022 19:00 (CET/CEST)","n/e","n/e","n/e","n/e","n/e","n/e","n/e","n/e","n/e","n/e","n/e","n/e","n/e","2738","n/e","n/e","20","n/e","0","n/e","n/e","869"
"BZN|SE1","02.06.2022 19:00 - 02.06.2022 20:00 (CET/CEST)","n/e","n/e","n/e","n/e","n/e","n/e","n/e","n/e","n/e","n/e","n/e","n/e","n/e","2546","n/e","n/e","20","n/e","0","n/e","n/e","927"
"BZN|SE1","02.06.2022 20:00 - 02.06.2022 21:00 (CET/CEST)","n/e","n/e","n/e","n/e","n/e","n/e","n/e","n/e","n/e","n/e","n/e","n/e","n/e","2513","n/e","n/e","20","n/e","0","n/e","n/e","970"
"BZN|SE1","02.06.2022 21:00 - 02.06.2022 22:00 (CET/CEST)","n/e","n/e","n/e","n/e","n/e","n/e","n/e","n/e","n/e","n/e","n/e","n/e","n/e","2203","n/e","n/e","20","n/e","0","n/e","n/e","946"
"BZN|SE1","02.06.2022 22:00 - 02.06.2022 23:00 (CET/CEST)","n/e","n/e","n/e","n/e","n/e","n/e","n/e","n/e","n/e","n/e","n/e","n/e","n/e","1863","n/e","n/e","15","n/e","0","n/e","n/e","1194"
"BZN|SE1","02.06.2022 23:00 - 03.06.2022 00:00 (CET/CEST)","n/e","n/e","n/e","n/e","n/e","n/e","n/e","n/e","n/e","n/e","n/e","n/e","n/e","1784","n/e","n/e","11","n/e","0","n/e","n/e","1294"
"BZN|SE1","03.06.2022 00:00 - 03.06.2022 01:00 (CET/CEST)","n/e","n/e","n/e","n/e","n/e","n/e","n/e","n/e","n/e","n/e","n/e","n/e","n/e","1255","n/e","n/e","14","n/e","0","n/e","n/e","1056"
"BZN|SE1","03.06.2022 01:00 - 03.06.2022 02:00 (CET/CEST)","n/e","n/e","n/e","n/e","n/e","n/e","n/e","n/e","n/e","n/e","n/e","n/e","n/e","1251","n/e","n/e","14","n/e","0","n/e","n/e","637"
"BZN|SE1","03.06.2022 02:00 - 03.06.2022 03:00 (CET/CEST)","n/e","n/e","n/e","n/e","n/e","n/e","n/e","n/e","n/e","n/e","n/e","n/e","n/e","1246","n/e","n/e","14","n/e","0","n/e","n/e","483"
"BZN|SE1","03.06.2022 03:00 - 03.06.2022 04:00 (CET/CEST)","n/e","n/e","n/e","n/e","n/e","n/e","n/e","n/e","n/e","n/e","n/e","n/e","n/e","1332","n/e","n/e","14","n/e","0","n/e","n/e","355"
"BZN|SE1","03.06.2022 04:00 - 03.06.2022 05:00 (CET/CEST)","n/e","n/e","n/e","n/e","n/e","n/e","n/e","n/e","n/e","n/e","n/e","n/e","n/e","1300","n/e","n/e","14","n/e","0","n/e","n/e","287"
"BZN|SE1","03.06.2022 05:00 - 03.06.2022 06:00 (CET/CEST)","n/e","n/e","n/e","n/e","n/e","n/e","n/e","n/e","n/e","n/e","n/e","n/e","n/e","1725","n/e","n/e","14","n/e","0","n/e","n/e","312"
"BZN|SE1","03.06.2022 06:00 - 03.06.2022 07:00 (CET/CEST)","n/e","n/e","n/e","n/e","n/e","n/e","n/e","n/e","n/e","n/e","n/e","n/e","n/e","2191","n/e","n/e","14","n/e","0","n/e","n/e","288"
"BZN|SE1","03.06.2022 07:00 - 03.06.2022 08:00 (CET/CEST)","n/e","n/e","n/e","n/e","n/e","n/e","n/e","n/e","n/e","n/e","n/e","n/e","n/e","2204","n/e","n/e","18","n/e","0","n/e","n/e","322"
"BZN|SE1","03.06.2022 08:00 - 03.06.2022 09:00 (CET/CEST)","n/e","n/e","n/e","n/e","n/e","n/e","n/e","n/e","n/e","n/e","n/e","n/e","n/e","2332","n/e","n/e","18","n/e","0","n/e","n/e","273"
"BZN|SE1","03.06.2022 09:00 - 03.06.2022 10:00 (CET/CEST)","n/e","n/e","n/e","n/e","n/e","n/e","n/e","n/e","n/e","n/e","n/e","n/e","n/e","2333","n/e","n/e","18","n/e","0","n/e","n/e","206"
"BZN|SE1","03.06.2022 10:00 - 03.06.2022 11:00 (CET/CEST)","n/e","n/e","n/e","n/e","n/e","n/e","n/e","n/e","n/e","n/e","n/e","n/e","n/e","2150","n/e","n/e","18","n/e","0","n/e","n/e","169"
"BZN|SE1","03.06.2022 11:00 - 03.06.2022 12:00 (CET/CEST)","n/e","n/e","n/e","n/e","n/e","n/e","n/e","n/e","n/e","n/e","n/e","n/e","n/e","2041","n/e","n/e","18","n/e","1","n/e","n/e","145"
"BZN|SE1","03.06.2022 12:00 - 03.06.2022 13:00 (CET/CEST)","n/e","n/e","n/e","n/e","n/e","n/e","n/e","n/e","n/e","n/e","n/e","n/e","n/e","1914","n/e","n/e","18","n/e","1","n/e","n/e","125"
"BZN|SE1","03.06.2022 13:00 - 03.06.2022 14:00 (CET/CEST)","n/e","n/e","n/e","n/e","n/e","n/e","n/e","n/e","n/e","n/e","n/e","n/e","n/e","1946","n/e","n/e","18","n/e","1","n/e","n/e","133"
"BZN|SE1","03.06.2022 14:00 - 03.06.2022 15:00 (CET/CEST)","n/e","n/e","n/e","n/e","n/e","n/e","n/e","n/e","n/e","n/e","n/e","n/e","n/e","1790","n/e","n/e","18","n/e","2","n/e","n/e","112"
"BZN|SE1","03.06.2022 15:00 - 03.06.2022 16:00 (CET/CEST)","n/e","n/e","n/e","n/e","n/e","n/e","n/e","n/e","n/e","n/e","n/e","n/e","n/e","1791","n/e","n/e","18","n/e","1","n/e","n/e","67"
"BZN|SE1","03.06.2022 16:00 - 03.06.2022 17:00 (CET/CEST)","n/e","n/e","n/e","n/e","n/e","n/e","n/e","n/e","n/e","n/e","n/e","n/e","n/e","1707","n/e","n/e","18","n/e","1","n/e","n/e","61"
"BZN|SE1","03.06.2022 17:00 - 03.06.2022 18:00 (CET/CEST)","n/e","n/e","n/e","n/e","n/e","n/e","n/e","n/e","n/e","n/e","n/e","n/e","n/e","2156","n/e","n/e","18","n/e","1","n/e","n/e","70"
"BZN|SE1","03.06.2022 18:00 - 03.06.2022 19:00 (CET/CEST)","n/e","n/e","n/e","n/e","n/e","n/e","n/e","n/e","n/e","n/e","n/e","n/e","n/e","2140","n/e","n/e","14","n/e","0","n/e","n/e","87"
"BZN|SE1","03.06.2022 19:00 - 03.06.2022 20:00 (CET/CEST)","n/e","n/e","n/e","n/e","n/e","n/e","n/e","n/e","n/e","n/e","n/e","n/e","n/e","1922","n/e","n/e","14","n/e","0","n/e","n/e","101"
"BZN|SE1","03.06.2022 20:00 - 03.06.2022 21:00 (CET/CEST)","n/e","n/e","n/e","n/e","n/e","n/e","n/e","n/e","n/e","n/e","n/e","n/e","n/e","1878","n/e","n/e","14","n/e","0","n/e","n/e","154"
"BZN|SE1","03.06.2022 21:00 - 03.06.2022 22:00 (CET/CEST)","n/e","n/e","n/e","n/e","n/e","n/e","n/e","n/e","n/e","n/e","n/e","n/e","n/e","1843","n/e","n/e","14","n/e","0","n/e","n/e","226"
"BZN|SE1","03.06.2022 22:00 - 03.06.2022 23:00 (CET/CEST)","n/e","n/e","n/e","n/e","n/e","n/e","n/e","n/e","n/e","n/e","n/e","n/e","n/e","1750","n/e","n/e","14","n/e","0","n/e","n/e","349"
"BZN|SE1","03.06.2022 23:00 - 04.06.2022 00:00 (CET/CEST)","n/e","n/e","n/e","n/e","n/e","n/e","n/e","n/e","n/e","n/e","n/e","n/e","n/e","1627","n/e","n/e","14","n/e","0","n/e","n/e","469"
"BZN|SE1","04.06.2022 00:00 - 04.06.2022 01:00 (CET/CEST)","n/e","n/e","n/e","n/e","n/e","n/e","n/e","n/e","n/e","n/e","n/e","n/e","n/e","1324","n/e","n/e","12","n/e","0","n/e","n/e","640"
"BZN|SE1","04.06.2022 01:00 - 04.06.2022 02:00 (CET/CEST)","n/e","n/e","n/e","n/e","n/e","n/e","n/e","n/e","n/e","n/e","n/e","n/e","n/e","1267","n/e","n/e","12","n/e","0","n/e","n/e","730"
"BZN|SE1","04.06.2022 02:00 - 04.06.2022 03:00 (CET/CEST)","n/e","n/e","n/e","n/e","n/e","n/e","n/e","n/e","n/e","n/e","n/e","n/e","n/e","1255","n/e","n/e","12","n/e","0","n/e","n/e","814"
"BZN|SE1","04.06.2022 03:00 - 04.06.2022 04:00 (CET/CEST)","n/e","n/e","n/e","n/e","n/e","n/e","n/e","n/e","n/e","n/e","n/e","n/e","n/e","1226","n/e","n/e","12","n/e","0","n/e","n/e","864"
"BZN|SE1","04.06.2022 04:00 - 04.06.2022 05:00 (CET/CEST)","n/e","n/e","n/e","n/e","n/e","n/e","n/e","n/e","n/e","n/e","n/e","n/e","n/e","1250","n/e","n/e","12","n/e","0","n/e","n/e","839"
"BZN|SE1","04.06.2022 05:00 - 04.06.2022 06:00 (CET/CEST)","n/e","n/e","n/e","n/e","n/e","n/e","n/e","n/e","n/e","n/e","n/e","n/e","n/e","1326","n/e","n/e","12","n/e","0","n/e","n/e","715"
"BZN|SE1","04.06.2022 06:00 - 04.06.2022 07:00 (CET/CEST)","n/e","n/e","n/e","n/e","n/e","n/e","n/e","n/e","n/e","n/e","n/e","n/e","n/e","1327","n/e","n/e","12","n/e","1","n/e","n/e","666"
"BZN|SE1","04.06.2022 07:00 - 04.06.2022 08:00 (CET/CEST)","n/e","n/e","n/e","n/e","n/e","n/e","n/e","n/e","n/e","n/e","n/e","n/e","n/e","1463","n/e","n/e","12","n/e","1","n/e","n/e","588"
"BZN|SE1","04.06.2022 08:00 - 04.06.2022 09:00 (CET/CEST)","n/e","n/e","n/e","n/e","n/e","n/e","n/e","n/e","n/e","n/e","n/e","n/e","n/e","1571","n/e","n/e","13","n/e","2","n/e","n/e","571"
"BZN|SE1","04.06.2022 09:00 - 04.06.2022 10:00 (CET/CEST)","n/e","n/e","n/e","n/e","n/e","n/e","n/e","n/e","n/e","n/e","n/e","n/e","n/e","1668","n/e","n/e","13","n/e","2","n/e","n/e","565"
"BZN|SE1","04.06.2022 10:00 - 04.06.2022 11:00 (CET/CEST)","n/e","n/e","n/e","n/e","n/e","n/e","n/e","n/e","n/e","n/e","n/e","n/e","n/e","1786","n/e","n/e","13","n/e","2","n/e","n/e","558"
"BZN|SE1","04.06.2022 11:00 - 04.06.2022 12:00 (CET/CEST)","n/e","n/e","n/e","n/e","n/e","n/e","n/e","n/e","n/e","n/e","n/e","n/e","n/e","1820","n/e","n/e","13","n/e","3","n/e","n/e","617"
"BZN|SE1","04.06.2022 12:00 - 04.06.2022 13:00 (CET/CEST)","n/e","n/e","n/e","n/e","n/e","n/e","n/e","n/e","n/e","n/e","n/e","n/e","n/e","1263","n/e","n/e","13","n/e","3","n/e","n/e","569"
"BZN|SE1","04.06.2022 13:00 - 04.06.2022 14:00 (CET/CEST)","n/e","n/e","n/e","n/e","n/e","n/e","n/e","n/e","n/e","n/e","n/e","n/e","n/e","1252","n/e","n/e","13","n/e","3","n/e","n/e","643"
"BZN|SE1","04.06.2022 14:00 - 04.06.2022 15:00 (CET/CEST)","n/e","n/e","n/e","n/e","n/e","n/e","n/e","n/e","n/e","n/e","n/e","n/e","n/e","1233","n/e","n/e","13","n/e","3","n/e","n/e","765"
"BZN|SE1","04.06.2022 15:00 - 04.06.2022 16:00 (CET/CEST)","n/e","n/e","n/e","n/e","n/e","n/e","n/e","n/e","n/e","n/e","n/e","n/e","n/e","1247","n/e","n/e","12","n/e","2","n/e","n/e","821"
"BZN|SE1","04.06.2022 16:00 - 04.06.2022 17:00 (CET/CEST)","n/e","n/e","n/e","n/e","n/e","n/e","n/e","n/e","n/e","n/e","n/e","n/e","n/e","1270","n/e","n/e","12","n/e","2","n/e","n/e","885"
"BZN|SE1","04.06.2022 17:00 - 04.06.2022 18:00 (CET/CEST)","n/e","n/e","n/e","n/e","n/e","n/e","n/e","n/e","n/e","n/e","n/e","n/e","n/e","1279","n/e","n/e","12","n/e","1","n/e","n/e","874"
"BZN|SE1","04.06.2022 18:00 - 04.06.2022 19:00 (CET/CEST)","n/e","n/e","n/e","n/e","n/e","n/e","n/e","n/e","n/e","n/e","n/e","n/e","n/e","1276","n/e","n/e","12","n/e","1","n/e","n/e","886"
"BZN|SE1","04.06.2022 19:00 - 04.06.2022 20:00 (CET/CEST)","n/e","n/e","n/e","n/e","n/e","n/e","n/e","n/e","n/e","n/e","n/e","n/e","n/e","1402","n/e","n/e","12","n/e","0","n/e","n/e","1001"
"BZN|SE1","04.06.2022 20:00 - 04.06.2022 21:00 (CET/CEST)","n/e","n/e","n/e","n/e","n/e","n/e","n/e","n/e","n/e","n/e","n/e","n/e","n/e","1472","n/e","n/e","11","n/e","0","n/e","n/e","1040"
"BZN|SE1","04.06.2022 21:00 - 04.06.2022 22:00 (CET/CEST)","n/e","n/e","n/e","n/e","n/e","n/e","n/e","n/e","n/e","n/e","n/e","n/e","n/e","1474","n/e","n/e","11","n/e","0","n/e","n/e","1000"
"BZN|SE1","04.06.2022 22:00 - 04.06.2022 23:00 (CET/CEST)","n/e","n/e","n/e","n/e","n/e","n/e","n/e","n/e","n/e","n/e","n/e","n/e","n/e","1451","n/e","n/e","11","n/e","0","n/e","n/e","961"
"BZN|SE1","04.06.2022 23:00 - 05.06.2022 00:00 (CET/CEST)","n/e","n/e","n/e","n/e","n/e","n/e","n/e","n/e","n/e","n/e","n/e","n/e","n/e","1402","n/e","n/e","11","n/e","0","n/e","n/e","1147"
"BZN|SE1","05.06.2022 00:00 - 05.06.2022 01:00 (CET/CEST)","n/e","n/e","n/e","n/e","n/e","n/e","n/e","n/e","n/e","n/e","n/e","n/e","n/e","1408","n/e","n/e","11","n/e","0","n/e","n/e","1266"
"BZN|SE1","05.06.2022 01:00 - 05.06.2022 02:00 (CET/CEST)","n/e","n/e","n/e","n/e","n/e","n/e","n/e","n/e","n/e","n/e","n/e","n/e","n/e","1418","n/e","n/e","11","n/e","0","n/e","n/e","1411"
"BZN|SE1","05.06.2022 02:00 - 05.06.2022 03:00 (CET/CEST)","n/e","n/e","n/e","n/e","n/e","n/e","n/e","n/e","n/e","n/e","n/e","n/e","n/e","1403","n/e","n/e","11","n/e","0","n/e","n/e","1393"
"BZN|SE1","05.06.2022 03:00 - 05.06.2022 04:00 (CET/CEST)","n/e","n/e","n/e","n/e","n/e","n/e","n/e","n/e","n/e","n/e","n/e","n/e","n/e","1389","n/e","n/e","11","n/e","0","n/e","n/e","1363"
"BZN|SE1","05.06.2022 04:00 - 05.06.2022 05:00 (CET/CEST)","n/e","n/e","n/e","n/e","n/e","n/e","n/e","n/e","n/e","n/e","n/e","n/e","n/e","1388","n/e","n/e","12","n/e","0","n/e","n/e","1260"
"BZN|SE1","05.06.2022 05:00 - 05.06.2022 06:00 (CET/CEST)","n/e","n/e","n/e","n/e","n/e","n/e","n/e","n/e","n/e","n/e","n/e","n/e","n/e","1386","n/e","n/e","12","n/e","0","n/e","n/e","1156"
"BZN|SE1","05.06.2022 06:00 - 05.06.2022 07:00 (CET/CEST)","n/e","n/e","n/e","n/e","n/e","n/e","n/e","n/e","n/e","n/e","n/e","n/e","n/e","1423","n/e","n/e","12","n/e","1","n/e","n/e","1092"
"BZN|SE1","05.06.2022 07:00 - 05.06.2022 08:00 (CET/CEST)","n/e","n/e","n/e","n/e","n/e","n/e","n/e","n/e","n/e","n/e","n/e","n/e","n/e","1425","n/e","n/e","12","n/e","1","n/e","n/e","1024"
"BZN|SE1","05.06.2022 08:00 - 05.06.2022 09:00 (CET/CEST)","n/e","n/e","n/e","n/e","n/e","n/e","n/e","n/e","n/e","n/e","n/e","n/e","n/e","1449","n/e","n/e","13","n/e","2","n/e","n/e","1041"
"BZN|SE1","05.06.2022 09:00 - 05.06.2022 10:00 (CET/CEST)","n/e","n/e","n/e","n/e","n/e","n/e","n/e","n/e","n/e","n/e","n/e","n/e","n/e","1433","n/e","n/e","13","n/e","2","n/e","n/e","1040"
"BZN|SE1","05.06.2022 10:00 - 05.06.2022 11:00 (CET/CEST)","n/e","n/e","n/e","n/e","n/e","n/e","n/e","n/e","n/e","n/e","n/e","n/e","n/e","1432","n/e","n/e","13","n/e","2","n/e","n/e","1086"
"BZN|SE1","05.06.2022 11:00 - 05.06.2022 12:00 (CET/CEST)","n/e","n/e","n/e","n/e","n/e","n/e","n/e","n/e","n/e","n/e","n/e","n/e","n/e","1399","n/e","n/e","13","n/e","3","n/e","n/e","1113"
"BZN|SE1","05.06.2022 12:00 - 05.06.2022 13:00 (CET/CEST)","n/e","n/e","n/e","n/e","n/e","n/e","n/e","n/e","n/e","n/e","n/e","n/e","n/e","1300","n/e","n/e","13","n/e","3","n/e","n/e","1165"
"BZN|SE1","05.06.2022 13:00 - 05.06.2022 14:00 (CET/CEST)","n/e","n/e","n/e","n/e","n/e","n/e","n/e","n/e","n/e","n/e","n/e","n/e","n/e","1402","n/e","n/e","13","n/e","2","n/e","n/e","1183"
"BZN|SE1","05.06.2022 14:00 - 05.06.2022 15:00 (CET/CEST)","n/e","n/e","n/e","n/e","n/e","n/e","n/e","n/e","n/e","n/e","n/e","n/e","n/e","1401","n/e","n/e","13","n/e","2","n/e","n/e","1193"
"BZN|SE1","05.06.2022 15:00 - 05.06.2022 16:00 (CET/CEST)","n/e","n/e","n/e","n/e","n/e","n/e","n/e","n/e","n/e","n/e","n/e","n/e","n/e","1400","n/e","n/e","13","n/e","2","n/e","n/e","1230"
"BZN|SE1","05.06.2022 16:00 - 05.06.2022 17:00 (CET/CEST)","n/e","n/e","n/e","n/e","n/e","n/e","n/e","n/e","n/e","n/e","n/e","n/e","n/e","1461","n/e","n/e","13","n/e","2","n/e","n/e","1239"
"BZN|SE1","05.06.2022 17:00 - 05.06.2022 18:00 (CET/CEST)","n/e","n/e","n/e","n/e","n/e","n/e","n/e","n/e","n/e","n/e","n/e","n/e","n/e","1457","n/e","n/e","12","n/e","1","n/e","n/e","1256"
"BZN|SE1","05.06.2022 18:00 - 05.06.2022 19:00 (CET/CEST)","n/e","n/e","n/e","n/e","n/e","n/e","n/e","n/e","n/e","n/e","n/e","n/e","n/e","1691","n/e","n/e","12","n/e","1","n/e","n/e","1141"
"BZN|SE1","05.06.2022 19:00 - 05.06.2022 20:00 (CET/CEST)","n/e","n/e","n/e","n/e","n/e","n/e","n/e","n/e","n/e","n/e","n/e","n/e","n/e","1828","n/e","n/e","12","n/e","0","n/e","n/e","1070"
"BZN|SE1","05.06.2022 20:00 - 05.06.2022 21:00 (CET/CEST)","n/e","n/e","n/e","n/e","n/e","n/e","n/e","n/e","n/e","n/e","n/e","n/e","n/e","1978","n/e","n/e","12","n/e","0","n/e","n/e","1135"
"BZN|SE1","05.06.2022 21:00 - 05.06.2022 22:00 (CET/CEST)","n/e","n/e","n/e","n/e","n/e","n/e","n/e","n/e","n/e","n/e","n/e","n/e","n/e","2064","n/e","n/e","11","n/e","0","n/e","n/e","1079"
"BZN|SE1","05.06.2022 22:00 - 05.06.2022 23:00 (CET/CEST)","n/e","n/e","n/e","n/e","n/e","n/e","n/e","n/e","n/e","n/e","n/e","n/e","n/e","2047","n/e","n/e","11","n/e","0","n/e","n/e","1041"
"BZN|SE1","05.06.2022 23:00 - 06.06.2022 00:00 (CET/CEST)","n/e","n/e","n/e","n/e","n/e","n/e","n/e","n/e","n/e","n/e","n/e","n/e","n/e","1745","n/e","n/e","11","n/e","0","n/e","n/e","1007"
"BZN|SE1","06.06.2022 00:00 - 06.06.2022 01:00 (CET/CEST)","n/e","n/e","n/e","n/e","n/e","n/e","n/e","n/e","n/e","n/e","n/e","n/e","n/e","1794","n/e","n/e","11","n/e","0","n/e","n/e","1081"
"BZN|SE1","06.06.2022 01:00 - 06.06.2022 02:00 (CET/CEST)","n/e","n/e","n/e","n/e","n/e","n/e","n/e","n/e","n/e","n/e","n/e","n/e","n/e","1836","n/e","n/e","11","n/e","0","n/e","n/e","1157"
"BZN|SE1","06.06.2022 02:00 - 06.06.2022 03:00 (CET/CEST)","n/e","n/e","n/e","n/e","n/e","n/e","n/e","n/e","n/e","n/e","n/e","n/e","n/e","1839","n/e","n/e","11","n/e","0","n/e","n/e","964"
"BZN|SE1","06.06.2022 03:00 - 06.06.2022 04:00 (CET/CEST)","n/e","n/e","n/e","n/e","n/e","n/e","n/e","n/e","n/e","n/e","n/e","n/e","n/e","2154","n/e","n/e","11","n/e","0","n/e","n/e","868"
"BZN|SE1","06.06.2022 04:00 - 06.06.2022 05:00 (CET/CEST)","n/e","n/e","n/e","n/e","n/e","n/e","n/e","n/e","n/e","n/e","n/e","n/e","n/e","2383","n/e","n/e","11","n/e","0","n/e","n/e","779"
"BZN|SE1","06.06.2022 05:00 - 06.06.2022 06:00 (CET/CEST)","n/e","n/e","n/e","n/e","n/e","n/e","n/e","n/e","n/e","n/e","n/e","n/e","n/e","2484","n/e","n/e","11","n/e","0","n/e","n/e","582"
"BZN|SE1","06.06.2022 06:00 - 06.06.2022 07:00 (CET/CEST)","n/e","n/e","n/e","n/e","n/e","n/e","n/e","n/e","n/e","n/e","n/e","n/e","n/e","2610","n/e","n/e","11","n/e","1","n/e","n/e","387"
"BZN|SE1","06.06.2022 07:00 - 06.06.2022 08:00 (CET/CEST)","n/e","n/e","n/e","n/e","n/e","n/e","n/e","n/e","n/e","n/e","n/e","n/e","n/e","2904","n/e","n/e","12","n/e","1","n/e","n/e","209"
"BZN|SE1","06.06.2022 08:00 - 06.06.2022 09:00 (CET/CEST)","n/e","n/e","n/e","n/e","n/e","n/e","n/e","n/e","n/e","n/e","n/e","n/e","n/e","2790","n/e","n/e","12","n/e","2","n/e","n/e","144"
"BZN|SE1","06.06.2022 09:00 - 06.06.2022 10:00 (CET/CEST)","n/e","n/e","n/e","n/e","n/e","n/e","n/e","n/e","n/e","n/e","n/e","n/e","n/e","2639","n/e","n/e","12","n/e","2","n/e","n/e","107"
"BZN|SE1","06.06.2022 10:00 - 06.06.2022 11:00 (CET/CEST)","n/e","n/e","n/e","n/e","n/e","n/e","n/e","n/e","n/e","n/e","n/e","n/e","n/e","2199","n/e","n/e","12","n/e","2","n/e","n/e","59"
"BZN|SE1","06.06.2022 11:00 - 06.06.2022 12:00 (CET/CEST)","n/e","n/e","n/e","n/e","n/e","n/e","n/e","n/e","n/e","n/e","n/e","n/e","n/e","1537","n/e","n/e","12","n/e","3","n/e","n/e","62"
"BZN|SE1","06.06.2022 12:00 - 06.06.2022 13:00 (CET/CEST)","n/e","n/e","n/e","n/e","n/e","n/e","n/e","n/e","n/e","n/e","n/e","n/e","n/e","1496","n/e","n/e","12","n/e","3","n/e","n/e","94"
"BZN|SE1","06.06.2022 13:00 - 06.06.2022 14:00 (CET/CEST)","n/e","n/e","n/e","n/e","n/e","n/e","n/e","n/e","n/e","n/e","n/e","n/e","n/e","1492","n/e","n/e","12","n/e","3","n/e","n/e","155"
"BZN|SE1","06.06.2022 14:00 - 06.06.2022 15:00 (CET/CEST)","n/e","n/e","n/e","n/e","n/e","n/e","n/e","n/e","n/e","n/e","n/e","n/e","n/e","1492","n/e","n/e","12","n/e","3","n/e","n/e","215"
"BZN|SE1","06.06.2022 15:00 - 06.06.2022 16:00 (CET/CEST)","n/e","n/e","n/e","n/e","n/e","n/e","n/e","n/e","n/e","n/e","n/e","n/e","n/e","1598","n/e","n/e","12","n/e","2","n/e","n/e","294"
"BZN|SE1","06.06.2022 16:00 - 06.06.2022 17:00 (CET/CEST)","n/e","n/e","n/e","n/e","n/e","n/e","n/e","n/e","n/e","n/e","n/e","n/e","n/e","1776","n/e","n/e","12","n/e","2","n/e","n/e","402"
"BZN|SE1","06.06.2022 17:00 - 06.06.2022 18:00 (CET/CEST)","n/e","n/e","n/e","n/e","n/e","n/e","n/e","n/e","n/e","n/e","n/e","n/e","n/e","2465","n/e","n/e","12","n/e","1","n/e","n/e","444"
"BZN|SE1","06.06.2022 18:00 - 06.06.2022 19:00 (CET/CEST)","n/e","n/e","n/e","n/e","n/e","n/e","n/e","n/e","n/e","n/e","n/e","n/e","n/e","2615","n/e","n/e","12","n/e","0","n/e","n/e","454"
"BZN|SE1","06.06.2022 19:00 - 06.06.2022 20:00 (CET/CEST)","n/e","n/e","n/e","n/e","n/e","n/e","n/e","n/e","n/e","n/e","n/e","n/e","n/e","2489","n/e","n/e","12","n/e","0","n/e","n/e","461"
"BZN|SE1","06.06.2022 20:00 - 06.06.2022 21:00 (CET/CEST)","n/e","n/e","n/e","n/e","n/e","n/e","n/e","n/e","n/e","n/e","n/e","n/e","n/e","2380","n/e","n/e","12","n/e","0","n/e","n/e","555"
"BZN|SE1","06.06.2022 21:00 - 06.06.2022 22:00 (CET/CEST)","n/e","n/e","n/e","n/e","n/e","n/e","n/e","n/e","n/e","n/e","n/e","n/e","n/e","2053","n/e","n/e","12","n/e","0","n/e","n/e","747"
"BZN|SE1","06.06.2022 22:00 - 06.06.2022 23:00 (CET/CEST)","n/e","n/e","n/e","n/e","n/e","n/e","n/e","n/e","n/e","n/e","n/e","n/e","n/e","1709","n/e","n/e","12","n/e","0","n/e","n/e","981"
"BZN|SE1","06.06.2022 23:00 - 07.06.2022 00:00 (CET/CEST)","n/e","n/e","n/e","n/e","n/e","n/e","n/e","n/e","n/e","n/e","n/e","n/e","n/e","1337","n/e","n/e","12","n/e","0","n/e","n/e","1020"
"BZN|SE1","07.06.2022 00:00 - 07.06.2022 01:00 (CET/CEST)","n/e","n/e","n/e","n/e","n/e","n/e","n/e","n/e","n/e","n/e","n/e","n/e","n/e","1378","n/e","n/e","11","n/e","0","n/e","n/e","1029"
"BZN|SE1","07.06.2022 01:00 - 07.06.2022 02:00 (CET/CEST)","n/e","n/e","n/e","n/e","n/e","n/e","n/e","n/e","n/e","n/e","n/e","n/e","n/e","1359","n/e","n/e","12","n/e","0","n/e","n/e","1156"
"BZN|SE1","07.06.2022 02:00 - 07.06.2022 03:00 (CET/CEST)","n/e","n/e","n/e","n/e","n/e","n/e","n/e","n/e","n/e","n/e","n/e","n/e","n/e","1475","n/e","n/e","12","n/e","0","n/e","n/e","1168"
"BZN|SE1","07.06.2022 03:00 - 07.06.2022 04:00 (CET/CEST)","n/e","n/e","n/e","n/e","n/e","n/e","n/e","n/e","n/e","n/e","n/e","n/e","n/e","1616","n/e","n/e","12","n/e","0","n/e","n/e","1085"
"BZN|SE1","07.06.2022 04:00 - 07.06.2022 05:00 (CET/CEST)","n/e","n/e","n/e","n/e","n/e","n/e","n/e","n/e","n/e","n/e","n/e","n/e","n/e","2032","n/e","n/e","12","n/e","0","n/e","n/e","957"
"BZN|SE1","07.06.2022 05:00 - 07.06.2022 06:00 (CET/CEST)","n/e","n/e","n/e","n/e","n/e","n/e","n/e","n/e","n/e","n/e","n/e","n/e","n/e","2570","n/e","n/e","12","n/e","0","n/e","n/e","790"
"BZN|SE1","07.06.2022 06:00 - 07.06.2022 07:00 (CET/CEST)","n/e","n/e","n/e","n/e","n/e","n/e","n/e","n/e","n/e","n/e","n/e","n/e","n/e","2950","n/e","n/e","12","n/e","1","n/e","n/e","700"
"BZN|SE1","07.06.2022 07:00 - 07.06.2022 08:00 (CET/CEST)","n/e","n/e","n/e","n/e","n/e","n/e","n/e","n/e","n/e","n/e","n/e","n/e","n/e","3092","n/e","n/e","13","n/e","1","n/e","n/e","630"
"BZN|SE1","07.06.2022 08:00 - 07.06.2022 09:00 (CET/CEST)","n/e","n/e","n/e","n/e","n/e","n/e","n/e","n/e","n/e","n/e","n/e","n/e","n/e","3146","n/e","n/e","19","n/e","2","n/e","n/e","593"
"BZN|SE1","07.06.2022 09:00 - 07.06.2022 10:00 (CET/CEST)","n/e","n/e","n/e","n/e","n/e","n/e","n/e","n/e","n/e","n/e","n/e","n/e","n/e","3140","n/e","n/e","22","n/e","2","n/e","n/e","573"
"BZN|SE1","07.06.2022 10:00 - 07.06.2022 11:00 (CET/CEST)","n/e","n/e","n/e","n/e","n/e","n/e","n/e","n/e","n/e","n/e","n/e","n/e","n/e","3103","n/e","n/e","22","n/e","2","n/e","n/e","499"
"BZN|SE1","07.06.2022 11:00 - 07.06.2022 12:00 (CET/CEST)","n/e","n/e","n/e","n/e","n/e","n/e","n/e","n/e","n/e","n/e","n/e","n/e","n/e","3078","n/e","n/e","22","n/e","3","n/e","n/e","465"
"BZN|SE1","07.06.2022 12:00 - 07.06.2022 13:00 (CET/CEST)","n/e","n/e","n/e","n/e","n/e","n/e","n/e","n/e","n/e","n/e","n/e","n/e","n/e","3046","n/e","n/e","19","n/e","3","n/e","n/e","456"
"BZN|SE1","07.06.2022 13:00 - 07.06.2022 14:00 (CET/CEST)","n/e","n/e","n/e","n/e","n/e","n/e","n/e","n/e","n/e","n/e","n/e","n/e","n/e","3068","n/e","n/e","19","n/e","3","n/e","n/e","438"
"BZN|SE1","07.06.2022 14:00 - 07.06.2022 15:00 (CET/CEST)","n/e","n/e","n/e","n/e","n/e","n/e","n/e","n/e","n/e","n/e","n/e","n/e","n/e","3097","n/e","n/e","19","n/e","3","n/e","n/e","319"
"BZN|SE1","07.06.2022 15:00 - 07.06.2022 16:00 (CET/CEST)","n/e","n/e","n/e","n/e","n/e","n/e","n/e","n/e","n/e","n/e","n/e","n/e","n/e","3134","n/e","n/e","19","n/e","3","n/e","n/e","292"
"BZN|SE1","07.06.2022 16:00 - 07.06.2022 17:00 (CET/CEST)","n/e","n/e","n/e","n/e","n/e","n/e","n/e","n/e","n/e","n/e","n/e","n/e","n/e","3144","n/e","n/e","19","n/e","2","n/e","n/e","257"
"BZN|SE1","07.06.2022 17:00 - 07.06.2022 18:00 (CET/CEST)","n/e","n/e","n/e","n/e","n/e","n/e","n/e","n/e","n/e","n/e","n/e","n/e","n/e","3096","n/e","n/e","19","n/e","2","n/e","n/e","242"
"BZN|SE1","07.06.2022 18:00 - 07.06.2022 19:00 (CET/CEST)","n/e","n/e","n/e","n/e","n/e","n/e","n/e","n/e","n/e","n/e","n/e","n/e","n/e","3054","n/e","n/e","18","n/e","1","n/e","n/e","218"
"BZN|SE1","07.06.2022 19:00 - 07.06.2022 20:00 (CET/CEST)","n/e","n/e","n/e","n/e","n/e","n/e","n/e","n/e","n/e","n/e","n/e","n/e","n/e","2289","n/e","n/e","21","n/e","1","n/e","n/e","183"
"BZN|SE1","07.06.2022 20:00 - 07.06.2022 21:00 (CET/CEST)","n/e","n/e","n/e","n/e","n/e","n/e","n/e","n/e","n/e","n/e","n/e","n/e","n/e","2324","n/e","n/e","21","n/e","0","n/e","n/e","133"
"BZN|SE1","07.06.2022 21:00 - 07.06.2022 22:00 (CET/CEST)","n/e","n/e","n/e","n/e","n/e","n/e","n/e","n/e","n/e","n/e","n/e","n/e","n/e","2321","n/e","n/e","18","n/e","0","n/e","n/e","109"
"BZN|SE1","07.06.2022 22:00 - 07.06.2022 23:00 (CET/CEST)","n/e","n/e","n/e","n/e","n/e","n/e","n/e","n/e","n/e","n/e","n/e","n/e","n/e","2312","n/e","n/e","18","n/e","0","n/e","n/e","103"
"BZN|SE1","07.06.2022 23:00 - 08.06.2022 00:00 (CET/CEST)","n/e","n/e","n/e","n/e","n/e","n/e","n/e","n/e","n/e","n/e","n/e","n/e","n/e","2412","n/e","n/e","17","n/e","0","n/e","n/e","84"
"BZN|SE1","08.06.2022 00:00 - 08.06.2022 01:00 (CET/CEST)","n/e","n/e","n/e","n/e","n/e","n/e","n/e","n/e","n/e","n/e","n/e","n/e","n/e","2669","n/e","n/e","14","n/e","0","n/e","n/e","104"
"BZN|SE1","08.06.2022 01:00 - 08.06.2022 02:00 (CET/CEST)","n/e","n/e","n/e","n/e","n/e","n/e","n/e","n/e","n/e","n/e","n/e","n/e","n/e","2608","n/e","n/e","15","n/e","0","n/e","n/e","132"
"BZN|SE1","08.06.2022 02:00 - 08.06.2022 03:00 (CET/CEST)","n/e","n/e","n/e","n/e","n/e","n/e","n/e","n/e","n/e","n/e","n/e","n/e","n/e","2681","n/e","n/e","15","n/e","0","n/e","n/e","163"
"BZN|SE1","08.06.2022 03:00 - 08.06.2022 04:00 (CET/CEST)","n/e","n/e","n/e","n/e","n/e","n/e","n/e","n/e","n/e","n/e","n/e","n/e","n/e","2664","n/e","n/e","15","n/e","0","n/e","n/e","173"
"BZN|SE1","08.06.2022 04:00 - 08.06.2022 05:00 (CET/CEST)","n/e","n/e","n/e","n/e","n/e","n/e","n/e","n/e","n/e","n/e","n/e","n/e","n/e","2656","n/e","n/e","15","n/e","0","n/e","n/e","174"
"BZN|SE1","08.06.2022 05:00 - 08.06.2022 06:00 (CET/CEST)","n/e","n/e","n/e","n/e","n/e","n/e","n/e","n/e","n/e","n/e","n/e","n/e","n/e","2722","n/e","n/e","20","n/e","0","n/e","n/e","131"
"BZN|SE1","08.06.2022 06:00 - 08.06.2022 07:00 (CET/CEST)","n/e","n/e","n/e","n/e","n/e","n/e","n/e","n/e","n/e","n/e","n/e","n/e","n/e","3299","n/e","n/e","20","n/e","0","n/e","n/e","96"
"BZN|SE1","08.06.2022 07:00 - 08.06.2022 08:00 (CET/CEST)","n/e","n/e","n/e","n/e","n/e","n/e","n/e","n/e","n/e","n/e","n/e","n/e","n/e","3429","n/e","n/e","20","n/e","1","n/e","n/e","70"
"BZN|SE1","08.06.2022 08:00 - 08.06.2022 09:00 (CET/CEST)","n/e","n/e","n/e","n/e","n/e","n/e","n/e","n/e","n/e","n/e","n/e","n/e","n/e","3450","n/e","n/e","20","n/e","1","n/e","n/e","47"
"BZN|SE1","08.06.2022 09:00 - 08.06.2022 10:00 (CET/CEST)","n/e","n/e","n/e","n/e","n/e","n/e","n/e","n/e","n/e","n/e","n/e","n/e","n/e","3406","n/e","n/e","20","n/e","1","n/e","n/e","49"
"BZN|SE1","08.06.2022 10:00 - 08.06.2022 11:00 (CET/CEST)","n/e","n/e","n/e","n/e","n/e","n/e","n/e","n/e","n/e","n/e","n/e","n/e","n/e","3340","n/e","n/e","17","n/e","2","n/e","n/e","43"
"BZN|SE1","08.06.2022 11:00 - 08.06.2022 12:00 (CET/CEST)","n/e","n/e","n/e","n/e","n/e","n/e","n/e","n/e","n/e","n/e","n/e","n/e","n/e","3334","n/e","n/e","17","n/e","2","n/e","n/e","65"
"BZN|SE1","08.06.2022 12:00 - 08.06.2022 13:00 (CET/CEST)","n/e","n/e","n/e","n/e","n/e","n/e","n/e","n/e","n/e","n/e","n/e","n/e","n/e","3337","n/e","n/e","17","n/e","2","n/e","n/e","77"
"BZN|SE1","08.06.2022 13:00 - 08.06.2022 14:00 (CET/CEST)","n/e","n/e","n/e","n/e","n/e","n/e","n/e","n/e","n/e","n/e","n/e","n/e","n/e","3375","n/e","n/e","17","n/e","2","n/e","n/e","90"
"BZN|SE1","08.06.2022 14:00 - 08.06.2022 15:00 (CET/CEST)","n/e","n/e","n/e","n/e","n/e","n/e","n/e","n/e","n/e","n/e","n/e","n/e","n/e","3284","n/e","n/e","17","n/e","2","n/e","n/e","104"
"BZN|SE1","08.06.2022 15:00 - 08.06.2022 16:00 (CET/CEST)","n/e","n/e","n/e","n/e","n/e","n/e","n/e","n/e","n/e","n/e","n/e","n/e","n/e","3339","n/e","n/e","17","n/e","1","n/e","n/e","156"
"BZN|SE1","08.06.2022 16:00 - 08.06.2022 17:00 (CET/CEST)","n/e","n/e","n/e","n/e","n/e","n/e","n/e","n/e","n/e","n/e","n/e","n/e","n/e","3318","n/e","n/e","17","n/e","1","n/e","n/e","143"
"BZN|SE1","08.06.2022 17:00 - 08.06.2022 18:00 (CET/CEST)","n/e","n/e","n/e","n/e","n/e","n/e","n/e","n/e","n/e","n/e","n/e","n/e","n/e","3294","n/e","n/e","17","n/e","1","n/e","n/e","102"
"BZN|SE1","08.06.2022 18:00 - 08.06.2022 19:00 (CET/CEST)","n/e","n/e","n/e","n/e","n/e","n/e","n/e","n/e","n/e","n/e","n/e","n/e","n/e","3316","n/e","n/e","17","n/e","0","n/e","n/e","58"
"BZN|SE1","08.06.2022 19:00 - 08.06.2022 20:00 (CET/CEST)","n/e","n/e","n/e","n/e","n/e","n/e","n/e","n/e","n/e","n/e","n/e","n/e","n/e","2812","n/e","n/e","17","n/e","0","n/e","n/e","55"
"BZN|SE1","08.06.2022 20:00 - 08.06.2022 21:00 (CET/CEST)","n/e","n/e","n/e","n/e","n/e","n/e","n/e","n/e","n/e","n/e","n/e","n/e","n/e","2787","n/e","n/e","16","n/e","0","n/e","n/e","60"
"BZN|SE1","08.06.2022 21:00 - 08.06.2022 22:00 (CET/CEST)","n/e","n/e","n/e","n/e","n/e","n/e","n/e","n/e","n/e","n/e","n/e","n/e","n/e","2775","n/e","n/e","16","n/e","0","n/e","n/e","80"
"BZN|SE1","08.06.2022 22:00 - 08.06.2022 23:00 (CET/CEST)","n/e","n/e","n/e","n/e","n/e","n/e","n/e","n/e","n/e","n/e","n/e","n/e","n/e","2685","n/e","n/e","17","n/e","0","n/e","n/e","120"
"BZN|SE1","08.06.2022 23:00 - 09.06.2022 00:00 (CET/CEST)","n/e","n/e","n/e","n/e","n/e","n/e","n/e","n/e","n/e","n/e","n/e","n/e","n/e","2687","n/e","n/e","12","n/e","0","n/e","n/e","167"
"BZN|SE1","09.06.2022 00:00 - 09.06.2022 01:00 (CET/CEST)","n/e","n/e","n/e","n/e","n/e","n/e","n/e","n/e","n/e","n/e","n/e","n/e","n/e","2614","n/e","n/e","11","n/e","0","n/e","n/e","264"
"BZN|SE1","09.06.2022 01:00 - 09.06.2022 02:00 (CET/CEST)","n/e","n/e","n/e","n/e","n/e","n/e","n/e","n/e","n/e","n/e","n/e","n/e","n/e","2587","n/e","n/e","11","n/e","0","n/e","n/e","385"
"BZN|SE1","09.06.2022 02:00 - 09.06.2022 03:00 (CET/CEST)","n/e","n/e","n/e","n/e","n/e","n/e","n/e","n/e","n/e","n/e","n/e","n/e","n/e","2578","n/e","n/e","11","n/e","0","n/e","n/e","506"
"BZN|SE1","09.06.2022 03:00 - 09.06.2022 04:00 (CET/CEST)","n/e","n/e","n/e","n/e","n/e","n/e","n/e","n/e","n/e","n/e","n/e","n/e","n/e","2665","n/e","n/e","11","n/e","0","n/e","n/e","566"
"BZN|SE1","09.06.2022 04:00 - 09.06.2022 05:00 (CET/CEST)","n/e","n/e","n/e","n/e","n/e","n/e","n/e","n/e","n/e","n/e","n/e","n/e","n/e","2674","n/e","n/e","11","n/e","0","n/e","n/e","587"
"BZN|SE1","09.06.2022 05:00 - 09.06.2022 06:00 (CET/CEST)","n/e","n/e","n/e","n/e","n/e","n/e","n/e","n/e","n/e","n/e","n/e","n/e","n/e","2817","n/e","n/e","11","n/e","0","n/e","n/e","649"
"BZN|SE1","09.06.2022 06:00 - 09.06.2022 07:00 (CET/CEST)","n/e","n/e","n/e","n/e","n/e","n/e","n/e","n/e","n/e","n/e","n/e","n/e","n/e","3445","n/e","n/e","11","n/e","0","n/e","n/e","559"
"BZN|SE1","09.06.2022 07:00 - 09.06.2022 08:00 (CET/CEST)","n/e","n/e","n/e","n/e","n/e","n/e","n/e","n/e","n/e","n/e","n/e","n/e","n/e","3492","n/e","n/e","15","n/e","0","n/e","n/e","482"
"BZN|SE1","09.06.2022 08:00 - 09.06.2022 09:00 (CET/CEST)","n/e","n/e","n/e","n/e","n/e","n/e","n/e","n/e","n/e","n/e","n/e","n/e","n/e","3503","n/e","n/e","18","n/e","0","n/e","n/e","493"
"BZN|SE1","09.06.2022 09:00 - 09.06.2022 10:00 (CET/CEST)","n/e","n/e","n/e","n/e","n/e","n/e","n/e","n/e","n/e","n/e","n/e","n/e","n/e","3368","n/e","n/e","18","n/e","0","n/e","n/e","433"
"BZN|SE1","09.06.2022 10:00 - 09.06.2022 11:00 (CET/CEST)","n/e","n/e","n/e","n/e","n/e","n/e","n/e","n/e","n/e","n/e","n/e","n/e","n/e","3320","n/e","n/e","18","n/e","1","n/e","n/e","339"
"BZN|SE1","09.06.2022 11:00 - 09.06.2022 12:00 (CET/CEST)","n/e","n/e","n/e","n/e","n/e","n/e","n/e","n/e","n/e","n/e","n/e","n/e","n/e","3347","n/e","n/e","19","n/e","1","n/e","n/e","296"
"BZN|SE1","09.06.2022 12:00 - 09.06.2022 13:00 (CET/CEST)","n/e","n/e","n/e","n/e","n/e","n/e","n/e","n/e","n/e","n/e","n/e","n/e","n/e","3313","n/e","n/e","18","n/e","1","n/e","n/e","228"
"BZN|SE1","09.06.2022 13:00 - 09.06.2022 14:00 (CET/CEST)","n/e","n/e","n/e","n/e","n/e","n/e","n/e","n/e","n/e","n/e","n/e","n/e","n/e","3288","n/e","n/e","19","n/e","1","n/e","n/e","183"
"BZN|SE1","09.06.2022 14:00 - 09.06.2022 15:00 (CET/CEST)","n/e","n/e","n/e","n/e","n/e","n/e","n/e","n/e","n/e","n/e","n/e","n/e","n/e","3294","n/e","n/e","16","n/e","1","n/e","n/e","151"
"BZN|SE1","09.06.2022 15:00 - 09.06.2022 16:00 (CET/CEST)","n/e","n/e","n/e","n/e","n/e","n/e","n/e","n/e","n/e","n/e","n/e","n/e","n/e","3402","n/e","n/e","19","n/e","1","n/e","n/e","114"
"BZN|SE1","09.06.2022 16:00 - 09.06.2022 17:00 (CET/CEST)","n/e","n/e","n/e","n/e","n/e","n/e","n/e","n/e","n/e","n/e","n/e","n/e","n/e","3410","n/e","n/e","19","n/e","1","n/e","n/e","83"
"BZN|SE1","09.06.2022 17:00 - 09.06.2022 18:00 (CET/CEST)","n/e","n/e","n/e","n/e","n/e","n/e","n/e","n/e","n/e","n/e","n/e","n/e","n/e","3419","n/e","n/e","12","n/e","1","n/e","n/e","64"
"BZN|SE1","09.06.2022 18:00 - 09.06.2022 19:00 (CET/CEST)","n/e","n/e","n/e","n/e","n/e","n/e","n/e","n/e","n/e","n/e","n/e","n/e","n/e","3464","n/e","n/e","11","n/e","1","n/e","n/e","94"
"BZN|SE1","09.06.2022 19:00 - 09.06.2022 20:00 (CET/CEST)","n/e","n/e","n/e","n/e","n/e","n/e","n/e","n/e","n/e","n/e","n/e","n/e","n/e","2923","n/e","n/e","11","n/e","0","n/e","n/e","100"
"BZN|SE1","09.06.2022 20:00 - 09.06.2022 21:00 (CET/CEST)","n/e","n/e","n/e","n/e","n/e","n/e","n/e","n/e","n/e","n/e","n/e","n/e","n/e","2922","n/e","n/e","11","n/e","0","n/e","n/e","112"
"BZN|SE1","09.06.2022 21:00 - 09.06.2022 22:00 (CET/CEST)","n/e","n/e","n/e","n/e","n/e","n/e","n/e","n/e","n/e","n/e","n/e","n/e","n/e","2877","n/e","n/e","11","n/e","0","n/e","n/e","223"
"BZN|SE1","09.06.2022 22:00 - 09.06.2022 23:00 (CET/CEST)","n/e","n/e","n/e","n/e","n/e","n/e","n/e","n/e","n/e","n/e","n/e","n/e","n/e","2830","n/e","n/e","11","n/e","0","n/e","n/e","362"
"BZN|SE1","09.06.2022 23:00 - 10.06.2022 00:00 (CET/CEST)","n/e","n/e","n/e","n/e","n/e","n/e","n/e","n/e","n/e","n/e","n/e","n/e","n/e","2801","n/e","n/e","9","n/e","0","n/e","n/e","468"
"BZN|SE1","10.06.2022 00:00 - 10.06.2022 01:00 (CET/CEST)","n/e","n/e","n/e","n/e","n/e","n/e","n/e","n/e","n/e","n/e","n/e","n/e","n/e","2578","n/e","n/e","10","n/e","0","n/e","n/e","608"
"BZN|SE1","10.06.2022 01:00 - 10.06.2022 02:00 (CET/CEST)","n/e","n/e","n/e","n/e","n/e","n/e","n/e","n/e","n/e","n/e","n/e","n/e","n/e","3093","n/e","n/e","10","n/e","0","n/e","n/e","651"
"BZN|SE1","10.06.2022 02:00 - 10.06.2022 03:00 (CET/CEST)","n/e","n/e","n/e","n/e","n/e","n/e","n/e","n/e","n/e","n/e","n/e","n/e","n/e","3128","n/e","n/e","10","n/e","0","n/e","n/e","699"
"BZN|SE1","10.06.2022 03:00 - 10.06.2022 04:00 (CET/CEST)","n/e","n/e","n/e","n/e","n/e","n/e","n/e","n/e","n/e","n/e","n/e","n/e","n/e","3130","n/e","n/e","10","n/e","0","n/e","n/e","639"
"BZN|SE1","10.06.2022 04:00 - 10.06.2022 05:00 (CET/CEST)","n/e","n/e","n/e","n/e","n/e","n/e","n/e","n/e","n/e","n/e","n/e","n/e","n/e","3028","n/e","n/e","10","n/e","0","n/e","n/e","478"
"BZN|SE1","10.06.2022 05:00 - 10.06.2022 06:00 (CET/CEST)","n/e","n/e","n/e","n/e","n/e","n/e","n/e","n/e","n/e","n/e","n/e","n/e","n/e","3180","n/e","n/e","11","n/e","0","n/e","n/e","293"
"BZN|SE1","10.06.2022 06:00 - 10.06.2022 07:00 (CET/CEST)","n/e","n/e","n/e","n/e","n/e","n/e","n/e","n/e","n/e","n/e","n/e","n/e","n/e","3355","n/e","n/e","13","n/e","1","n/e","n/e","144"
"BZN|SE1","10.06.2022 07:00 - 10.06.2022 08:00 (CET/CEST)","n/e","n/e","n/e","n/e","n/e","n/e","n/e","n/e","n/e","n/e","n/e","n/e","n/e","3375","n/e","n/e","13","n/e","1","n/e","n/e","66"
"BZN|SE1","10.06.2022 08:00 - 10.06.2022 09:00 (CET/CEST)","n/e","n/e","n/e","n/e","n/e","n/e","n/e","n/e","n/e","n/e","n/e","n/e","n/e","3394","n/e","n/e","17","n/e","2","n/e","n/e","33"
"BZN|SE1","10.06.2022 09:00 - 10.06.2022 10:00 (CET/CEST)","n/e","n/e","n/e","n/e","n/e","n/e","n/e","n/e","n/e","n/e","n/e","n/e","n/e","3389","n/e","n/e","20","n/e","2","n/e","n/e","13"
"BZN|SE1","10.06.2022 10:00 - 10.06.2022 11:00 (CET/CEST)","n/e","n/e","n/e","n/e","n/e","n/e","n/e","n/e","n/e","n/e","n/e","n/e","n/e","3370","n/e","n/e","18","n/e","3","n/e","n/e","8"
"BZN|SE1","10.06.2022 11:00 - 10.06.2022 12:00 (CET/CEST)","n/e","n/e","n/e","n/e","n/e","n/e","n/e","n/e","n/e","n/e","n/e","n/e","n/e","3366","n/e","n/e","18","n/e","3","n/e","n/e","12"
"BZN|SE1","10.06.2022 12:00 - 10.06.2022 13:00 (CET/CEST)","n/e","n/e","n/e","n/e","n/e","n/e","n/e","n/e","n/e","n/e","n/e","n/e","n/e","3366","n/e","n/e","18","n/e","3","n/e","n/e","23"
"BZN|SE1","10.06.2022 13:00 - 10.06.2022 14:00 (CET/CEST)","n/e","n/e","n/e","n/e","n/e","n/e","n/e","n/e","n/e","n/e","n/e","n/e","n/e","3347","n/e","n/e","18","n/e","3","n/e","n/e","44"
"BZN|SE1","10.06.2022 14:00 - 10.06.2022 15:00 (CET/CEST)","n/e","n/e","n/e","n/e","n/e","n/e","n/e","n/e","n/e","n/e","n/e","n/e","n/e","3348","n/e","n/e","18","n/e","3","n/e","n/e","67"
"BZN|SE1","10.06.2022 15:00 - 10.06.2022 16:00 (CET/CEST)","n/e","n/e","n/e","n/e","n/e","n/e","n/e","n/e","n/e","n/e","n/e","n/e","n/e","3330","n/e","n/e","18","n/e","2","n/e","n/e","93"
"BZN|SE1","10.06.2022 16:00 - 10.06.2022 17:00 (CET/CEST)","n/e","n/e","n/e","n/e","n/e","n/e","n/e","n/e","n/e","n/e","n/e","n/e","n/e","3312","n/e","n/e","17","n/e","2","n/e","n/e","155"
"BZN|SE1","10.06.2022 17:00 - 10.06.2022 18:00 (CET/CEST)","n/e","n/e","n/e","n/e","n/e","n/e","n/e","n/e","n/e","n/e","n/e","n/e","n/e","3108","n/e","n/e","17","n/e","1","n/e","n/e","192"
"BZN|SE1","10.06.2022 18:00 - 10.06.2022 19:00 (CET/CEST)","n/e","n/e","n/e","n/e","n/e","n/e","n/e","n/e","n/e","n/e","n/e","n/e","n/e","3087","n/e","n/e","10","n/e","1","n/e","n/e","334"
"BZN|SE1","10.06.2022 19:00 - 10.06.2022 20:00 (CET/CEST)","n/e","n/e","n/e","n/e","n/e","n/e","n/e","n/e","n/e","n/e","n/e","n/e","n/e","3103","n/e","n/e","9","n/e","1","n/e","n/e","351"
"BZN|SE1","10.06.2022 20:00 - 10.06.2022 21:00 (CET/CEST)","n/e","n/e","n/e","n/e","n/e","n/e","n/e","n/e","n/e","n/e","n/e","n/e","n/e","2965","n/e","n/e","9","n/e","0","n/e","n/e","401"
"BZN|SE1","10.06.2022 21:00 - 10.06.2022 22:00 (CET/CEST)","n/e","n/e","n/e","n/e","n/e","n/e","n/e","n/e","n/e","n/e","n/e","n/e","n/e","2798","n/e","n/e","9","n/e","0","n/e","n/e","470"
"BZN|SE1","10.06.2022 22:00 - 10.06.2022 23:00 (CET/CEST)","n/e","n/e","n/e","n/e","n/e","n/e","n/e","n/e","n/e","n/e","n/e","n/e","n/e","2704","n/e","n/e","9","n/e","0","n/e","n/e","529"
"BZN|SE1","10.06.2022 23:00 - 11.06.2022 00:00 (CET/CEST)","n/e","n/e","n/e","n/e","n/e","n/e","n/e","n/e","n/e","n/e","n/e","n/e","n/e","2505","n/e","n/e","9","n/e","0","n/e","n/e","582"
"BZN|SE1","11.06.2022 00:00 - 11.06.2022 01:00 (CET/CEST)","n/e","n/e","n/e","n/e","n/e","n/e","n/e","n/e","n/e","n/e","n/e","n/e","n/e","1730","n/e","n/e","8","n/e","0","n/e","n/e","592"
"BZN|SE1","11.06.2022 01:00 - 11.06.2022 02:00 (CET/CEST)","n/e","n/e","n/e","n/e","n/e","n/e","n/e","n/e","n/e","n/e","n/e","n/e","n/e","1596","n/e","n/e","8","n/e","0","n/e","n/e","587"
"BZN|SE1","11.06.2022 02:00 - 11.06.2022 03:00 (CET/CEST)","n/e","n/e","n/e","n/e","n/e","n/e","n/e","n/e","n/e","n/e","n/e","n/e","n/e","1560","n/e","n/e","8","n/e","0","n/e","n/e","617"
"BZN|SE1","11.06.2022 03:00 - 11.06.2022 04:00 (CET/CEST)","n/e","n/e","n/e","n/e","n/e","n/e","n/e","n/e","n/e","n/e","n/e","n/e","n/e","1558","n/e","n/e","8","n/e","0","n/e","n/e","622"
"BZN|SE1","11.06.2022 04:00 - 11.06.2022 05:00 (CET/CEST)","n/e","n/e","n/e","n/e","n/e","n/e","n/e","n/e","n/e","n/e","n/e","n/e","n/e","1581","n/e","n/e","8","n/e","0","n/e","n/e","590"
"BZN|SE1","11.06.2022 05:00 - 11.06.2022 06:00 (CET/CEST)","n/e","n/e","n/e","n/e","n/e","n/e","n/e","n/e","n/e","n/e","n/e","n/e","n/e","1595","n/e","n/e","8","n/e","0","n/e","n/e","548"
"BZN|SE1","11.06.2022 06:00 - 11.06.2022 07:00 (CET/CEST)","n/e","n/e","n/e","n/e","n/e","n/e","n/e","n/e","n/e","n/e","n/e","n/e","n/e","1788","n/e","n/e","8","n/e","0","n/e","n/e","517"
"BZN|SE1","11.06.2022 07:00 - 11.06.2022 08:00 (CET/CEST)","n/e","n/e","n/e","n/e","n/e","n/e","n/e","n/e","n/e","n/e","n/e","n/e","n/e","1870","n/e","n/e","9","n/e","1","n/e","n/e","536"
"BZN|SE1","11.06.2022 08:00 - 11.06.2022 09:00 (CET/CEST)","n/e","n/e","n/e","n/e","n/e","n/e","n/e","n/e","n/e","n/e","n/e","n/e","n/e","1860","n/e","n/e","9","n/e","1","n/e","n/e","580"
"BZN|SE1","11.06.2022 09:00 - 11.06.2022 10:00 (CET/CEST)","n/e","n/e","n/e","n/e","n/e","n/e","n/e","n/e","n/e","n/e","n/e","n/e","n/e","1754","n/e","n/e","9","n/e","2","n/e","n/e","724"
"BZN|SE1","11.06.2022 10:00 - 11.06.2022 11:00 (CET/CEST)","n/e","n/e","n/e","n/e","n/e","n/e","n/e","n/e","n/e","n/e","n/e","n/e","n/e","1680","n/e","n/e","9","n/e","2","n/e","n/e","793"
"BZN|SE1","11.06.2022 11:00 - 11.06.2022 12:00 (CET/CEST)","n/e","n/e","n/e","n/e","n/e","n/e","n/e","n/e","n/e","n/e","n/e","n/e","n/e","1523","n/e","n/e","9","n/e","2","n/e","n/e","880"
"BZN|SE1","11.06.2022 12:00 - 11.06.2022 13:00 (CET/CEST)","n/e","n/e","n/e","n/e","n/e","n/e","n/e","n/e","n/e","n/e","n/e","n/e","n/e","1477","n/e","n/e","8","n/e","2","n/e","n/e","940"
"BZN|SE1","11.06.2022 13:00 - 11.06.2022 14:00 (CET/CEST)","n/e","n/e","n/e","n/e","n/e","n/e","n/e","n/e","n/e","n/e","n/e","n/e","n/e","1459","n/e","n/e","9","n/e","2","n/e","n/e","1004"
"BZN|SE1","11.06.2022 14:00 - 11.06.2022 15:00 (CET/CEST)","n/e","n/e","n/e","n/e","n/e","n/e","n/e","n/e","n/e","n/e","n/e","n/e","n/e","1413","n/e","n/e","8","n/e","2","n/e","n/e","945"
"BZN|SE1","11.06.2022 15:00 - 11.06.2022 16:00 (CET/CEST)","n/e","n/e","n/e","n/e","n/e","n/e","n/e","n/e","n/e","n/e","n/e","n/e","n/e","1475","n/e","n/e","9","n/e","2","n/e","n/e","904"
"BZN|SE1","11.06.2022 16:00 - 11.06.2022 17:00 (CET/CEST)","n/e","n/e","n/e","n/e","n/e","n/e","n/e","n/e","n/e","n/e","n/e","n/e","n/e","1506","n/e","n/e","8","n/e","1","n/e","n/e","802"
"BZN|SE1","11.06.2022 17:00 - 11.06.2022 18:00 (CET/CEST)","n/e","n/e","n/e","n/e","n/e","n/e","n/e","n/e","n/e","n/e","n/e","n/e","n/e","1511","n/e","n/e","8","n/e","1","n/e","n/e","830"
"BZN|SE1","11.06.2022 18:00 - 11.06.2022 19:00 (CET/CEST)","n/e","n/e","n/e","n/e","n/e","n/e","n/e","n/e","n/e","n/e","n/e","n/e","n/e","1433","n/e","n/e","8","n/e","1","n/e","n/e","795"
"BZN|SE1","11.06.2022 19:00 - 11.06.2022 20:00 (CET/CEST)","n/e","n/e","n/e","n/e","n/e","n/e","n/e","n/e","n/e","n/e","n/e","n/e","n/e","1570","n/e","n/e","8","n/e","0","n/e","n/e","679"
"BZN|SE1","11.06.2022 20:00 - 11.06.2022 21:00 (CET/CEST)","n/e","n/e","n/e","n/e","n/e","n/e","n/e","n/e","n/e","n/e","n/e","n/e","n/e","1564","n/e","n/e","8","n/e","0","n/e","n/e","561"
"BZN|SE1","11.06.2022 21:00 - 11.06.2022 22:00 (CET/CEST)","n/e","n/e","n/e","n/e","n/e","n/e","n/e","n/e","n/e","n/e","n/e","n/e","n/e","1615","n/e","n/e","8","n/e","0","n/e","n/e","493"
"BZN|SE1","11.06.2022 22:00 - 11.06.2022 23:00 (CET/CEST)","n/e","n/e","n/e","n/e","n/e","n/e","n/e","n/e","n/e","n/e","n/e","n/e","n/e","1566","n/e","n/e","7","n/e","0","n/e","n/e","530"
"BZN|SE1","11.06.2022 23:00 - 12.06.2022 00:00 (CET/CEST)","n/e","n/e","n/e","n/e","n/e","n/e","n/e","n/e","n/e","n/e","n/e","n/e","n/e","1483","n/e","n/e","7","n/e","0","n/e","n/e","491"
"BZN|SE1","12.06.2022 00:00 - 12.06.2022 01:00 (CET/CEST)","n/e","n/e","n/e","n/e","n/e","n/e","n/e","n/e","n/e","n/e","n/e","n/e","n/e","1200","n/e","n/e","7","n/e","0","n/e","n/e","462"
"BZN|SE1","12.06.2022 01:00 - 12.06.2022 02:00 (CET/CEST)","n/e","n/e","n/e","n/e","n/e","n/e","n/e","n/e","n/e","n/e","n/e","n/e","n/e","1166","n/e","n/e","8","n/e","0","n/e","n/e","454"
"BZN|SE1","12.06.2022 02:00 - 12.06.2022 03:00 (CET/CEST)","n/e","n/e","n/e","n/e","n/e","n/e","n/e","n/e","n/e","n/e","n/e","n/e","n/e","1161","n/e","n/e","8","n/e","0","n/e","n/e","422"
"BZN|SE1","12.06.2022 03:00 - 12.06.2022 04:00 (CET/CEST)","n/e","n/e","n/e","n/e","n/e","n/e","n/e","n/e","n/e","n/e","n/e","n/e","n/e","1159","n/e","n/e","8","n/e","0","n/e","n/e","468"
"BZN|SE1","12.06.2022 04:00 - 12.06.2022 05:00 (CET/CEST)","n/e","n/e","n/e","n/e","n/e","n/e","n/e","n/e","n/e","n/e","n/e","n/e","n/e","1238","n/e","n/e","8","n/e","0","n/e","n/e","404"
"BZN|SE1","12.06.2022 05:00 - 12.06.2022 06:00 (CET/CEST)","n/e","n/e","n/e","n/e","n/e","n/e","n/e","n/e","n/e","n/e","n/e","n/e","n/e","1319","n/e","n/e","8","n/e","0","n/e","n/e","281"
"BZN|SE1","12.06.2022 06:00 - 12.06.2022 07:00 (CET/CEST)","n/e","n/e","n/e","n/e","n/e","n/e","n/e","n/e","n/e","n/e","n/e","n/e","n/e","1320","n/e","n/e","8","n/e","1","n/e","n/e","193"
"BZN|SE1","12.06.2022 07:00 - 12.06.2022 08:00 (CET/CEST)","n/e","n/e","n/e","n/e","n/e","n/e","n/e","n/e","n/e","n/e","n/e","n/e","n/e","1496","n/e","n/e","9","n/e","1","n/e","n/e","147"
"BZN|SE1","12.06.2022 08:00 - 12.06.2022 09:00 (CET/CEST)","n/e","n/e","n/e","n/e","n/e","n/e","n/e","n/e","n/e","n/e","n/e","n/e","n/e","1981","n/e","n/e","9","n/e","2","n/e","n/e","94"
"BZN|SE1","12.06.2022 09:00 - 12.06.2022 10:00 (CET/CEST)","n/e","n/e","n/e","n/e","n/e","n/e","n/e","n/e","n/e","n/e","n/e","n/e","n/e","2094","n/e","n/e","9","n/e","3","n/e","n/e","35"
"BZN|SE1","12.06.2022 10:00 - 12.06.2022 11:00 (CET/CEST)","n/e","n/e","n/e","n/e","n/e","n/e","n/e","n/e","n/e","n/e","n/e","n/e","n/e","2109","n/e","n/e","9","n/e","3","n/e","n/e","34"
"BZN|SE1","12.06.2022 11:00 - 12.06.2022 12:00 (CET/CEST)","n/e","n/e","n/e","n/e","n/e","n/e","n/e","n/e","n/e","n/e","n/e","n/e","n/e","2019","n/e","n/e","9","n/e","3","n/e","n/e","45"
"BZN|SE1","12.06.2022 12:00 - 12.06.2022 13:00 (CET/CEST)","n/e","n/e","n/e","n/e","n/e","n/e","n/e","n/e","n/e","n/e","n/e","n/e","n/e","1692","n/e","n/e","9","n/e","3","n/e","n/e","50"
"BZN|SE1","12.06.2022 13:00 - 12.06.2022 14:00 (CET/CEST)","n/e","n/e","n/e","n/e","n/e","n/e","n/e","n/e","n/e","n/e","n/e","n/e","n/e","1145","n/e","n/e","9","n/e","3","n/e","n/e","69"
"BZN|SE1","12.06.2022 14:00 - 12.06.2022 15:00 (CET/CEST)","n/e","n/e","n/e","n/e","n/e","n/e","n/e","n/e","n/e","n/e","n/e","n/e","n/e","1073","n/e","n/e","9","n/e","2","n/e","n/e","90"
"BZN|SE1","12.06.2022 15:00 - 12.06.2022 16:00 (CET/CEST)","n/e","n/e","n/e","n/e","n/e","n/e","n/e","n/e","n/e","n/e","n/e","n/e","n/e","1192","n/e","n/e","9","n/e","2","n/e","n/e","103"
"BZN|SE1","12.06.2022 16:00 - 12.06.2022 17:00 (CET/CEST)","n/e","n/e","n/e","n/e","n/e","n/e","n/e","n/e","n/e","n/e","n/e","n/e","n/e","1985","n/e","n/e","8","n/e","1","n/e","n/e","103"
"BZN|SE1","12.06.2022 17:00 - 12.06.2022 18:00 (CET/CEST)","n/e","n/e","n/e","n/e","n/e","n/e","n/e","n/e","n/e","n/e","n/e","n/e","n/e","2210","n/e","n/e","8","n/e","1","n/e","n/e","137"
"BZN|SE1","12.06.2022 18:00 - 12.06.2022 19:00 (CET/CEST)","n/e","n/e","n/e","n/e","n/e","n/e","n/e","n/e","n/e","n/e","n/e","n/e","n/e","2671","n/e","n/e","8","n/e","1","n/e","n/e","189"
"BZN|SE1","12.06.2022 19:00 - 12.06.2022 20:00 (CET/CEST)","n/e","n/e","n/e","n/e","n/e","n/e","n/e","n/e","n/e","n/e","n/e","n/e","n/e","2739","n/e","n/e","7","n/e","0","n/e","n/e","152"
"BZN|SE1","12.06.2022 20:00 - 12.06.2022 21:00 (CET/CEST)","n/e","n/e","n/e","n/e","n/e","n/e","n/e","n/e","n/e","n/e","n/e","n/e","n/e","2771","n/e","n/e","8","n/e","0","n/e","n/e","240"
"BZN|SE1","12.06.2022 21:00 - 12.06.2022 22:00 (CET/CEST)","n/e","n/e","n/e","n/e","n/e","n/e","n/e","n/e","n/e","n/e","n/e","n/e","n/e","2774","n/e","n/e","8","n/e","0","n/e","n/e","163"
"BZN|SE1","12.06.2022 22:00 - 12.06.2022 23:00 (CET/CEST)","n/e","n/e","n/e","n/e","n/e","n/e","n/e","n/e","n/e","n/e","n/e","n/e","n/e","2449","n/e","n/e","7","n/e","0","n/e","n/e","140"
"BZN|SE1","12.06.2022 23:00 - 13.06.2022 00:00 (CET/CEST)","n/e","n/e","n/e","n/e","n/e","n/e","n/e","n/e","n/e","n/e","n/e","n/e","n/e","1886","n/e","n/e","7","n/e","0","n/e","n/e","151"
"BZN|SE1","13.06.2022 00:00 - 13.06.2022 01:00 (CET/CEST)","n/e","n/e","n/e","n/e","n/e","n/e","n/e","n/e","n/e","n/e","n/e","n/e","n/e","1747","n/e","n/e","7","n/e","0","n/e","n/e","83"
"BZN|SE1","13.06.2022 01:00 - 13.06.2022 02:00 (CET/CEST)","n/e","n/e","n/e","n/e","n/e","n/e","n/e","n/e","n/e","n/e","n/e","n/e","n/e","1557","n/e","n/e","7","n/e","0","n/e","n/e","89"
"BZN|SE1","13.06.2022 02:00 - 13.06.2022 03:00 (CET/CEST)","n/e","n/e","n/e","n/e","n/e","n/e","n/e","n/e","n/e","n/e","n/e","n/e","n/e","1540","n/e","n/e","7","n/e","0","n/e","n/e","75"
"BZN|SE1","13.06.2022 03:00 - 13.06.2022 04:00 (CET/CEST)","n/e","n/e","n/e","n/e","n/e","n/e","n/e","n/e","n/e","n/e","n/e","n/e","n/e","1544","n/e","n/e","8","n/e","0","n/e","n/e","70"
"BZN|SE1","13.06.2022 04:00 - 13.06.2022 05:00 (CET/CEST)","n/e","n/e","n/e","n/e","n/e","n/e","n/e","n/e","n/e","n/e","n/e","n/e","n/e","1816","n/e","n/e","8","n/e","0","n/e","n/e","91"
"BZN|SE1","13.06.2022 05:00 - 13.06.2022 06:00 (CET/CEST)","n/e","n/e","n/e","n/e","n/e","n/e","n/e","n/e","n/e","n/e","n/e","n/e","n/e","2500","n/e","n/e","8","n/e","0","n/e","n/e","65"
"BZN|SE1","13.06.2022 06:00 - 13.06.2022 07:00 (CET/CEST)","n/e","n/e","n/e","n/e","n/e","n/e","n/e","n/e","n/e","n/e","n/e","n/e","n/e","2613","n/e","n/e","9","n/e","0","n/e","n/e","49"
"BZN|SE1","13.06.2022 07:00 - 13.06.2022 08:00 (CET/CEST)","n/e","n/e","n/e","n/e","n/e","n/e","n/e","n/e","n/e","n/e","n/e","n/e","n/e","2638","n/e","n/e","8","n/e","1","n/e","n/e","42"
"BZN|SE1","13.06.2022 08:00 - 13.06.2022 09:00 (CET/CEST)","n/e","n/e","n/e","n/e","n/e","n/e","n/e","n/e","n/e","n/e","n/e","n/e","n/e","2757","n/e","n/e","9","n/e","1","n/e","n/e","40"
"BZN|SE1","13.06.2022 09:00 - 13.06.2022 10:00 (CET/CEST)","n/e","n/e","n/e","n/e","n/e","n/e","n/e","n/e","n/e","n/e","n/e","n/e","n/e","2774","n/e","n/e","9","n/e","1","n/e","n/e","37"
"BZN|SE1","13.06.2022 10:00 - 13.06.2022 11:00 (CET/CEST)","n/e","n/e","n/e","n/e","n/e","n/e","n/e","n/e","n/e","n/e","n/e","n/e","n/e","2770","n/e","n/e","9","n/e","1","n/e","n/e","44"
"BZN|SE1","13.06.2022 11:00 - 13.06.2022 12:00 (CET/CEST)","n/e","n/e","n/e","n/e","n/e","n/e","n/e","n/e","n/e","n/e","n/e","n/e","n/e","2777","n/e","n/e","9","n/e","2","n/e","n/e","61"
"BZN|SE1","13.06.2022 12:00 - 13.06.2022 13:00 (CET/CEST)","n/e","n/e","n/e","n/e","n/e","n/e","n/e","n/e","n/e","n/e","n/e","n/e","n/e","2707","n/e","n/e","8","n/e","2","n/e","n/e","108"
"BZN|SE1","13.06.2022 13:00 - 13.06.2022 14:00 (CET/CEST)","n/e","n/e","n/e","n/e","n/e","n/e","n/e","n/e","n/e","n/e","n/e","n/e","n/e","2712","n/e","n/e","9","n/e","2","n/e","n/e","145"
"BZN|SE1","13.06.2022 14:00 - 13.06.2022 15:00 (CET/CEST)","n/e","n/e","n/e","n/e","n/e","n/e","n/e","n/e","n/e","n/e","n/e","n/e","n/e","2688","n/e","n/e","9","n/e","2","n/e","n/e","144"
"BZN|SE1","13.06.2022 15:00 - 13.06.2022 16:00 (CET/CEST)","n/e","n/e","n/e","n/e","n/e","n/e","n/e","n/e","n/e","n/e","n/e","n/e","n/e","2668","n/e","n/e","9","n/e","2","n/e","n/e","106"
"BZN|SE1","13.06.2022 16:00 - 13.06.2022 17:00 (CET/CEST)","n/e","n/e","n/e","n/e","n/e","n/e","n/e","n/e","n/e","n/e","n/e","n/e","n/e","2679","n/e","n/e","8","n/e","1","n/e","n/e","93"
"BZN|SE1","13.06.2022 17:00 - 13.06.2022 18:00 (CET/CEST)","n/e","n/e","n/e","n/e","n/e","n/e","n/e","n/e","n/e","n/e","n/e","n/e","n/e","2664","n/e","n/e","8","n/e","1","n/e","n/e","97"
"BZN|SE1","13.06.2022 18:00 - 13.06.2022 19:00 (CET/CEST)","n/e","n/e","n/e","n/e","n/e","n/e","n/e","n/e","n/e","n/e","n/e","n/e","n/e","2618","n/e","n/e","8","n/e","1","n/e","n/e","91"
"BZN|SE1","13.06.2022 19:00 - 13.06.2022 20:00 (CET/CEST)","n/e","n/e","n/e","n/e","n/e","n/e","n/e","n/e","n/e","n/e","n/e","n/e","n/e","2515","n/e","n/e","7","n/e","0","n/e","n/e","78"
"BZN|SE1","13.06.2022 20:00 - 13.06.2022 21:00 (CET/CEST)","n/e","n/e","n/e","n/e","n/e","n/e","n/e","n/e","n/e","n/e","n/e","n/e","n/e","2488","n/e","n/e","8","n/e","0","n/e","n/e","103"
"BZN|SE1","13.06.2022 21:00 - 13.06.2022 22:00 (CET/CEST)","n/e","n/e","n/e","n/e","n/e","n/e","n/e","n/e","n/e","n/e","n/e","n/e","n/e","2432","n/e","n/e","8","n/e","0","n/e","n/e","131"
"BZN|SE1","13.06.2022 22:00 - 13.06.2022 23:00 (CET/CEST)","n/e","n/e","n/e","n/e","n/e","n/e","n/e","n/e","n/e","n/e","n/e","n/e","n/e","2092","n/e","n/e","8","n/e","0","n/e","n/e","207"
"BZN|SE1","13.06.2022 23:00 - 14.06.2022 00:00 (CET/CEST)","n/e","n/e","n/e","n/e","n/e","n/e","n/e","n/e","n/e","n/e","n/e","n/e","n/e","1802","n/e","n/e","8","n/e","0","n/e","n/e","279"
"BZN|SE1","14.06.2022 00:00 - 14.06.2022 01:00 (CET/CEST)","n/e","n/e","n/e","n/e","n/e","n/e","n/e","n/e","n/e","n/e","n/e","n/e","n/e","1500","n/e","n/e","7","n/e","0","n/e","n/e","401"
"BZN|SE1","14.06.2022 01:00 - 14.06.2022 02:00 (CET/CEST)","n/e","n/e","n/e","n/e","n/e","n/e","n/e","n/e","n/e","n/e","n/e","n/e","n/e","1295","n/e","n/e","7","n/e","0","n/e","n/e","508"
"BZN|SE1","14.06.2022 02:00 - 14.06.2022 03:00 (CET/CEST)","n/e","n/e","n/e","n/e","n/e","n/e","n/e","n/e","n/e","n/e","n/e","n/e","n/e","1249","n/e","n/e","7","n/e","0","n/e","n/e","494"
"BZN|SE1","14.06.2022 03:00 - 14.06.2022 04:00 (CET/CEST)","n/e","n/e","n/e","n/e","n/e","n/e","n/e","n/e","n/e","n/e","n/e","n/e","n/e","1227","n/e","n/e","7","n/e","0","n/e","n/e","527"
"BZN|SE1","14.06.2022 04:00 - 14.06.2022 05:00 (CET/CEST)","n/e","n/e","n/e","n/e","n/e","n/e","n/e","n/e","n/e","n/e","n/e","n/e","n/e","1240","n/e","n/e","7","n/e","0","n/e","n/e","463"
"BZN|SE1","14.06.2022 05:00 - 14.06.2022 06:00 (CET/CEST)","n/e","n/e","n/e","n/e","n/e","n/e","n/e","n/e","n/e","n/e","n/e","n/e","n/e","1692","n/e","n/e","8","n/e","0","n/e","n/e","359"
"BZN|SE1","14.06.2022 06:00 - 14.06.2022 07:00 (CET/CEST)","n/e","n/e","n/e","n/e","n/e","n/e","n/e","n/e","n/e","n/e","n/e","n/e","n/e","2182","n/e","n/e","8","n/e","0","n/e","n/e","239"
"BZN|SE1","14.06.2022 07:00 - 14.06.2022 08:00 (CET/CEST)","n/e","n/e","n/e","n/e","n/e","n/e","n/e","n/e","n/e","n/e","n/e","n/e","n/e","2151","n/e","n/e","8","n/e","1","n/e","n/e","137"
"BZN|SE1","14.06.2022 08:00 - 14.06.2022 09:00 (CET/CEST)","n/e","n/e","n/e","n/e","n/e","n/e","n/e","n/e","n/e","n/e","n/e","n/e","n/e","2296","n/e","n/e","8","n/e","2","n/e","n/e","97"
"BZN|SE1","14.06.2022 09:00 - 14.06.2022 10:00 (CET/CEST)","n/e","n/e","n/e","n/e","n/e","n/e","n/e","n/e","n/e","n/e","n/e","n/e","n/e","2313","n/e","n/e","9","n/e","2","n/e","n/e","106"
"BZN|SE1","14.06.2022 10:00 - 14.06.2022 11:00 (CET/CEST)","n/e","n/e","n/e","n/e","n/e","n/e","n/e","n/e","n/e","n/e","n/e","n/e","n/e","2402","n/e","n/e","9","n/e","2","n/e","n/e","122"
"BZN|SE1","14.06.2022 11:00 - 14.06.2022 12:00 (CET/CEST)","n/e","n/e","n/e","n/e","n/e","n/e","n/e","n/e","n/e","n/e","n/e","n/e","n/e","2432","n/e","n/e","9","n/e","3","n/e","n/e","164"
"BZN|SE1","14.06.2022 12:00 - 14.06.2022 13:00 (CET/CEST)","n/e","n/e","n/e","n/e","n/e","n/e","n/e","n/e","n/e","n/e","n/e","n/e","n/e","2210","n/e","n/e","8","n/e","3","n/e","n/e","215"
"BZN|SE1","14.06.2022 13:00 - 14.06.2022 14:00 (CET/CEST)","n/e","n/e","n/e","n/e","n/e","n/e","n/e","n/e","n/e","n/e","n/e","n/e","n/e","2175","n/e","n/e","9","n/e","3","n/e","n/e","295"
"BZN|SE1","14.06.2022 14:00 - 14.06.2022 15:00 (CET/CEST)","n/e","n/e","n/e","n/e","n/e","n/e","n/e","n/e","n/e","n/e","n/e","n/e","n/e","2068","n/e","n/e","9","n/e","3","n/e","n/e","360"
"BZN|SE1","14.06.2022 15:00 - 14.06.2022 16:00 (CET/CEST)","n/e","n/e","n/e","n/e","n/e","n/e","n/e","n/e","n/e","n/e","n/e","n/e","n/e","2060","n/e","n/e","9","n/e","2","n/e","n/e","378"
"BZN|SE1","14.06.2022 16:00 - 14.06.2022 17:00 (CET/CEST)","n/e","n/e","n/e","n/e","n/e","n/e","n/e","n/e","n/e","n/e","n/e","n/e","n/e","2123","n/e","n/e","8","n/e","2","n/e","n/e","437"
"BZN|SE1","14.06.2022 17:00 - 14.06.2022 18:00 (CET/CEST)","n/e","n/e","n/e","n/e","n/e","n/e","n/e","n/e","n/e","n/e","n/e","n/e","n/e","2027","n/e","n/e","8","n/e","1","n/e","n/e","466"
"BZN|SE1","14.06.2022 18:00 - 14.06.2022 19:00 (CET/CEST)","n/e","n/e","n/e","n/e","n/e","n/e","n/e","n/e","n/e","n/e","n/e","n/e","n/e","2018","n/e","n/e","7","n/e","1","n/e","n/e","444"
"BZN|SE1","14.06.2022 19:00 - 14.06.2022 20:00 (CET/CEST)","n/e","n/e","n/e","n/e","n/e","n/e","n/e","n/e","n/e","n/e","n/e","n/e","n/e","1941","n/e","n/e","7","n/e","0","n/e","n/e","490"
"BZN|SE1","14.06.2022 20:00 - 14.06.2022 21:00 (CET/CEST)","n/e","n/e","n/e","n/e","n/e","n/e","n/e","n/e","n/e","n/e","n/e","n/e","n/e","1450","n/e","n/e","7","n/e","0","n/e","n/e","592"
"BZN|SE1","14.06.2022 21:00 - 14.06.2022 22:00 (CET/CEST)","n/e","n/e","n/e","n/e","n/e","n/e","n/e","n/e","n/e","n/e","n/e","n/e","n/e","1408","n/e","n/e","7","n/e","0","n/e","n/e","659"
"BZN|SE1","14.06.2022 22:00 - 14.06.2022 23:00 (CET/CEST)","n/e","n/e","n/e","n/e","n/e","n/e","n/e","n/e","n/e","n/e","n/e","n/e","n/e","1426","n/e","n/e","7","n/e","0","n/e","n/e","782"
"BZN|SE1","14.06.2022 23:00 - 15.06.2022 00:00 (CET/CEST)","n/e","n/e","n/e","n/e","n/e","n/e","n/e","n/e","n/e","n/e","n/e","n/e","n/e","1389","n/e","n/e","7","n/e","0","n/e","n/e","807"
"BZN|SE1","15.06.2022 00:00 - 15.06.2022 01:00 (CET/CEST)","n/e","n/e","n/e","n/e","n/e","n/e","n/e","n/e","n/e","n/e","n/e","n/e","n/e","985","n/e","n/e","7","n/e","0","n/e","n/e","872"
"BZN|SE1","15.06.2022 01:00 - 15.06.2022 02:00 (CET/CEST)","n/e","n/e","n/e","n/e","n/e","n/e","n/e","n/e","n/e","n/e","n/e","n/e","n/e","1062","n/e","n/e","7","n/e","0","n/e","n/e","958"
"BZN|SE1","15.06.2022 02:00 - 15.06.2022 03:00 (CET/CEST)","n/e","n/e","n/e","n/e","n/e","n/e","n/e","n/e","n/e","n/e","n/e","n/e","n/e","1060","n/e","n/e","7","n/e","0","n/e","n/e","904"
"BZN|SE1","15.06.2022 03:00 - 15.06.2022 04:00 (CET/CEST)","n/e","n/e","n/e","n/e","n/e","n/e","n/e","n/e","n/e","n/e","n/e","n/e","n/e","1050","n/e","n/e","8","n/e","0","n/e","n/e","880"
"BZN|SE1","15.06.2022 04:00 - 15.06.2022 05:00 (CET/CEST)","n/e","n/e","n/e","n/e","n/e","n/e","n/e","n/e","n/e","n/e","n/e","n/e","n/e","1031","n/e","n/e","8","n/e","0","n/e","n/e","794"
"BZN|SE1","15.06.2022 05:00 - 15.06.2022 06:00 (CET/CEST)","n/e","n/e","n/e","n/e","n/e","n/e","n/e","n/e","n/e","n/e","n/e","n/e","n/e","1178","n/e","n/e","8","n/e","0","n/e","n/e","831"
"BZN|SE1","15.06.2022 06:00 - 15.06.2022 07:00 (CET/CEST)","n/e","n/e","n/e","n/e","n/e","n/e","n/e","n/e","n/e","n/e","n/e","n/e","n/e","1239","n/e","n/e","8","n/e","1","n/e","n/e","874"
"BZN|SE1","15.06.2022 07:00 - 15.06.2022 08:00 (CET/CEST)","n/e","n/e","n/e","n/e","n/e","n/e","n/e","n/e","n/e","n/e","n/e","n/e","n/e","1333","n/e","n/e","8","n/e","1","n/e","n/e","841"
"BZN|SE1","15.06.2022 08:00 - 15.06.2022 09:00 (CET/CEST)","n/e","n/e","n/e","n/e","n/e","n/e","n/e","n/e","n/e","n/e","n/e","n/e","n/e","1252","n/e","n/e","8","n/e","1","n/e","n/e","764"
"BZN|SE1","15.06.2022 09:00 - 15.06.2022 10:00 (CET/CEST)","n/e","n/e","n/e","n/e","n/e","n/e","n/e","n/e","n/e","n/e","n/e","n/e","n/e","1317","n/e","n/e","8","n/e","1","n/e","n/e","762"
"BZN|SE1","15.06.2022 10:00 - 15.06.2022 11:00 (CET/CEST)","n/e","n/e","n/e","n/e","n/e","n/e","n/e","n/e","n/e","n/e","n/e","n/e","n/e","1170","n/e","n/e","8","n/e","1","n/e","n/e","757"
"BZN|SE1","15.06.2022 11:00 - 15.06.2022 12:00 (CET/CEST)","n/e","n/e","n/e","n/e","n/e","n/e","n/e","n/e","n/e","n/e","n/e","n/e","n/e","1174","n/e","n/e","8","n/e","2","n/e","n/e","713"
"BZN|SE1","15.06.2022 12:00 - 15.06.2022 13:00 (CET/CEST)","n/e","n/e","n/e","n/e","n/e","n/e","n/e","n/e","n/e","n/e","n/e","n/e","n/e","1131","n/e","n/e","8","n/e","2","n/e","n/e","788"
"BZN|SE1","15.06.2022 13:00 - 15.06.2022 14:00 (CET/CEST)","n/e","n/e","n/e","n/e","n/e","n/e","n/e","n/e","n/e","n/e","n/e","n/e","n/e","1189","n/e","n/e","8","n/e","2","n/e","n/e","807"
"BZN|SE1","15.06.2022 14:00 - 15.06.2022 15:00 (CET/CEST)","n/e","n/e","n/e","n/e","n/e","n/e","n/e","n/e","n/e","n/e","n/e","n/e","n/e","1183","n/e","n/e","8","n/e","2","n/e","n/e","784"
"BZN|SE1","15.06.2022 15:00 - 15.06.2022 16:00 (CET/CEST)","n/e","n/e","n/e","n/e","n/e","n/e","n/e","n/e","n/e","n/e","n/e","n/e","n/e","1185","n/e","n/e","8","n/e","1","n/e","n/e","804"
"BZN|SE1","15.06.2022 16:00 - 15.06.2022 17:00 (CET/CEST)","n/e","n/e","n/e","n/e","n/e","n/e","n/e","n/e","n/e","n/e","n/e","n/e","n/e","1147","n/e","n/e","8","n/e","1","n/e","n/e","791"
"BZN|SE1","15.06.2022 17:00 - 15.06.2022 18:00 (CET/CEST)","n/e","n/e","n/e","n/e","n/e","n/e","n/e","n/e","n/e","n/e","n/e","n/e","n/e","1157","n/e","n/e","8","n/e","1","n/e","n/e","827"
"BZN|SE1","15.06.2022 18:00 - 15.06.2022 19:00 (CET/CEST)","n/e","n/e","n/e","n/e","n/e","n/e","n/e","n/e","n/e","n/e","n/e","n/e","n/e","1314","n/e","n/e","7","n/e","1","n/e","n/e","729"
"BZN|SE1","15.06.2022 19:00 - 15.06.2022 20:00 (CET/CEST)","n/e","n/e","n/e","n/e","n/e","n/e","n/e","n/e","n/e","n/e","n/e","n/e","n/e","1472","n/e","n/e","7","n/e","0","n/e","n/e","698"
"BZN|SE1","15.06.2022 20:00 - 15.06.2022 21:00 (CET/CEST)","n/e","n/e","n/e","n/e","n/e","n/e","n/e","n/e","n/e","n/e","n/e","n/e","n/e","1835","n/e","n/e","7","n/e","0","n/e","n/e","707"
"BZN|SE1","15.06.2022 21:00 - 15.06.2022 22:00 (CET/CEST)","n/e","n/e","n/e","n/e","n/e","n/e","n/e","n/e","n/e","n/e","n/e","n/e","n/e","1735","n/e","n/e","7","n/e","0","n/e","n/e","653"
"BZN|SE1","15.06.2022 22:00 - 15.06.2022 23:00 (CET/CEST)","n/e","n/e","n/e","n/e","n/e","n/e","n/e","n/e","n/e","n/e","n/e","n/e","n/e","1637","n/e","n/e","7","n/e","0","n/e","n/e","687"
"BZN|SE1","15.06.2022 23:00 - 16.06.2022 00:00 (CET/CEST)","n/e","n/e","n/e","n/e","n/e","n/e","n/e","n/e","n/e","n/e","n/e","n/e","n/e","1482","n/e","n/e","7","n/e","0","n/e","n/e","708"
"BZN|SE1","16.06.2022 00:00 - 16.06.2022 01:00 (CET/CEST)","n/e","n/e","n/e","n/e","n/e","n/e","n/e","n/e","n/e","n/e","n/e","n/e","n/e","1343","n/e","n/e","6","n/e","0","n/e","n/e","849"
"BZN|SE1","16.06.2022 01:00 - 16.06.2022 02:00 (CET/CEST)","n/e","n/e","n/e","n/e","n/e","n/e","n/e","n/e","n/e","n/e","n/e","n/e","n/e","1281","n/e","n/e","7","n/e","0","n/e","n/e","924"
"BZN|SE1","16.06.2022 02:00 - 16.06.2022 03:00 (CET/CEST)","n/e","n/e","n/e","n/e","n/e","n/e","n/e","n/e","n/e","n/e","n/e","n/e","n/e","1063","n/e","n/e","7","n/e","0","n/e","n/e","978"
"BZN|SE1","16.06.2022 03:00 - 16.06.2022 04:00 (CET/CEST)","n/e","n/e","n/e","n/e","n/e","n/e","n/e","n/e","n/e","n/e","n/e","n/e","n/e","1056","n/e","n/e","7","n/e","0","n/e","n/e","1042"
"BZN|SE1","16.06.2022 04:00 - 16.06.2022 05:00 (CET/CEST)","n/e","n/e","n/e","n/e","n/e","n/e","n/e","n/e","n/e","n/e","n/e","n/e","n/e","1249","n/e","n/e","7","n/e","0","n/e","n/e","1053"
"BZN|SE1","16.06.2022 05:00 - 16.06.2022 06:00 (CET/CEST)","n/e","n/e","n/e","n/e","n/e","n/e","n/e","n/e","n/e","n/e","n/e","n/e","n/e","1614","n/e","n/e","7","n/e","0","n/e","n/e","1093"
"BZN|SE1","16.06.2022 06:00 - 16.06.2022 07:00 (CET/CEST)","n/e","n/e","n/e","n/e","n/e","n/e","n/e","n/e","n/e","n/e","n/e","n/e","n/e","1773","n/e","n/e","7","n/e","0","n/e","n/e","1145"
"BZN|SE1","16.06.2022 07:00 - 16.06.2022 08:00 (CET/CEST)","n/e","n/e","n/e","n/e","n/e","n/e","n/e","n/e","n/e","n/e","n/e","n/e","n/e","1812","n/e","n/e","7","n/e","1","n/e","n/e","1232"
"BZN|SE1","16.06.2022 08:00 - 16.06.2022 09:00 (CET/CEST)","n/e","n/e","n/e","n/e","n/e","n/e","n/e","n/e","n/e","n/e","n/e","n/e","n/e","1981","n/e","n/e","7","n/e","1","n/e","n/e","1237"
"BZN|SE1","16.06.2022 09:00 - 16.06.2022 10:00 (CET/CEST)","n/e","n/e","n/e","n/e","n/e","n/e","n/e","n/e","n/e","n/e","n/e","n/e","n/e","1950","n/e","n/e","7","n/e","2","n/e","n/e","1214"
"BZN|SE1","16.06.2022 10:00 - 16.06.2022 11:00 (CET/CEST)","n/e","n/e","n/e","n/e","n/e","n/e","n/e","n/e","n/e","n/e","n/e","n/e","n/e","1846","n/e","n/e","8","n/e","2","n/e","n/e","1280"
"BZN|SE1","16.06.2022 11:00 - 16.06.2022 12:00 (CET/CEST)","n/e","n/e","n/e","n/e","n/e","n/e","n/e","n/e","n/e","n/e","n/e","n/e","n/e","1834","n/e","n/e","8","n/e","3","n/e","n/e","1280"
"BZN|SE1","16.06.2022 12:00 - 16.06.2022 13:00 (CET/CEST)","n/e","n/e","n/e","n/e","n/e","n/e","n/e","n/e","n/e","n/e","n/e","n/e","n/e","1784","n/e","n/e","7","n/e","3","n/e","n/e","1248"
"BZN|SE1","16.06.2022 13:00 - 16.06.2022 14:00 (CET/CEST)","n/e","n/e","n/e","n/e","n/e","n/e","n/e","n/e","n/e","n/e","n/e","n/e","n/e","1859","n/e","n/e","7","n/e","2","n/e","n/e","1133"
"BZN|SE1","16.06.2022 14:00 - 16.06.2022 15:00 (CET/CEST)","n/e","n/e","n/e","n/e","n/e","n/e","n/e","n/e","n/e","n/e","n/e","n/e","n/e","1868","n/e","n/e","7","n/e","2","n/e","n/e","1060"
"BZN|SE1","16.06.2022 15:00 - 16.06.2022 16:00 (CET/CEST)","n/e","n/e","n/e","n/e","n/e","n/e","n/e","n/e","n/e","n/e","n/e","n/e","n/e","1901","n/e","n/e","7","n/e","2","n/e","n/e","984"
"BZN|SE1","16.06.2022 16:00 - 16.06.2022 17:00 (CET/CEST)","n/e","n/e","n/e","n/e","n/e","n/e","n/e","n/e","n/e","n/e","n/e","n/e","n/e","1772","n/e","n/e","7","n/e","1","n/e","n/e","917"
"BZN|SE1","16.06.2022 17:00 - 16.06.2022 18:00 (CET/CEST)","n/e","n/e","n/e","n/e","n/e","n/e","n/e","n/e","n/e","n/e","n/e","n/e","n/e","1873","n/e","n/e","7","n/e","1","n/e","n/e","836"
"BZN|SE1","16.06.2022 18:00 - 16.06.2022 19:00 (CET/CEST)","n/e","n/e","n/e","n/e","n/e","n/e","n/e","n/e","n/e","n/e","n/e","n/e","n/e","1972","n/e","n/e","7","n/e","1","n/e","n/e","687"
"BZN|SE1","16.06.2022 19:00 - 16.06.2022 20:00 (CET/CEST)","n/e","n/e","n/e","n/e","n/e","n/e","n/e","n/e","n/e","n/e","n/e","n/e","n/e","1997","n/e","n/e","7","n/e","0","n/e","n/e","560"
"BZN|SE1","16.06.2022 20:00 - 16.06.2022 21:00 (CET/CEST)","n/e","n/e","n/e","n/e","n/e","n/e","n/e","n/e","n/e","n/e","n/e","n/e","n/e","1997","n/e","n/e","7","n/e","0","n/e","n/e","436"
"BZN|SE1","16.06.2022 21:00 - 16.06.2022 22:00 (CET/CEST)","n/e","n/e","n/e","n/e","n/e","n/e","n/e","n/e","n/e","n/e","n/e","n/e","n/e","2013","n/e","n/e","7","n/e","0","n/e","n/e","369"
"BZN|SE1","16.06.2022 22:00 - 16.06.2022 23:00 (CET/CEST)","n/e","n/e","n/e","n/e","n/e","n/e","n/e","n/e","n/e","n/e","n/e","n/e","n/e","2049","n/e","n/e","6","n/e","0","n/e","n/e","352"
"BZN|SE1","16.06.2022 23:00 - 17.06.2022 00:00 (CET/CEST)","n/e","n/e","n/e","n/e","n/e","n/e","n/e","n/e","n/e","n/e","n/e","n/e","n/e","1890","n/e","n/e","6","n/e","0","n/e","n/e","354"
"BZN|SE1","17.06.2022 00:00 - 17.06.2022 01:00 (CET/CEST)","n/e","n/e","n/e","n/e","n/e","n/e","n/e","n/e","n/e","n/e","n/e","n/e","n/e","1562","n/e","n/e","7","n/e","0","n/e","n/e","394"
"BZN|SE1","17.06.2022 01:00 - 17.06.2022 02:00 (CET/CEST)","n/e","n/e","n/e","n/e","n/e","n/e","n/e","n/e","n/e","n/e","n/e","n/e","n/e","1595","n/e","n/e","7","n/e","0","n/e","n/e","439"
"BZN|SE1","17.06.2022 02:00 - 17.06.2022 03:00 (CET/CEST)","n/e","n/e","n/e","n/e","n/e","n/e","n/e","n/e","n/e","n/e","n/e","n/e","n/e","1460","n/e","n/e","7","n/e","0","n/e","n/e","466"
"BZN|SE1","17.06.2022 03:00 - 17.06.2022 04:00 (CET/CEST)","n/e","n/e","n/e","n/e","n/e","n/e","n/e","n/e","n/e","n/e","n/e","n/e","n/e","1604","n/e","n/e","7","n/e","0","n/e","n/e","471"
"BZN|SE1","17.06.2022 04:00 - 17.06.2022 05:00 (CET/CEST)","n/e","n/e","n/e","n/e","n/e","n/e","n/e","n/e","n/e","n/e","n/e","n/e","n/e","1831","n/e","n/e","7","n/e","0","n/e","n/e","467"
"BZN|SE1","17.06.2022 05:00 - 17.06.2022 06:00 (CET/CEST)","n/e","n/e","n/e","n/e","n/e","n/e","n/e","n/e","n/e","n/e","n/e","n/e","n/e","2192","n/e","n/e","7","n/e","0","n/e","n/e","350"
"BZN|SE1","17.06.2022 06:00 - 17.06.2022 07:00 (CET/CEST)","n/e","n/e","n/e","n/e","n/e","n/e","n/e","n/e","n/e","n/e","n/e","n/e","n/e","2670","n/e","n/e","8","n/e","1","n/e","n/e","264"
"BZN|SE1","17.06.2022 07:00 - 17.06.2022 08:00 (CET/CEST)","n/e","n/e","n/e","n/e","n/e","n/e","n/e","n/e","n/e","n/e","n/e","n/e","n/e","2716","n/e","n/e","8","n/e","1","n/e","n/e","190"
"BZN|SE1","17.06.2022 08:00 - 17.06.2022 09:00 (CET/CEST)","n/e","n/e","n/e","n/e","n/e","n/e","n/e","n/e","n/e","n/e","n/e","n/e","n/e","2837","n/e","n/e","8","n/e","2","n/e","n/e","136"
"BZN|SE1","17.06.2022 09:00 - 17.06.2022 10:00 (CET/CEST)","n/e","n/e","n/e","n/e","n/e","n/e","n/e","n/e","n/e","n/e","n/e","n/e","n/e","2877","n/e","n/e","8","n/e","2","n/e","n/e","131"
"BZN|SE1","17.06.2022 10:00 - 17.06.2022 11:00 (CET/CEST)","n/e","n/e","n/e","n/e","n/e","n/e","n/e","n/e","n/e","n/e","n/e","n/e","n/e","2917","n/e","n/e","8","n/e","2","n/e","n/e","93"
"BZN|SE1","17.06.2022 11:00 - 17.06.2022 12:00 (CET/CEST)","n/e","n/e","n/e","n/e","n/e","n/e","n/e","n/e","n/e","n/e","n/e","n/e","n/e","2968","n/e","n/e","8","n/e","3","n/e","n/e","79"
"BZN|SE1","17.06.2022 12:00 - 17.06.2022 13:00 (CET/CEST)","n/e","n/e","n/e","n/e","n/e","n/e","n/e","n/e","n/e","n/e","n/e","n/e","n/e","2961","n/e","n/e","8","n/e","3","n/e","n/e","48"
"BZN|SE1","17.06.2022 13:00 - 17.06.2022 14:00 (CET/CEST)","n/e","n/e","n/e","n/e","n/e","n/e","n/e","n/e","n/e","n/e","n/e","n/e","n/e","2952","n/e","n/e","8","n/e","3","n/e","n/e","35"
"BZN|SE1","17.06.2022 14:00 - 17.06.2022 15:00 (CET/CEST)","n/e","n/e","n/e","n/e","n/e","n/e","n/e","n/e","n/e","n/e","n/e","n/e","n/e","2871","n/e","n/e","8","n/e","3","n/e","n/e","30"
"BZN|SE1","17.06.2022 15:00 - 17.06.2022 16:00 (CET/CEST)","n/e","n/e","n/e","n/e","n/e","n/e","n/e","n/e","n/e","n/e","n/e","n/e","n/e","2863","n/e","n/e","8","n/e","2","n/e","n/e","37"
"BZN|SE1","17.06.2022 16:00 - 17.06.2022 17:00 (CET/CEST)","n/e","n/e","n/e","n/e","n/e","n/e","n/e","n/e","n/e","n/e","n/e","n/e","n/e","2863","n/e","n/e","7","n/e","2","n/e","n/e","68"
"BZN|SE1","17.06.2022 17:00 - 17.06.2022 18:00 (CET/CEST)","n/e","n/e","n/e","n/e","n/e","n/e","n/e","n/e","n/e","n/e","n/e","n/e","n/e","2899","n/e","n/e","7","n/e","1","n/e","n/e","117"
"BZN|SE1","17.06.2022 18:00 - 17.06.2022 19:00 (CET/CEST)","n/e","n/e","n/e","n/e","n/e","n/e","n/e","n/e","n/e","n/e","n/e","n/e","n/e","2887","n/e","n/e","7","n/e","1","n/e","n/e","194"
"BZN|SE1","17.06.2022 19:00 - 17.06.2022 20:00 (CET/CEST)","n/e","n/e","n/e","n/e","n/e","n/e","n/e","n/e","n/e","n/e","n/e","n/e","n/e","2656","n/e","n/e","7","n/e","0","n/e","n/e","284"
"BZN|SE1","17.06.2022 20:00 - 17.06.2022 21:00 (CET/CEST)","n/e","n/e","n/e","n/e","n/e","n/e","n/e","n/e","n/e","n/e","n/e","n/e","n/e","2600","n/e","n/e","7","n/e","0","n/e","n/e","341"
"BZN|SE1","17.06.2022 21:00 - 17.06.2022 22:00 (CET/CEST)","n/e","n/e","n/e","n/e","n/e","n/e","n/e","n/e","n/e","n/e","n/e","n/e","n/e","1845","n/e","n/e","7","n/e","0","n/e","n/e","422"
"BZN|SE1","17.06.2022 22:00 - 17.06.2022 23:00 (CET/CEST)","n/e","n/e","n/e","n/e","n/e","n/e","n/e","n/e","n/e","n/e","n/e","n/e","n/e","1364","n/e","n/e","7","n/e","0","n/e","n/e","501"
"BZN|SE1","17.06.2022 23:00 - 18.06.2022 00:00 (CET/CEST)","n/e","n/e","n/e","n/e","n/e","n/e","n/e","n/e","n/e","n/e","n/e","n/e","n/e","1157","n/e","n/e","7","n/e","0","n/e","n/e","488"
"BZN|SE1","18.06.2022 00:00 - 18.06.2022 01:00 (CET/CEST)","n/e","n/e","n/e","n/e","n/e","n/e","n/e","n/e","n/e","n/e","n/e","n/e","n/e","1132","n/e","n/e","7","n/e","0","n/e","n/e","479"
"BZN|SE1","18.06.2022 01:00 - 18.06.2022 02:00 (CET/CEST)","n/e","n/e","n/e","n/e","n/e","n/e","n/e","n/e","n/e","n/e","n/e","n/e","n/e","1025","n/e","n/e","7","n/e","0","n/e","n/e","480"
"BZN|SE1","18.06.2022 02:00 - 18.06.2022 03:00 (CET/CEST)","n/e","n/e","n/e","n/e","n/e","n/e","n/e","n/e","n/e","n/e","n/e","n/e","n/e","996","n/e","n/e","7","n/e","0","n/e","n/e","510"
"BZN|SE1","18.06.2022 03:00 - 18.06.2022 04:00 (CET/CEST)","n/e","n/e","n/e","n/e","n/e","n/e","n/e","n/e","n/e","n/e","n/e","n/e","n/e","982","n/e","n/e","7","n/e","0","n/e","n/e","475"
"BZN|SE1","18.06.2022 04:00 - 18.06.2022 05:00 (CET/CEST)","n/e","n/e","n/e","n/e","n/e","n/e","n/e","n/e","n/e","n/e","n/e","n/e","n/e","970","n/e","n/e","7","n/e","0","n/e","n/e","420"
"BZN|SE1","18.06.2022 05:00 - 18.06.2022 06:00 (CET/CEST)","n/e","n/e","n/e","n/e","n/e","n/e","n/e","n/e","n/e","n/e","n/e","n/e","n/e","994","n/e","n/e","7","n/e","0","n/e","n/e","403"
"BZN|SE1","18.06.2022 06:00 - 18.06.2022 07:00 (CET/CEST)","n/e","n/e","n/e","n/e","n/e","n/e","n/e","n/e","n/e","n/e","n/e","n/e","n/e","1412","n/e","n/e","7","n/e","0","n/e","n/e","362"
"BZN|SE1","18.06.2022 07:00 - 18.06.2022 08:00 (CET/CEST)","n/e","n/e","n/e","n/e","n/e","n/e","n/e","n/e","n/e","n/e","n/e","n/e","n/e","1486","n/e","n/e","7","n/e","0","n/e","n/e","336"
"BZN|SE1","18.06.2022 08:00 - 18.06.2022 09:00 (CET/CEST)","n/e","n/e","n/e","n/e","n/e","n/e","n/e","n/e","n/e","n/e","n/e","n/e","n/e","1845","n/e","n/e","7","n/e","0","n/e","n/e","295"
"BZN|SE1","18.06.2022 09:00 - 18.06.2022 10:00 (CET/CEST)","n/e","n/e","n/e","n/e","n/e","n/e","n/e","n/e","n/e","n/e","n/e","n/e","n/e","2041","n/e","n/e","7","n/e","1","n/e","n/e","297"
"BZN|SE1","18.06.2022 10:00 - 18.06.2022 11:00 (CET/CEST)","n/e","n/e","n/e","n/e","n/e","n/e","n/e","n/e","n/e","n/e","n/e","n/e","n/e","1873","n/e","n/e","7","n/e","1","n/e","n/e","314"
"BZN|SE1","18.06.2022 11:00 - 18.06.2022 12:00 (CET/CEST)","n/e","n/e","n/e","n/e","n/e","n/e","n/e","n/e","n/e","n/e","n/e","n/e","n/e","1659","n/e","n/e","8","n/e","1","n/e","n/e","352"
"BZN|SE1","18.06.2022 12:00 - 18.06.2022 13:00 (CET/CEST)","n/e","n/e","n/e","n/e","n/e","n/e","n/e","n/e","n/e","n/e","n/e","n/e","n/e","1567","n/e","n/e","7","n/e","0","n/e","n/e","350"
"BZN|SE1","18.06.2022 13:00 - 18.06.2022 14:00 (CET/CEST)","n/e","n/e","n/e","n/e","n/e","n/e","n/e","n/e","n/e","n/e","n/e","n/e","n/e","1195","n/e","n/e","8","n/e","1","n/e","n/e","305"
"BZN|SE1","18.06.2022 14:00 - 18.06.2022 15:00 (CET/CEST)","n/e","n/e","n/e","n/e","n/e","n/e","n/e","n/e","n/e","n/e","n/e","n/e","n/e","1201","n/e","n/e","8","n/e","0","n/e","n/e","263"
"BZN|SE1","18.06.2022 15:00 - 18.06.2022 16:00 (CET/CEST)","n/e","n/e","n/e","n/e","n/e","n/e","n/e","n/e","n/e","n/e","n/e","n/e","n/e","1170","n/e","n/e","7","n/e","0","n/e","n/e","200"
"BZN|SE1","18.06.2022 16:00 - 18.06.2022 17:00 (CET/CEST)","n/e","n/e","n/e","n/e","n/e","n/e","n/e","n/e","n/e","n/e","n/e","n/e","n/e","1134","n/e","n/e","7","n/e","0","n/e","n/e","183"
"BZN|SE1","18.06.2022 17:00 - 18.06.2022 18:00 (CET/CEST)","n/e","n/e","n/e","n/e","n/e","n/e","n/e","n/e","n/e","n/e","n/e","n/e","n/e","1129","n/e","n/e","7","n/e","0","n/e","n/e","208"
"BZN|SE1","18.06.2022 18:00 - 18.06.2022 19:00 (CET/CEST)","n/e","n/e","n/e","n/e","n/e","n/e","n/e","n/e","n/e","n/e","n/e","n/e","n/e","1111","n/e","n/e","7","n/e","0","n/e","n/e","250"
"BZN|SE1","18.06.2022 19:00 - 18.06.2022 20:00 (CET/CEST)","n/e","n/e","n/e","n/e","n/e","n/e","n/e","n/e","n/e","n/e","n/e","n/e","n/e","1100","n/e","n/e","7","n/e","0","n/e","n/e","267"
"BZN|SE1","18.06.2022 20:00 - 18.06.2022 21:00 (CET/CEST)","n/e","n/e","n/e","n/e","n/e","n/e","n/e","n/e","n/e","n/e","n/e","n/e","n/e","1090","n/e","n/e","7","n/e","0","n/e","n/e","301"
"BZN|SE1","18.06.2022 21:00 - 18.06.2022 22:00 (CET/CEST)","n/e","n/e","n/e","n/e","n/e","n/e","n/e","n/e","n/e","n/e","n/e","n/e","n/e","1084","n/e","n/e","7","n/e","0","n/e","n/e","397"
"BZN|SE1","18.06.2022 22:00 - 18.06.2022 23:00 (CET/CEST)","n/e","n/e","n/e","n/e","n/e","n/e","n/e","n/e","n/e","n/e","n/e","n/e","n/e","1076","n/e","n/e","7","n/e","0","n/e","n/e","395"
"BZN|SE1","18.06.2022 23:00 - 19.06.2022 00:00 (CET/CEST)","n/e","n/e","n/e","n/e","n/e","n/e","n/e","n/e","n/e","n/e","n/e","n/e","n/e","1072","n/e","n/e","7","n/e","0","n/e","n/e","433"
"BZN|SE1","19.06.2022 00:00 - 19.06.2022 01:00 (CET/CEST)","n/e","n/e","n/e","n/e","n/e","n/e","n/e","n/e","n/e","n/e","n/e","n/e","n/e","1003","n/e","n/e","7","n/e","0","n/e","n/e","428"
"BZN|SE1","19.06.2022 01:00 - 19.06.2022 02:00 (CET/CEST)","n/e","n/e","n/e","n/e","n/e","n/e","n/e","n/e","n/e","n/e","n/e","n/e","n/e","1007","n/e","n/e","7","n/e","0","n/e","n/e","607"
"BZN|SE1","19.06.2022 02:00 - 19.06.2022 03:00 (CET/CEST)","n/e","n/e","n/e","n/e","n/e","n/e","n/e","n/e","n/e","n/e","n/e","n/e","n/e","1004","n/e","n/e","7","n/e","0","n/e","n/e","764"
"BZN|SE1","19.06.2022 03:00 - 19.06.2022 04:00 (CET/CEST)","n/e","n/e","n/e","n/e","n/e","n/e","n/e","n/e","n/e","n/e","n/e","n/e","n/e","984","n/e","n/e","7","n/e","0","n/e","n/e","1011"
"BZN|SE1","19.06.2022 04:00 - 19.06.2022 05:00 (CET/CEST)","n/e","n/e","n/e","n/e","n/e","n/e","n/e","n/e","n/e","n/e","n/e","n/e","n/e","980","n/e","n/e","7","n/e","0","n/e","n/e","1124"
"BZN|SE1","19.06.2022 05:00 - 19.06.2022 06:00 (CET/CEST)","n/e","n/e","n/e","n/e","n/e","n/e","n/e","n/e","n/e","n/e","n/e","n/e","n/e","975","n/e","n/e","7","n/e","0","n/e","n/e","1256"
"BZN|SE1","19.06.2022 06:00 - 19.06.2022 07:00 (CET/CEST)","n/e","n/e","n/e","n/e","n/e","n/e","n/e","n/e","n/e","n/e","n/e","n/e","n/e","978","n/e","n/e","7","n/e","0","n/e","n/e","1261"
"BZN|SE1","19.06.2022 07:00 - 19.06.2022 08:00 (CET/CEST)","n/e","n/e","n/e","n/e","n/e","n/e","n/e","n/e","n/e","n/e","n/e","n/e","n/e","975","n/e","n/e","7","n/e","0","n/e","n/e","1317"
"BZN|SE1","19.06.2022 08:00 - 19.06.2022 09:00 (CET/CEST)","n/e","n/e","n/e","n/e","n/e","n/e","n/e","n/e","n/e","n/e","n/e","n/e","n/e","976","n/e","n/e","7","n/e","0","n/e","n/e","1313"
"BZN|SE1","19.06.2022 09:00 - 19.06.2022 10:00 (CET/CEST)","n/e","n/e","n/e","n/e","n/e","n/e","n/e","n/e","n/e","n/e","n/e","n/e","n/e","999","n/e","n/e","7","n/e","0","n/e","n/e","1265"
"BZN|SE1","19.06.2022 10:00 - 19.06.2022 11:00 (CET/CEST)","n/e","n/e","n/e","n/e","n/e","n/e","n/e","n/e","n/e","n/e","n/e","n/e","n/e","1026","n/e","n/e","7","n/e","0","n/e","n/e","1159"
"BZN|SE1","19.06.2022 11:00 - 19.06.2022 12:00 (CET/CEST)","n/e","n/e","n/e","n/e","n/e","n/e","n/e","n/e","n/e","n/e","n/e","n/e","n/e","1033","n/e","n/e","7","n/e","1","n/e","n/e","1083"
"BZN|SE1","19.06.2022 12:00 - 19.06.2022 13:00 (CET/CEST)","n/e","n/e","n/e","n/e","n/e","n/e","n/e","n/e","n/e","n/e","n/e","n/e","n/e","1051","n/e","n/e","7","n/e","1","n/e","n/e","879"
"BZN|SE1","19.06.2022 13:00 - 19.06.2022 14:00 (CET/CEST)","n/e","n/e","n/e","n/e","n/e","n/e","n/e","n/e","n/e","n/e","n/e","n/e","n/e","1107","n/e","n/e","7","n/e","1","n/e","n/e","669"
"BZN|SE1","19.06.2022 14:00 - 19.06.2022 15:00 (CET/CEST)","n/e","n/e","n/e","n/e","n/e","n/e","n/e","n/e","n/e","n/e","n/e","n/e","n/e","1126","n/e","n/e","7","n/e","1","n/e","n/e","510"
"BZN|SE1","19.06.2022 15:00 - 19.06.2022 16:00 (CET/CEST)","n/e","n/e","n/e","n/e","n/e","n/e","n/e","n/e","n/e","n/e","n/e","n/e","n/e","1348","n/e","n/e","7","n/e","1","n/e","n/e","346"
"BZN|SE1","19.06.2022 16:00 - 19.06.2022 17:00 (CET/CEST)","n/e","n/e","n/e","n/e","n/e","n/e","n/e","n/e","n/e","n/e","n/e","n/e","n/e","1965","n/e","n/e","7","n/e","1","n/e","n/e","237"
"BZN|SE1","19.06.2022 17:00 - 19.06.2022 18:00 (CET/CEST)","n/e","n/e","n/e","n/e","n/e","n/e","n/e","n/e","n/e","n/e","n/e","n/e","n/e","2360","n/e","n/e","7","n/e","1","n/e","n/e","197"
"BZN|SE1","19.06.2022 18:00 - 19.06.2022 19:00 (CET/CEST)","n/e","n/e","n/e","n/e","n/e","n/e","n/e","n/e","n/e","n/e","n/e","n/e","n/e","2453","n/e","n/e","6","n/e","1","n/e","n/e","183"
"BZN|SE1","19.06.2022 19:00 - 19.06.2022 20:00 (CET/CEST)","n/e","n/e","n/e","n/e","n/e","n/e","n/e","n/e","n/e","n/e","n/e","n/e","n/e","2505","n/e","n/e","6","n/e","0","n/e","n/e","200"
"BZN|SE1","19.06.2022 20:00 - 19.06.2022 21:00 (CET/CEST)","n/e","n/e","n/e","n/e","n/e","n/e","n/e","n/e","n/e","n/e","n/e","n/e","n/e","2520","n/e","n/e","6","n/e","0","n/e","n/e","237"
"BZN|SE1","19.06.2022 21:00 - 19.06.2022 22:00 (CET/CEST)","n/e","n/e","n/e","n/e","n/e","n/e","n/e","n/e","n/e","n/e","n/e","n/e","n/e","2430","n/e","n/e","6","n/e","0","n/e","n/e","223"
"BZN|SE1","19.06.2022 22:00 - 19.06.2022 23:00 (CET/CEST)","n/e","n/e","n/e","n/e","n/e","n/e","n/e","n/e","n/e","n/e","n/e","n/e","n/e","1975","n/e","n/e","6","n/e","0","n/e","n/e","248"
"BZN|SE1","19.06.2022 23:00 - 20.06.2022 00:00 (CET/CEST)","n/e","n/e","n/e","n/e","n/e","n/e","n/e","n/e","n/e","n/e","n/e","n/e","n/e","1719","n/e","n/e","6","n/e","0","n/e","n/e","292"
"BZN|SE1","20.06.2022 00:00 - 20.06.2022 01:00 (CET/CEST)","n/e","n/e","n/e","n/e","n/e","n/e","n/e","n/e","n/e","n/e","n/e","n/e","n/e","1837","n/e","n/e","5","n/e","0","n/e","n/e","328"
"BZN|SE1","20.06.2022 01:00 - 20.06.2022 02:00 (CET/CEST)","n/e","n/e","n/e","n/e","n/e","n/e","n/e","n/e","n/e","n/e","n/e","n/e","n/e","1634","n/e","n/e","5","n/e","0","n/e","n/e","400"
"BZN|SE1","20.06.2022 02:00 - 20.06.2022 03:00 (CET/CEST)","n/e","n/e","n/e","n/e","n/e","n/e","n/e","n/e","n/e","n/e","n/e","n/e","n/e","1618","n/e","n/e","5","n/e","0","n/e","n/e","400"
"BZN|SE1","20.06.2022 03:00 - 20.06.2022 04:00 (CET/CEST)","n/e","n/e","n/e","n/e","n/e","n/e","n/e","n/e","n/e","n/e","n/e","n/e","n/e","1664","n/e","n/e","6","n/e","0","n/e","n/e","291"
"BZN|SE1","20.06.2022 04:00 - 20.06.2022 05:00 (CET/CEST)","n/e","n/e","n/e","n/e","n/e","n/e","n/e","n/e","n/e","n/e","n/e","n/e","n/e","2106","n/e","n/e","6","n/e","0","n/e","n/e","260"
"BZN|SE1","20.06.2022 05:00 - 20.06.2022 06:00 (CET/CEST)","n/e","n/e","n/e","n/e","n/e","n/e","n/e","n/e","n/e","n/e","n/e","n/e","n/e","2292","n/e","n/e","6","n/e","0","n/e","n/e","199"
"BZN|SE1","20.06.2022 06:00 - 20.06.2022 07:00 (CET/CEST)","n/e","n/e","n/e","n/e","n/e","n/e","n/e","n/e","n/e","n/e","n/e","n/e","n/e","2283","n/e","n/e","6","n/e","1","n/e","n/e","110"
"BZN|SE1","20.06.2022 07:00 - 20.06.2022 08:00 (CET/CEST)","n/e","n/e","n/e","n/e","n/e","n/e","n/e","n/e","n/e","n/e","n/e","n/e","n/e","2553","n/e","n/e","6","n/e","1","n/e","n/e","40"
"BZN|SE1","20.06.2022 08:00 - 20.06.2022 09:00 (CET/CEST)","n/e","n/e","n/e","n/e","n/e","n/e","n/e","n/e","n/e","n/e","n/e","n/e","n/e","2610","n/e","n/e","7","n/e","1","n/e","n/e","19"
"BZN|SE1","20.06.2022 09:00 - 20.06.2022 10:00 (CET/CEST)","n/e","n/e","n/e","n/e","n/e","n/e","n/e","n/e","n/e","n/e","n/e","n/e","n/e","2562","n/e","n/e","7","n/e","2","n/e","n/e","14"
"BZN|SE1","20.06.2022 10:00 - 20.06.2022 11:00 (CET/CEST)","n/e","n/e","n/e","n/e","n/e","n/e","n/e","n/e","n/e","n/e","n/e","n/e","n/e","2549","n/e","n/e","7","n/e","2","n/e","n/e","14"
"BZN|SE1","20.06.2022 11:00 - 20.06.2022 12:00 (CET/CEST)","n/e","n/e","n/e","n/e","n/e","n/e","n/e","n/e","n/e","n/e","n/e","n/e","n/e","2588","n/e","n/e","7","n/e","3","n/e","n/e","19"
"BZN|SE1","20.06.2022 12:00 - 20.06.2022 13:00 (CET/CEST)","n/e","n/e","n/e","n/e","n/e","n/e","n/e","n/e","n/e","n/e","n/e","n/e","n/e","2670","n/e","n/e","7","n/e","2","n/e","n/e","17"
"BZN|SE1","20.06.2022 13:00 - 20.06.2022 14:00 (CET/CEST)","n/e","n/e","n/e","n/e","n/e","n/e","n/e","n/e","n/e","n/e","n/e","n/e","n/e","2616","n/e","n/e","7","n/e","2","n/e","n/e","27"
"BZN|SE1","20.06.2022 14:00 - 20.06.2022 15:00 (CET/CEST)","n/e","n/e","n/e","n/e","n/e","n/e","n/e","n/e","n/e","n/e","n/e","n/e","n/e","2553","n/e","n/e","7","n/e","2","n/e","n/e","24"
"BZN|SE1","20.06.2022 15:00 - 20.06.2022 16:00 (CET/CEST)","n/e","n/e","n/e","n/e","n/e","n/e","n/e","n/e","n/e","n/e","n/e","n/e","n/e","2639","n/e","n/e","7","n/e","2","n/e","n/e","37"
"BZN|SE1","20.06.2022 16:00 - 20.06.2022 17:00 (CET/CEST)","n/e","n/e","n/e","n/e","n/e","n/e","n/e","n/e","n/e","n/e","n/e","n/e","n/e","2529","n/e","n/e","6","n/e","1","n/e","n/e","53"
"BZN|SE1","20.06.2022 17:00 - 20.06.2022 18:00 (CET/CEST)","n/e","n/e","n/e","n/e","n/e","n/e","n/e","n/e","n/e","n/e","n/e","n/e","n/e","2515","n/e","n/e","6","n/e","1","n/e","n/e","72"
"BZN|SE1","20.06.2022 18:00 - 20.06.2022 19:00 (CET/CEST)","n/e","n/e","n/e","n/e","n/e","n/e","n/e","n/e","n/e","n/e","n/e","n/e","n/e","2476","n/e","n/e","6","n/e","1","n/e","n/e","105"
"BZN|SE1","20.06.2022 19:00 - 20.06.2022 20:00 (CET/CEST)","n/e","n/e","n/e","n/e","n/e","n/e","n/e","n/e","n/e","n/e","n/e","n/e","n/e","2429","n/e","n/e","6","n/e","0","n/e","n/e","136"
"BZN|SE1","20.06.2022 20:00 - 20.06.2022 21:00 (CET/CEST)","n/e","n/e","n/e","n/e","n/e","n/e","n/e","n/e","n/e","n/e","n/e","n/e","n/e","2350","n/e","n/e","6","n/e","0","n/e","n/e","194"
"BZN|SE1","20.06.2022 21:00 - 20.06.2022 22:00 (CET/CEST)","n/e","n/e","n/e","n/e","n/e","n/e","n/e","n/e","n/e","n/e","n/e","n/e","n/e","2115","n/e","n/e","6","n/e","0","n/e","n/e","287"
"BZN|SE1","20.06.2022 22:00 - 20.06.2022 23:00 (CET/CEST)","n/e","n/e","n/e","n/e","n/e","n/e","n/e","n/e","n/e","n/e","n/e","n/e","n/e","1993","n/e","n/e","6","n/e","0","n/e","n/e","366"
"BZN|SE1","20.06.2022 23:00 - 21.06.2022 00:00 (CET/CEST)","n/e","n/e","n/e","n/e","n/e","n/e","n/e","n/e","n/e","n/e","n/e","n/e","n/e","1826","n/e","n/e","6","n/e","0","n/e","n/e","389"
"BZN|SE1","21.06.2022 00:00 - 21.06.2022 01:00 (CET/CEST)","n/e","n/e","n/e","n/e","n/e","n/e","n/e","n/e","n/e","n/e","n/e","n/e","n/e","2242","n/e","n/e","5","n/e","0","n/e","n/e","388"
"BZN|SE1","21.06.2022 01:00 - 21.06.2022 02:00 (CET/CEST)","n/e","n/e","n/e","n/e","n/e","n/e","n/e","n/e","n/e","n/e","n/e","n/e","n/e","2259","n/e","n/e","5","n/e","0","n/e","n/e","385"
"BZN|SE1","21.06.2022 02:00 - 21.06.2022 03:00 (CET/CEST)","n/e","n/e","n/e","n/e","n/e","n/e","n/e","n/e","n/e","n/e","n/e","n/e","n/e","2281","n/e","n/e","5","n/e","0","n/e","n/e","402"
"BZN|SE1","21.06.2022 03:00 - 21.06.2022 04:00 (CET/CEST)","n/e","n/e","n/e","n/e","n/e","n/e","n/e","n/e","n/e","n/e","n/e","n/e","n/e","2383","n/e","n/e","6","n/e","0","n/e","n/e","363"
"BZN|SE1","21.06.2022 04:00 - 21.06.2022 05:00 (CET/CEST)","n/e","n/e","n/e","n/e","n/e","n/e","n/e","n/e","n/e","n/e","n/e","n/e","n/e","2405","n/e","n/e","6","n/e","0","n/e","n/e","330"
"BZN|SE1","21.06.2022 05:00 - 21.06.2022 06:00 (CET/CEST)","n/e","n/e","n/e","n/e","n/e","n/e","n/e","n/e","n/e","n/e","n/e","n/e","n/e","2422","n/e","n/e","6","n/e","0","n/e","n/e","310"
"BZN|SE1","21.06.2022 06:00 - 21.06.2022 07:00 (CET/CEST)","n/e","n/e","n/e","n/e","n/e","n/e","n/e","n/e","n/e","n/e","n/e","n/e","n/e","2421","n/e","n/e","6","n/e","0","n/e","n/e","286"
"BZN|SE1","21.06.2022 07:00 - 21.06.2022 08:00 (CET/CEST)","n/e","n/e","n/e","n/e","n/e","n/e","n/e","n/e","n/e","n/e","n/e","n/e","n/e","2509","n/e","n/e","6","n/e","0","n/e","n/e","278"
"BZN|SE1","21.06.2022 08:00 - 21.06.2022 09:00 (CET/CEST)","n/e","n/e","n/e","n/e","n/e","n/e","n/e","n/e","n/e","n/e","n/e","n/e","n/e","2574","n/e","n/e","7","n/e","1","n/e","n/e","266"
"BZN|SE1","21.06.2022 09:00 - 21.06.2022 10:00 (CET/CEST)","n/e","n/e","n/e","n/e","n/e","n/e","n/e","n/e","n/e","n/e","n/e","n/e","n/e","2594","n/e","n/e","7","n/e","1","n/e","n/e","284"
"BZN|SE1","21.06.2022 10:00 - 21.06.2022 11:00 (CET/CEST)","n/e","n/e","n/e","n/e","n/e","n/e","n/e","n/e","n/e","n/e","n/e","n/e","n/e","2470","n/e","n/e","7","n/e","2","n/e","n/e","331"
"BZN|SE1","21.06.2022 11:00 - 21.06.2022 12:00 (CET/CEST)","n/e","n/e","n/e","n/e","n/e","n/e","n/e","n/e","n/e","n/e","n/e","n/e","n/e","2377","n/e","n/e","7","n/e","2","n/e","n/e","324"
"BZN|SE1","21.06.2022 12:00 - 21.06.2022 13:00 (CET/CEST)","n/e","n/e","n/e","n/e","n/e","n/e","n/e","n/e","n/e","n/e","n/e","n/e","n/e","2359","n/e","n/e","7","n/e","2","n/e","n/e","356"
"BZN|SE1","21.06.2022 13:00 - 21.06.2022 14:00 (CET/CEST)","n/e","n/e","n/e","n/e","n/e","n/e","n/e","n/e","n/e","n/e","n/e","n/e","n/e","2208","n/e","n/e","7","n/e","2","n/e","n/e","321"
"BZN|SE1","21.06.2022 14:00 - 21.06.2022 15:00 (CET/CEST)","n/e","n/e","n/e","n/e","n/e","n/e","n/e","n/e","n/e","n/e","n/e","n/e","n/e","2010","n/e","n/e","7","n/e","2","n/e","n/e","323"
"BZN|SE1","21.06.2022 15:00 - 21.06.2022 16:00 (CET/CEST)","n/e","n/e","n/e","n/e","n/e","n/e","n/e","n/e","n/e","n/e","n/e","n/e","n/e","1988","n/e","n/e","7","n/e","1","n/e","n/e","340"
"BZN|SE1","21.06.2022 16:00 - 21.06.2022 17:00 (CET/CEST)","n/e","n/e","n/e","n/e","n/e","n/e","n/e","n/e","n/e","n/e","n/e","n/e","n/e","2074","n/e","n/e","7","n/e","1","n/e","n/e","365"
"BZN|SE1","21.06.2022 17:00 - 21.06.2022 18:00 (CET/CEST)","n/e","n/e","n/e","n/e","n/e","n/e","n/e","n/e","n/e","n/e","n/e","n/e","n/e","2446","n/e","n/e","7","n/e","0","n/e","n/e","322"
"BZN|SE1","21.06.2022 18:00 - 21.06.2022 19:00 (CET/CEST)","n/e","n/e","n/e","n/e","n/e","n/e","n/e","n/e","n/e","n/e","n/e","n/e","n/e","2602","n/e","n/e","6","n/e","0","n/e","n/e","320"
"BZN|SE1","21.06.2022 19:00 - 21.06.2022 20:00 (CET/CEST)","n/e","n/e","n/e","n/e","n/e","n/e","n/e","n/e","n/e","n/e","n/e","n/e","n/e","2551","n/e","n/e","6","n/e","0","n/e","n/e","363"
"BZN|SE1","21.06.2022 20:00 - 21.06.2022 21:00 (CET/CEST)","n/e","n/e","n/e","n/e","n/e","n/e","n/e","n/e","n/e","n/e","n/e","n/e","n/e","2522","n/e","n/e","6","n/e","0","n/e","n/e","431"
"BZN|SE1","21.06.2022 21:00 - 21.06.2022 22:00 (CET/CEST)","n/e","n/e","n/e","n/e","n/e","n/e","n/e","n/e","n/e","n/e","n/e","n/e","n/e","2289","n/e","n/e","6","n/e","0","n/e","n/e","464"
"BZN|SE1","21.06.2022 22:00 - 21.06.2022 23:00 (CET/CEST)","n/e","n/e","n/e","n/e","n/e","n/e","n/e","n/e","n/e","n/e","n/e","n/e","n/e","2078","n/e","n/e","6","n/e","0","n/e","n/e","534"
"BZN|SE1","21.06.2022 23:00 - 22.06.2022 00:00 (CET/CEST)","n/e","n/e","n/e","n/e","n/e","n/e","n/e","n/e","n/e","n/e","n/e","n/e","n/e","1863","n/e","n/e","6","n/e","0","n/e","n/e","585"
"BZN|SE1","22.06.2022 00:00 - 22.06.2022 01:00 (CET/CEST)","n/e","n/e","n/e","n/e","n/e","n/e","n/e","n/e","n/e","n/e","n/e","n/e","n/e","1379","n/e","n/e","6","n/e","0","n/e","n/e","637"
"BZN|SE1","22.06.2022 01:00 - 22.06.2022 02:00 (CET/CEST)","n/e","n/e","n/e","n/e","n/e","n/e","n/e","n/e","n/e","n/e","n/e","n/e","n/e","1372","n/e","n/e","6","n/e","0","n/e","n/e","762"
"BZN|SE1","22.06.2022 02:00 - 22.06.2022 03:00 (CET/CEST)","n/e","n/e","n/e","n/e","n/e","n/e","n/e","n/e","n/e","n/e","n/e","n/e","n/e","1376","n/e","n/e","6","n/e","0","n/e","n/e","824"
"BZN|SE1","22.06.2022 03:00 - 22.06.2022 04:00 (CET/CEST)","n/e","n/e","n/e","n/e","n/e","n/e","n/e","n/e","n/e","n/e","n/e","n/e","n/e","1230","n/e","n/e","6","n/e","0","n/e","n/e","793"
"BZN|SE1","22.06.2022 04:00 - 22.06.2022 05:00 (CET/CEST)","n/e","n/e","n/e","n/e","n/e","n/e","n/e","n/e","n/e","n/e","n/e","n/e","n/e","1419","n/e","n/e","6","n/e","0","n/e","n/e","823"
"BZN|SE1","22.06.2022 05:00 - 22.06.2022 06:00 (CET/CEST)","n/e","n/e","n/e","n/e","n/e","n/e","n/e","n/e","n/e","n/e","n/e","n/e","n/e","2122","n/e","n/e","7","n/e","0","n/e","n/e","760"
"BZN|SE1","22.06.2022 06:00 - 22.06.2022 07:00 (CET/CEST)","n/e","n/e","n/e","n/e","n/e","n/e","n/e","n/e","n/e","n/e","n/e","n/e","n/e","2779","n/e","n/e","7","n/e","1","n/e","n/e","639"
"BZN|SE1","22.06.2022 07:00 - 22.06.2022 08:00 (CET/CEST)","n/e","n/e","n/e","n/e","n/e","n/e","n/e","n/e","n/e","n/e","n/e","n/e","n/e","3181","n/e","n/e","7","n/e","1","n/e","n/e","419"
"BZN|SE1","22.06.2022 08:00 - 22.06.2022 09:00 (CET/CEST)","n/e","n/e","n/e","n/e","n/e","n/e","n/e","n/e","n/e","n/e","n/e","n/e","n/e","3646","n/e","n/e","7","n/e","2","n/e","n/e","270"
"BZN|SE1","22.06.2022 09:00 - 22.06.2022 10:00 (CET/CEST)","n/e","n/e","n/e","n/e","n/e","n/e","n/e","n/e","n/e","n/e","n/e","n/e","n/e","3632","n/e","n/e","7","n/e","2","n/e","n/e","131"
"BZN|SE1","22.06.2022 10:00 - 22.06.2022 11:00 (CET/CEST)","n/e","n/e","n/e","n/e","n/e","n/e","n/e","n/e","n/e","n/e","n/e","n/e","n/e","3639","n/e","n/e","7","n/e","3","n/e","n/e","71"
"BZN|SE1","22.06.2022 11:00 - 22.06.2022 12:00 (CET/CEST)","n/e","n/e","n/e","n/e","n/e","n/e","n/e","n/e","n/e","n/e","n/e","n/e","n/e","3666","n/e","n/e","8","n/e","3","n/e","n/e","41"
"BZN|SE1","22.06.2022 12:00 - 22.06.2022 13:00 (CET/CEST)","n/e","n/e","n/e","n/e","n/e","n/e","n/e","n/e","n/e","n/e","n/e","n/e","n/e","3555","n/e","n/e","8","n/e","3","n/e","n/e","29"
"BZN|SE1","22.06.2022 13:00 - 22.06.2022 14:00 (CET/CEST)","n/e","n/e","n/e","n/e","n/e","n/e","n/e","n/e","n/e","n/e","n/e","n/e","n/e","3379","n/e","n/e","8","n/e","3","n/e","n/e","37"
"BZN|SE1","22.06.2022 14:00 - 22.06.2022 15:00 (CET/CEST)","n/e","n/e","n/e","n/e","n/e","n/e","n/e","n/e","n/e","n/e","n/e","n/e","n/e","3258","n/e","n/e","7","n/e","3","n/e","n/e","72"
"BZN|SE1","22.06.2022 15:00 - 22.06.2022 16:00 (CET/CEST)","n/e","n/e","n/e","n/e","n/e","n/e","n/e","n/e","n/e","n/e","n/e","n/e","n/e","2995","n/e","n/e","7","n/e","2","n/e","n/e","160"
"BZN|SE1","22.06.2022 16:00 - 22.06.2022 17:00 (CET/CEST)","n/e","n/e","n/e","n/e","n/e","n/e","n/e","n/e","n/e","n/e","n/e","n/e","n/e","2749","n/e","n/e","7","n/e","2","n/e","n/e","325"
"BZN|SE1","22.06.2022 17:00 - 22.06.2022 18:00 (CET/CEST)","n/e","n/e","n/e","n/e","n/e","n/e","n/e","n/e","n/e","n/e","n/e","n/e","n/e","2738","n/e","n/e","7","n/e","1","n/e","n/e","466"
"BZN|SE1","22.06.2022 18:00 - 22.06.2022 19:00 (CET/CEST)","n/e","n/e","n/e","n/e","n/e","n/e","n/e","n/e","n/e","n/e","n/e","n/e","n/e","2701","n/e","n/e","6","n/e","0","n/e","n/e","522"
"BZN|SE1","22.06.2022 19:00 - 22.06.2022 20:00 (CET/CEST)","n/e","n/e","n/e","n/e","n/e","n/e","n/e","n/e","n/e","n/e","n/e","n/e","n/e","2610","n/e","n/e","6","n/e","0","n/e","n/e","553"
"BZN|SE1","22.06.2022 20:00 - 22.06.2022 21:00 (CET/CEST)","n/e","n/e","n/e","n/e","n/e","n/e","n/e","n/e","n/e","n/e","n/e","n/e","n/e","2384","n/e","n/e","6","n/e","0","n/e","n/e","535"
"BZN|SE1","22.06.2022 21:00 - 22.06.2022 22:00 (CET/CEST)","n/e","n/e","n/e","n/e","n/e","n/e","n/e","n/e","n/e","n/e","n/e","n/e","n/e","1946","n/e","n/e","6","n/e","0","n/e","n/e","583"
"BZN|SE1","22.06.2022 22:00 - 22.06.2022 23:00 (CET/CEST)","n/e","n/e","n/e","n/e","n/e","n/e","n/e","n/e","n/e","n/e","n/e","n/e","n/e","1613","n/e","n/e","6","n/e","0","n/e","n/e","671"
"BZN|SE1","22.06.2022 23:00 - 23.06.2022 00:00 (CET/CEST)","n/e","n/e","n/e","n/e","n/e","n/e","n/e","n/e","n/e","n/e","n/e","n/e","n/e","1449","n/e","n/e","6","n/e","0","n/e","n/e","762"
"BZN|SE1","23.06.2022 00:00 - 23.06.2022 01:00 (CET/CEST)","n/e","n/e","n/e","n/e","n/e","n/e","n/e","n/e","n/e","n/e","n/e","n/e","n/e","1238","n/e","n/e","7","n/e","0","n/e","n/e","801"
"BZN|SE1","23.06.2022 01:00 - 23.06.2022 02:00 (CET/CEST)","n/e","n/e","n/e","n/e","n/e","n/e","n/e","n/e","n/e","n/e","n/e","n/e","n/e","1175","n/e","n/e","7","n/e","0","n/e","n/e","899"
"BZN|SE1","23.06.2022 02:00 - 23.06.2022 03:00 (CET/CEST)","n/e","n/e","n/e","n/e","n/e","n/e","n/e","n/e","n/e","n/e","n/e","n/e","n/e","1159","n/e","n/e","7","n/e","0","n/e","n/e","976"
"BZN|SE1","23.06.2022 03:00 - 23.06.2022 04:00 (CET/CEST)","n/e","n/e","n/e","n/e","n/e","n/e","n/e","n/e","n/e","n/e","n/e","n/e","n/e","1206","n/e","n/e","7","n/e","0","n/e","n/e","967"
"BZN|SE1","23.06.2022 04:00 - 23.06.2022 05:00 (CET/CEST)","n/e","n/e","n/e","n/e","n/e","n/e","n/e","n/e","n/e","n/e","n/e","n/e","n/e","1262","n/e","n/e","7","n/e","0","n/e","n/e","904"
"BZN|SE1","23.06.2022 05:00 - 23.06.2022 06:00 (CET/CEST)","n/e","n/e","n/e","n/e","n/e","n/e","n/e","n/e","n/e","n/e","n/e","n/e","n/e","1450","n/e","n/e","7","n/e","0","n/e","n/e","944"
"BZN|SE1","23.06.2022 06:00 - 23.06.2022 07:00 (CET/CEST)","n/e","n/e","n/e","n/e","n/e","n/e","n/e","n/e","n/e","n/e","n/e","n/e","n/e","2331","n/e","n/e","7","n/e","0","n/e","n/e","932"
"BZN|SE1","23.06.2022 07:00 - 23.06.2022 08:00 (CET/CEST)","n/e","n/e","n/e","n/e","n/e","n/e","n/e","n/e","n/e","n/e","n/e","n/e","n/e","2591","n/e","n/e","7","n/e","0","n/e","n/e","822"
"BZN|SE1","23.06.2022 08:00 - 23.06.2022 09:00 (CET/CEST)","n/e","n/e","n/e","n/e","n/e","n/e","n/e","n/e","n/e","n/e","n/e","n/e","n/e","2617","n/e","n/e","8","n/e","1","n/e","n/e","743"
"BZN|SE1","23.06.2022 09:00 - 23.06.2022 10:00 (CET/CEST)","n/e","n/e","n/e","n/e","n/e","n/e","n/e","n/e","n/e","n/e","n/e","n/e","n/e","2585","n/e","n/e","8","n/e","1","n/e","n/e","847"
"BZN|SE1","23.06.2022 10:00 - 23.06.2022 11:00 (CET/CEST)","n/e","n/e","n/e","n/e","n/e","n/e","n/e","n/e","n/e","n/e","n/e","n/e","n/e","2413","n/e","n/e","8","n/e","1","n/e","n/e","922"
"BZN|SE1","23.06.2022 11:00 - 23.06.2022 12:00 (CET/CEST)","n/e","n/e","n/e","n/e","n/e","n/e","n/e","n/e","n/e","n/e","n/e","n/e","n/e","2211","n/e","n/e","8","n/e","2","n/e","n/e","1063"
"BZN|SE1","23.06.2022 12:00 - 23.06.2022 13:00 (CET/CEST)","n/e","n/e","n/e","n/e","n/e","n/e","n/e","n/e","n/e","n/e","n/e","n/e","n/e","2151","n/e","n/e","8","n/e","2","n/e","n/e","1284"
"BZN|SE1","23.06.2022 13:00 - 23.06.2022 14:00 (CET/CEST)","n/e","n/e","n/e","n/e","n/e","n/e","n/e","n/e","n/e","n/e","n/e","n/e","n/e","2007","n/e","n/e","8","n/e","2","n/e","n/e","1312"
"BZN|SE1","23.06.2022 14:00 - 23.06.2022 15:00 (CET/CEST)","n/e","n/e","n/e","n/e","n/e","n/e","n/e","n/e","n/e","n/e","n/e","n/e","n/e","1962","n/e","n/e","8","n/e","2","n/e","n/e","1338"
"BZN|SE1","23.06.2022 15:00 - 23.06.2022 16:00 (CET/CEST)","n/e","n/e","n/e","n/e","n/e","n/e","n/e","n/e","n/e","n/e","n/e","n/e","n/e","2000","n/e","n/e","8","n/e","2","n/e","n/e","1322"
"BZN|SE1","23.06.2022 16:00 - 23.06.2022 17:00 (CET/CEST)","n/e","n/e","n/e","n/e","n/e","n/e","n/e","n/e","n/e","n/e","n/e","n/e","n/e","2115","n/e","n/e","8","n/e","2","n/e","n/e","1280"
"BZN|SE1","23.06.2022 17:00 - 23.06.2022 18:00 (CET/CEST)","n/e","n/e","n/e","n/e","n/e","n/e","n/e","n/e","n/e","n/e","n/e","n/e","n/e","2231","n/e","n/e","8","n/e","2","n/e","n/e","1265"
"BZN|SE1","23.06.2022 18:00 - 23.06.2022 19:00 (CET/CEST)","n/e","n/e","n/e","n/e","n/e","n/e","n/e","n/e","n/e","n/e","n/e","n/e","n/e","2355","n/e","n/e","7","n/e","1","n/e","n/e","1305"
"BZN|SE1","23.06.2022 19:00 - 23.06.2022 20:00 (CET/CEST)","n/e","n/e","n/e","n/e","n/e","n/e","n/e","n/e","n/e","n/e","n/e","n/e","n/e","2546","n/e","n/e","7","n/e","0","n/e","n/e","1124"
"BZN|SE1","23.06.2022 20:00 - 23.06.2022 21:00 (CET/CEST)","n/e","n/e","n/e","n/e","n/e","n/e","n/e","n/e","n/e","n/e","n/e","n/e","n/e","2559","n/e","n/e","7","n/e","0","n/e","n/e","1120"
"BZN|SE1","23.06.2022 21:00 - 23.06.2022 22:00 (CET/CEST)","n/e","n/e","n/e","n/e","n/e","n/e","n/e","n/e","n/e","n/e","n/e","n/e","n/e","2506","n/e","n/e","7","n/e","0","n/e","n/e","1162"
"BZN|SE1","23.06.2022 22:00 - 23.06.2022 23:00 (CET/CEST)","n/e","n/e","n/e","n/e","n/e","n/e","n/e","n/e","n/e","n/e","n/e","n/e","n/e","2238","n/e","n/e","7","n/e","0","n/e","n/e","993"
"BZN|SE1","23.06.2022 23:00 - 24.06.2022 00:00 (CET/CEST)","n/e","n/e","n/e","n/e","n/e","n/e","n/e","n/e","n/e","n/e","n/e","n/e","n/e","1565","n/e","n/e","7","n/e","0","n/e","n/e","1067"
"BZN|SE1","24.06.2022 00:00 - 24.06.2022 01:00 (CET/CEST)","n/e","n/e","n/e","n/e","n/e","n/e","n/e","n/e","n/e","n/e","n/e","n/e","n/e","1160","n/e","n/e","6","n/e","0","n/e","n/e","1161"
"BZN|SE1","24.06.2022 01:00 - 24.06.2022 02:00 (CET/CEST)","n/e","n/e","n/e","n/e","n/e","n/e","n/e","n/e","n/e","n/e","n/e","n/e","n/e","1134","n/e","n/e","6","n/e","0","n/e","n/e","1141"
"BZN|SE1","24.06.2022 02:00 - 24.06.2022 03:00 (CET/CEST)","n/e","n/e","n/e","n/e","n/e","n/e","n/e","n/e","n/e","n/e","n/e","n/e","n/e","1154","n/e","n/e","6","n/e","0","n/e","n/e","1111"
"BZN|SE1","24.06.2022 03:00 - 24.06.2022 04:00 (CET/CEST)","n/e","n/e","n/e","n/e","n/e","n/e","n/e","n/e","n/e","n/e","n/e","n/e","n/e","1199","n/e","n/e","7","n/e","0","n/e","n/e","1048"
"BZN|SE1","24.06.2022 04:00 - 24.06.2022 05:00 (CET/CEST)","n/e","n/e","n/e","n/e","n/e","n/e","n/e","n/e","n/e","n/e","n/e","n/e","n/e","1403","n/e","n/e","7","n/e","0","n/e","n/e","888"
"BZN|SE1","24.06.2022 05:00 - 24.06.2022 06:00 (CET/CEST)","n/e","n/e","n/e","n/e","n/e","n/e","n/e","n/e","n/e","n/e","n/e","n/e","n/e","2178","n/e","n/e","7","n/e","0","n/e","n/e","697"
"BZN|SE1","24.06.2022 06:00 - 24.06.2022 07:00 (CET/CEST)","n/e","n/e","n/e","n/e","n/e","n/e","n/e","n/e","n/e","n/e","n/e","n/e","n/e","3063","n/e","n/e","7","n/e","0","n/e","n/e","460"
"BZN|SE1","24.06.2022 07:00 - 24.06.2022 08:00 (CET/CEST)","n/e","n/e","n/e","n/e","n/e","n/e","n/e","n/e","n/e","n/e","n/e","n/e","n/e","3622","n/e","n/e","7","n/e","1","n/e","n/e","372"
"BZN|SE1","24.06.2022 08:00 - 24.06.2022 09:00 (CET/CEST)","n/e","n/e","n/e","n/e","n/e","n/e","n/e","n/e","n/e","n/e","n/e","n/e","n/e","3577","n/e","n/e","7","n/e","1","n/e","n/e","265"
"BZN|SE1","24.06.2022 09:00 - 24.06.2022 10:00 (CET/CEST)","n/e","n/e","n/e","n/e","n/e","n/e","n/e","n/e","n/e","n/e","n/e","n/e","n/e","3662","n/e","n/e","8","n/e","2","n/e","n/e","221"
"BZN|SE1","24.06.2022 10:00 - 24.06.2022 11:00 (CET/CEST)","n/e","n/e","n/e","n/e","n/e","n/e","n/e","n/e","n/e","n/e","n/e","n/e","n/e","3670","n/e","n/e","8","n/e","3","n/e","n/e","172"
"BZN|SE1","24.06.2022 11:00 - 24.06.2022 12:00 (CET/CEST)","n/e","n/e","n/e","n/e","n/e","n/e","n/e","n/e","n/e","n/e","n/e","n/e","n/e","3522","n/e","n/e","8","n/e","3","n/e","n/e","126"
"BZN|SE1","24.06.2022 12:00 - 24.06.2022 13:00 (CET/CEST)","n/e","n/e","n/e","n/e","n/e","n/e","n/e","n/e","n/e","n/e","n/e","n/e","n/e","3498","n/e","n/e","8","n/e","3","n/e","n/e","104"
"BZN|SE1","24.06.2022 13:00 - 24.06.2022 14:00 (CET/CEST)","n/e","n/e","n/e","n/e","n/e","n/e","n/e","n/e","n/e","n/e","n/e","n/e","n/e","3312","n/e","n/e","8","n/e","3","n/e","n/e","98"
"BZN|SE1","24.06.2022 14:00 - 24.06.2022 15:00 (CET/CEST)","n/e","n/e","n/e","n/e","n/e","n/e","n/e","n/e","n/e","n/e","n/e","n/e","n/e","3235","n/e","n/e","8","n/e","3","n/e","n/e","95"
"BZN|SE1","24.06.2022 15:00 - 24.06.2022 16:00 (CET/CEST)","n/e","n/e","n/e","n/e","n/e","n/e","n/e","n/e","n/e","n/e","n/e","n/e","n/e","3296","n/e","n/e","8","n/e","3","n/e","n/e","96"
"BZN|SE1","24.06.2022 16:00 - 24.06.2022 17:00 (CET/CEST)","n/e","n/e","n/e","n/e","n/e","n/e","n/e","n/e","n/e","n/e","n/e","n/e","n/e","3459","n/e","n/e","7","n/e","2","n/e","n/e","98"
"BZN|SE1","24.06.2022 17:00 - 24.06.2022 18:00 (CET/CEST)","n/e","n/e","n/e","n/e","n/e","n/e","n/e","n/e","n/e","n/e","n/e","n/e","n/e","3500","n/e","n/e","7","n/e","2","n/e","n/e","89"
"BZN|SE1","24.06.2022 18:00 - 24.06.2022 19:00 (CET/CEST)","n/e","n/e","n/e","n/e","n/e","n/e","n/e","n/e","n/e","n/e","n/e","n/e","n/e","3426","n/e","n/e","7","n/e","1","n/e","n/e","90"
"BZN|SE1","24.06.2022 19:00 - 24.06.2022 20:00 (CET/CEST)","n/e","n/e","n/e","n/e","n/e","n/e","n/e","n/e","n/e","n/e","n/e","n/e","n/e","3537","n/e","n/e","7","n/e","0","n/e","n/e","120"
"BZN|SE1","24.06.2022 20:00 - 24.06.2022 21:00 (CET/CEST)","n/e","n/e","n/e","n/e","n/e","n/e","n/e","n/e","n/e","n/e","n/e","n/e","n/e","3357","n/e","n/e","7","n/e","0","n/e","n/e","153"
"BZN|SE1","24.06.2022 21:00 - 24.06.2022 22:00 (CET/CEST)","n/e","n/e","n/e","n/e","n/e","n/e","n/e","n/e","n/e","n/e","n/e","n/e","n/e","2949","n/e","n/e","7","n/e","0","n/e","n/e","178"
"BZN|SE1","24.06.2022 22:00 - 24.06.2022 23:00 (CET/CEST)","n/e","n/e","n/e","n/e","n/e","n/e","n/e","n/e","n/e","n/e","n/e","n/e","n/e","2500","n/e","n/e","6","n/e","0","n/e","n/e","198"
"BZN|SE1","24.06.2022 23:00 - 25.06.2022 00:00 (CET/CEST)","n/e","n/e","n/e","n/e","n/e","n/e","n/e","n/e","n/e","n/e","n/e","n/e","n/e","2122","n/e","n/e","6","n/e","0","n/e","n/e","227"
"BZN|SE1","25.06.2022 00:00 - 25.06.2022 01:00 (CET/CEST)","n/e","n/e","n/e","n/e","n/e","n/e","n/e","n/e","n/e","n/e","n/e","n/e","n/e","1850","n/e","n/e","7","n/e","0","n/e","n/e","251"
"BZN|SE1","25.06.2022 01:00 - 25.06.2022 02:00 (CET/CEST)","n/e","n/e","n/e","n/e","n/e","n/e","n/e","n/e","n/e","n/e","n/e","n/e","n/e","1525","n/e","n/e","7","n/e","0","n/e","n/e","326"
"BZN|SE1","25.06.2022 02:00 - 25.06.2022 03:00 (CET/CEST)","n/e","n/e","n/e","n/e","n/e","n/e","n/e","n/e","n/e","n/e","n/e","n/e","n/e","1305","n/e","n/e","7","n/e","0","n/e","n/e","269"
"BZN|SE1","25.06.2022 03:00 - 25.06.2022 04:00 (CET/CEST)","n/e","n/e","n/e","n/e","n/e","n/e","n/e","n/e","n/e","n/e","n/e","n/e","n/e","1324","n/e","n/e","7","n/e","0","n/e","n/e","225"
"BZN|SE1","25.06.2022 04:00 - 25.06.2022 05:00 (CET/CEST)","n/e","n/e","n/e","n/e","n/e","n/e","n/e","n/e","n/e","n/e","n/e","n/e","n/e","1354","n/e","n/e","7","n/e","0","n/e","n/e","162"
"BZN|SE1","25.06.2022 05:00 - 25.06.2022 06:00 (CET/CEST)","n/e","n/e","n/e","n/e","n/e","n/e","n/e","n/e","n/e","n/e","n/e","n/e","n/e","1574","n/e","n/e","7","n/e","0","n/e","n/e","121"
"BZN|SE1","25.06.2022 06:00 - 25.06.2022 07:00 (CET/CEST)","n/e","n/e","n/e","n/e","n/e","n/e","n/e","n/e","n/e","n/e","n/e","n/e","n/e","2107","n/e","n/e","8","n/e","1","n/e","n/e","77"
"BZN|SE1","25.06.2022 07:00 - 25.06.2022 08:00 (CET/CEST)","n/e","n/e","n/e","n/e","n/e","n/e","n/e","n/e","n/e","n/e","n/e","n/e","n/e","2847","n/e","n/e","8","n/e","1","n/e","n/e","47"
"BZN|SE1","25.06.2022 08:00 - 25.06.2022 09:00 (CET/CEST)","n/e","n/e","n/e","n/e","n/e","n/e","n/e","n/e","n/e","n/e","n/e","n/e","n/e","3102","n/e","n/e","8","n/e","2","n/e","n/e","47"
"BZN|SE1","25.06.2022 09:00 - 25.06.2022 10:00 (CET/CEST)","n/e","n/e","n/e","n/e","n/e","n/e","n/e","n/e","n/e","n/e","n/e","n/e","n/e","3138","n/e","n/e","8","n/e","2","n/e","n/e","84"
"BZN|SE1","25.06.2022 10:00 - 25.06.2022 11:00 (CET/CEST)","n/e","n/e","n/e","n/e","n/e","n/e","n/e","n/e","n/e","n/e","n/e","n/e","n/e","3004","n/e","n/e","9","n/e","3","n/e","n/e","153"
"BZN|SE1","25.06.2022 11:00 - 25.06.2022 12:00 (CET/CEST)","n/e","n/e","n/e","n/e","n/e","n/e","n/e","n/e","n/e","n/e","n/e","n/e","n/e","2753","n/e","n/e","9","n/e","3","n/e","n/e","198"
"BZN|SE1","25.06.2022 12:00 - 25.06.2022 13:00 (CET/CEST)","n/e","n/e","n/e","n/e","n/e","n/e","n/e","n/e","n/e","n/e","n/e","n/e","n/e","2526","n/e","n/e","9","n/e","3","n/e","n/e","235"
"BZN|SE1","25.06.2022 13:00 - 25.06.2022 14:00 (CET/CEST)","n/e","n/e","n/e","n/e","n/e","n/e","n/e","n/e","n/e","n/e","n/e","n/e","n/e","2331","n/e","n/e","7","n/e","3","n/e","n/e","283"
"BZN|SE1","25.06.2022 14:00 - 25.06.2022 15:00 (CET/CEST)","n/e","n/e","n/e","n/e","n/e","n/e","n/e","n/e","n/e","n/e","n/e","n/e","n/e","2249","n/e","n/e","7","n/e","3","n/e","n/e","291"
"BZN|SE1","25.06.2022 15:00 - 25.06.2022 16:00 (CET/CEST)","n/e","n/e","n/e","n/e","n/e","n/e","n/e","n/e","n/e","n/e","n/e","n/e","n/e","2340","n/e","n/e","7","n/e","3","n/e","n/e","312"
"BZN|SE1","25.06.2022 16:00 - 25.06.2022 17:00 (CET/CEST)","n/e","n/e","n/e","n/e","n/e","n/e","n/e","n/e","n/e","n/e","n/e","n/e","n/e","2366","n/e","n/e","7","n/e","2","n/e","n/e","321"
"BZN|SE1","25.06.2022 17:00 - 25.06.2022 18:00 (CET/CEST)","n/e","n/e","n/e","n/e","n/e","n/e","n/e","n/e","n/e","n/e","n/e","n/e","n/e","2566","n/e","n/e","7","n/e","2","n/e","n/e","340"
"BZN|SE1","25.06.2022 18:00 - 25.06.2022 19:00 (CET/CEST)","n/e","n/e","n/e","n/e","n/e","n/e","n/e","n/e","n/e","n/e","n/e","n/e","n/e","2866","n/e","n/e","6","n/e","1","n/e","n/e","310"
"BZN|SE1","25.06.2022 19:00 - 25.06.2022 20:00 (CET/CEST)","n/e","n/e","n/e","n/e","n/e","n/e","n/e","n/e","n/e","n/e","n/e","n/e","n/e","2922","n/e","n/e","6","n/e","0","n/e","n/e","287"
"BZN|SE1","25.06.2022 20:00 - 25.06.2022 21:00 (CET/CEST)","n/e","n/e","n/e","n/e","n/e","n/e","n/e","n/e","n/e","n/e","n/e","n/e","n/e","2715","n/e","n/e","6","n/e","0","n/e","n/e","330"
"BZN|SE1","25.06.2022 21:00 - 25.06.2022 22:00 (CET/CEST)","n/e","n/e","n/e","n/e","n/e","n/e","n/e","n/e","n/e","n/e","n/e","n/e","n/e","2273","n/e","n/e","6","n/e","0","n/e","n/e","467"
"BZN|SE1","25.06.2022 22:00 - 25.06.2022 23:00 (CET/CEST)","n/e","n/e","n/e","n/e","n/e","n/e","n/e","n/e","n/e","n/e","n/e","n/e","n/e","1749","n/e","n/e","6","n/e","0","n/e","n/e","636"
"BZN|SE1","25.06.2022 23:00 - 26.06.2022 00:00 (CET/CEST)","n/e","n/e","n/e","n/e","n/e","n/e","n/e","n/e","n/e","n/e","n/e","n/e","n/e","1558","n/e","n/e","6","n/e","0","n/e","n/e","741"
"BZN|SE1","26.06.2022 00:00 - 26.06.2022 01:00 (CET/CEST)","n/e","n/e","n/e","n/e","n/e","n/e","n/e","n/e","n/e","n/e","n/e","n/e","n/e","1520","n/e","n/e","6","n/e","0","n/e","n/e","716"
"BZN|SE1","26.06.2022 01:00 - 26.06.2022 02:00 (CET/CEST)","n/e","n/e","n/e","n/e","n/e","n/e","n/e","n/e","n/e","n/e","n/e","n/e","n/e","1497","n/e","n/e","6","n/e","0","n/e","n/e","736"
"BZN|SE1","26.06.2022 02:00 - 26.06.2022 03:00 (CET/CEST)","n/e","n/e","n/e","n/e","n/e","n/e","n/e","n/e","n/e","n/e","n/e","n/e","n/e","1365","n/e","n/e","6","n/e","0","n/e","n/e","692"
"BZN|SE1","26.06.2022 03:00 - 26.06.2022 04:00 (CET/CEST)","n/e","n/e","n/e","n/e","n/e","n/e","n/e","n/e","n/e","n/e","n/e","n/e","n/e","1520","n/e","n/e","6","n/e","0","n/e","n/e","645"
"BZN|SE1","26.06.2022 04:00 - 26.06.2022 05:00 (CET/CEST)","n/e","n/e","n/e","n/e","n/e","n/e","n/e","n/e","n/e","n/e","n/e","n/e","n/e","1733","n/e","n/e","6","n/e","0","n/e","n/e","510"
"BZN|SE1","26.06.2022 05:00 - 26.06.2022 06:00 (CET/CEST)","n/e","n/e","n/e","n/e","n/e","n/e","n/e","n/e","n/e","n/e","n/e","n/e","n/e","1793","n/e","n/e","6","n/e","0","n/e","n/e","386"
"BZN|SE1","26.06.2022 06:00 - 26.06.2022 07:00 (CET/CEST)","n/e","n/e","n/e","n/e","n/e","n/e","n/e","n/e","n/e","n/e","n/e","n/e","n/e","2415","n/e","n/e","6","n/e","1","n/e","n/e","163"
"BZN|SE1","26.06.2022 07:00 - 26.06.2022 08:00 (CET/CEST)","n/e","n/e","n/e","n/e","n/e","n/e","n/e","n/e","n/e","n/e","n/e","n/e","n/e","3083","n/e","n/e","6","n/e","1","n/e","n/e","36"
"BZN|SE1","26.06.2022 08:00 - 26.06.2022 09:00 (CET/CEST)","n/e","n/e","n/e","n/e","n/e","n/e","n/e","n/e","n/e","n/e","n/e","n/e","n/e","3424","n/e","n/e","7","n/e","2","n/e","n/e","21"
"BZN|SE1","26.06.2022 09:00 - 26.06.2022 10:00 (CET/CEST)","n/e","n/e","n/e","n/e","n/e","n/e","n/e","n/e","n/e","n/e","n/e","n/e","n/e","3646","n/e","n/e","7","n/e","2","n/e","n/e","19"
"BZN|SE1","26.06.2022 10:00 - 26.06.2022 11:00 (CET/CEST)","n/e","n/e","n/e","n/e","n/e","n/e","n/e","n/e","n/e","n/e","n/e","n/e","n/e","3671","n/e","n/e","7","n/e","3","n/e","n/e","34"
"BZN|SE1","26.06.2022 11:00 - 26.06.2022 12:00 (CET/CEST)","n/e","n/e","n/e","n/e","n/e","n/e","n/e","n/e","n/e","n/e","n/e","n/e","n/e","3473","n/e","n/e","7","n/e","3","n/e","n/e","27"
"BZN|SE1","26.06.2022 12:00 - 26.06.2022 13:00 (CET/CEST)","n/e","n/e","n/e","n/e","n/e","n/e","n/e","n/e","n/e","n/e","n/e","n/e","n/e","3490","n/e","n/e","7","n/e","3","n/e","n/e","29"
"BZN|SE1","26.06.2022 13:00 - 26.06.2022 14:00 (CET/CEST)","n/e","n/e","n/e","n/e","n/e","n/e","n/e","n/e","n/e","n/e","n/e","n/e","n/e","3336","n/e","n/e","7","n/e","3","n/e","n/e","42"
"BZN|SE1","26.06.2022 14:00 - 26.06.2022 15:00 (CET/CEST)","n/e","n/e","n/e","n/e","n/e","n/e","n/e","n/e","n/e","n/e","n/e","n/e","n/e","3270","n/e","n/e","7","n/e","3","n/e","n/e","88"
"BZN|SE1","26.06.2022 15:00 - 26.06.2022 16:00 (CET/CEST)","n/e","n/e","n/e","n/e","n/e","n/e","n/e","n/e","n/e","n/e","n/e","n/e","n/e","3171","n/e","n/e","7","n/e","2","n/e","n/e","143"
"BZN|SE1","26.06.2022 16:00 - 26.06.2022 17:00 (CET/CEST)","n/e","n/e","n/e","n/e","n/e","n/e","n/e","n/e","n/e","n/e","n/e","n/e","n/e","3135","n/e","n/e","7","n/e","2","n/e","n/e","182"
"BZN|SE1","26.06.2022 17:00 - 26.06.2022 18:00 (CET/CEST)","n/e","n/e","n/e","n/e","n/e","n/e","n/e","n/e","n/e","n/e","n/e","n/e","n/e","3119","n/e","n/e","7","n/e","1","n/e","n/e","215"
"BZN|SE1","26.06.2022 18:00 - 26.06.2022 19:00 (CET/CEST)","n/e","n/e","n/e","n/e","n/e","n/e","n/e","n/e","n/e","n/e","n/e","n/e","n/e","3129","n/e","n/e","6","n/e","1","n/e","n/e","181"
"BZN|SE1","26.06.2022 19:00 - 26.06.2022 20:00 (CET/CEST)","n/e","n/e","n/e","n/e","n/e","n/e","n/e","n/e","n/e","n/e","n/e","n/e","n/e","3128","n/e","n/e","6","n/e","0","n/e","n/e","195"
"BZN|SE1","26.06.2022 20:00 - 26.06.2022 21:00 (CET/CEST)","n/e","n/e","n/e","n/e","n/e","n/e","n/e","n/e","n/e","n/e","n/e","n/e","n/e","3102","n/e","n/e","6","n/e","0","n/e","n/e","253"
"BZN|SE1","26.06.2022 21:00 - 26.06.2022 22:00 (CET/CEST)","n/e","n/e","n/e","n/e","n/e","n/e","n/e","n/e","n/e","n/e","n/e","n/e","n/e","2971","n/e","n/e","6","n/e","0","n/e","n/e","270"
"BZN|SE1","26.06.2022 22:00 - 26.06.2022 23:00 (CET/CEST)","n/e","n/e","n/e","n/e","n/e","n/e","n/e","n/e","n/e","n/e","n/e","n/e","n/e","2975","n/e","n/e","6","n/e","0","n/e","n/e","297"
"BZN|SE1","26.06.2022 23:00 - 27.06.2022 00:00 (CET/CEST)","n/e","n/e","n/e","n/e","n/e","n/e","n/e","n/e","n/e","n/e","n/e","n/e","n/e","2993","n/e","n/e","6","n/e","0","n/e","n/e","297"
"BZN|SE1","27.06.2022 00:00 - 27.06.2022 01:00 (CET/CEST)","n/e","n/e","n/e","n/e","n/e","n/e","n/e","n/e","n/e","n/e","n/e","n/e","n/e","2947","n/e","n/e","5","n/e","0","n/e","n/e","274"
"BZN|SE1","27.06.2022 01:00 - 27.06.2022 02:00 (CET/CEST)","n/e","n/e","n/e","n/e","n/e","n/e","n/e","n/e","n/e","n/e","n/e","n/e","n/e","3022","n/e","n/e","6","n/e","0","n/e","n/e","222"
"BZN|SE1","27.06.2022 02:00 - 27.06.2022 03:00 (CET/CEST)","n/e","n/e","n/e","n/e","n/e","n/e","n/e","n/e","n/e","n/e","n/e","n/e","n/e","3004","n/e","n/e","6","n/e","0","n/e","n/e","186"
"BZN|SE1","27.06.2022 03:00 - 27.06.2022 04:00 (CET/CEST)","n/e","n/e","n/e","n/e","n/e","n/e","n/e","n/e","n/e","n/e","n/e","n/e","n/e","2991","n/e","n/e","6","n/e","0","n/e","n/e","156"
"BZN|SE1","27.06.2022 04:00 - 27.06.2022 05:00 (CET/CEST)","n/e","n/e","n/e","n/e","n/e","n/e","n/e","n/e","n/e","n/e","n/e","n/e","n/e","2956","n/e","n/e","6","n/e","0","n/e","n/e","130"
"BZN|SE1","27.06.2022 05:00 - 27.06.2022 06:00 (CET/CEST)","n/e","n/e","n/e","n/e","n/e","n/e","n/e","n/e","n/e","n/e","n/e","n/e","n/e","3106","n/e","n/e","6","n/e","0","n/e","n/e","106"
"BZN|SE1","27.06.2022 06:00 - 27.06.2022 07:00 (CET/CEST)","n/e","n/e","n/e","n/e","n/e","n/e","n/e","n/e","n/e","n/e","n/e","n/e","n/e","3020","n/e","n/e","6","n/e","1","n/e","n/e","73"
"BZN|SE1","27.06.2022 07:00 - 27.06.2022 08:00 (CET/CEST)","n/e","n/e","n/e","n/e","n/e","n/e","n/e","n/e","n/e","n/e","n/e","n/e","n/e","3027","n/e","n/e","7","n/e","1","n/e","n/e","50"
"BZN|SE1","27.06.2022 08:00 - 27.06.2022 09:00 (CET/CEST)","n/e","n/e","n/e","n/e","n/e","n/e","n/e","n/e","n/e","n/e","n/e","n/e","n/e","3058","n/e","n/e","7","n/e","2","n/e","n/e","56"
"BZN|SE1","27.06.2022 09:00 - 27.06.2022 10:00 (CET/CEST)","n/e","n/e","n/e","n/e","n/e","n/e","n/e","n/e","n/e","n/e","n/e","n/e","n/e","3009","n/e","n/e","7","n/e","2","n/e","n/e","56"
"BZN|SE1","27.06.2022 10:00 - 27.06.2022 11:00 (CET/CEST)","n/e","n/e","n/e","n/e","n/e","n/e","n/e","n/e","n/e","n/e","n/e","n/e","n/e","2976","n/e","n/e","7","n/e","3","n/e","n/e","82"
"BZN|SE1","27.06.2022 11:00 - 27.06.2022 12:00 (CET/CEST)","n/e","n/e","n/e","n/e","n/e","n/e","n/e","n/e","n/e","n/e","n/e","n/e","n/e","2977","n/e","n/e","7","n/e","3","n/e","n/e","117"
"BZN|SE1","27.06.2022 12:00 - 27.06.2022 13:00 (CET/CEST)","n/e","n/e","n/e","n/e","n/e","n/e","n/e","n/e","n/e","n/e","n/e","n/e","n/e","2972","n/e","n/e","7","n/e","3","n/e","n/e","141"
"BZN|SE1","27.06.2022 13:00 - 27.06.2022 14:00 (CET/CEST)","n/e","n/e","n/e","n/e","n/e","n/e","n/e","n/e","n/e","n/e","n/e","n/e","n/e","2925","n/e","n/e","7","n/e","3","n/e","n/e","171"
"BZN|SE1","27.06.2022 14:00 - 27.06.2022 15:00 (CET/CEST)","n/e","n/e","n/e","n/e","n/e","n/e","n/e","n/e","n/e","n/e","n/e","n/e","n/e","2837","n/e","n/e","7","n/e","3","n/e","n/e","194"
"BZN|SE1","27.06.2022 15:00 - 27.06.2022 16:00 (CET/CEST)","n/e","n/e","n/e","n/e","n/e","n/e","n/e","n/e","n/e","n/e","n/e","n/e","n/e","2712","n/e","n/e","7","n/e","3","n/e","n/e","216"
"BZN|SE1","27.06.2022 16:00 - 27.06.2022 17:00 (CET/CEST)","n/e","n/e","n/e","n/e","n/e","n/e","n/e","n/e","n/e","n/e","n/e","n/e","n/e","2505","n/e","n/e","7","n/e","2","n/e","n/e","256"
"BZN|SE1","27.06.2022 17:00 - 27.06.2022 18:00 (CET/CEST)","n/e","n/e","n/e","n/e","n/e","n/e","n/e","n/e","n/e","n/e","n/e","n/e","n/e","2505","n/e","n/e","6","n/e","2","n/e","n/e","285"
"BZN|SE1","27.06.2022 18:00 - 27.06.2022 19:00 (CET/CEST)","n/e","n/e","n/e","n/e","n/e","n/e","n/e","n/e","n/e","n/e","n/e","n/e","n/e","2758","n/e","n/e","6","n/e","1","n/e","n/e","305"
"BZN|SE1","27.06.2022 19:00 - 27.06.2022 20:00 (CET/CEST)","n/e","n/e","n/e","n/e","n/e","n/e","n/e","n/e","n/e","n/e","n/e","n/e","n/e","2755","n/e","n/e","6","n/e","0","n/e","n/e","295"
"BZN|SE1","27.06.2022 20:00 - 27.06.2022 21:00 (CET/CEST)","n/e","n/e","n/e","n/e","n/e","n/e","n/e","n/e","n/e","n/e","n/e","n/e","n/e","2730","n/e","n/e","6","n/e","0","n/e","n/e","285"
"BZN|SE1","27.06.2022 21:00 - 27.06.2022 22:00 (CET/CEST)","n/e","n/e","n/e","n/e","n/e","n/e","n/e","n/e","n/e","n/e","n/e","n/e","n/e","2530","n/e","n/e","6","n/e","0","n/e","n/e","278"
"BZN|SE1","27.06.2022 22:00 - 27.06.2022 23:00 (CET/CEST)","n/e","n/e","n/e","n/e","n/e","n/e","n/e","n/e","n/e","n/e","n/e","n/e","n/e","2444","n/e","n/e","5","n/e","0","n/e","n/e","329"
"BZN|SE1","27.06.2022 23:00 - 28.06.2022 00:00 (CET/CEST)","n/e","n/e","n/e","n/e","n/e","n/e","n/e","n/e","n/e","n/e","n/e","n/e","n/e","2315","n/e","n/e","5","n/e","0","n/e","n/e","329"
"BZN|SE1","28.06.2022 00:00 - 28.06.2022 01:00 (CET/CEST)","n/e","n/e","n/e","n/e","n/e","n/e","n/e","n/e","n/e","n/e","n/e","n/e","n/e","1690","n/e","n/e","6","n/e","0","n/e","n/e","294"
"BZN|SE1","28.06.2022 01:00 - 28.06.2022 02:00 (CET/CEST)","n/e","n/e","n/e","n/e","n/e","n/e","n/e","n/e","n/e","n/e","n/e","n/e","n/e","1424","n/e","n/e","6","n/e","0","n/e","n/e","298"
"BZN|SE1","28.06.2022 02:00 - 28.06.2022 03:00 (CET/CEST)","n/e","n/e","n/e","n/e","n/e","n/e","n/e","n/e","n/e","n/e","n/e","n/e","n/e","1300","n/e","n/e","6","n/e","0","n/e","n/e","325"
"BZN|SE1","28.06.2022 03:00 - 28.06.2022 04:00 (CET/CEST)","n/e","n/e","n/e","n/e","n/e","n/e","n/e","n/e","n/e","n/e","n/e","n/e","n/e","1213","n/e","n/e","6","n/e","0","n/e","n/e","326"
"BZN|SE1","28.06.2022 04:00 - 28.06.2022 05:00 (CET/CEST)","n/e","n/e","n/e","n/e","n/e","n/e","n/e","n/e","n/e","n/e","n/e","n/e","n/e","1378","n/e","n/e","6","n/e","0","n/e","n/e","328"
"BZN|SE1","28.06.2022 05:00 - 28.06.2022 06:00 (CET/CEST)","n/e","n/e","n/e","n/e","n/e","n/e","n/e","n/e","n/e","n/e","n/e","n/e","n/e","1754","n/e","n/e","6","n/e","0","n/e","n/e","262"
"BZN|SE1","28.06.2022 06:00 - 28.06.2022 07:00 (CET/CEST)","n/e","n/e","n/e","n/e","n/e","n/e","n/e","n/e","n/e","n/e","n/e","n/e","n/e","2273","n/e","n/e","6","n/e","0","n/e","n/e","185"
"BZN|SE1","28.06.2022 07:00 - 28.06.2022 08:00 (CET/CEST)","n/e","n/e","n/e","n/e","n/e","n/e","n/e","n/e","n/e","n/e","n/e","n/e","n/e","2557","n/e","n/e","7","n/e","1","n/e","n/e","116"
"BZN|SE1","28.06.2022 08:00 - 28.06.2022 09:00 (CET/CEST)","n/e","n/e","n/e","n/e","n/e","n/e","n/e","n/e","n/e","n/e","n/e","n/e","n/e","2513","n/e","n/e","7","n/e","1","n/e","n/e","117"
"BZN|SE1","28.06.2022 09:00 - 28.06.2022 10:00 (CET/CEST)","n/e","n/e","n/e","n/e","n/e","n/e","n/e","n/e","n/e","n/e","n/e","n/e","n/e","2284","n/e","n/e","7","n/e","2","n/e","n/e","160"
"BZN|SE1","28.06.2022 10:00 - 28.06.2022 11:00 (CET/CEST)","n/e","n/e","n/e","n/e","n/e","n/e","n/e","n/e","n/e","n/e","n/e","n/e","n/e","1894","n/e","n/e","7","n/e","2","n/e","n/e","194"
"BZN|SE1","28.06.2022 11:00 - 28.06.2022 12:00 (CET/CEST)","n/e","n/e","n/e","n/e","n/e","n/e","n/e","n/e","n/e","n/e","n/e","n/e","n/e","1606","n/e","n/e","7","n/e","3","n/e","n/e","208"
"BZN|SE1","28.06.2022 12:00 - 28.06.2022 13:00 (CET/CEST)","n/e","n/e","n/e","n/e","n/e","n/e","n/e","n/e","n/e","n/e","n/e","n/e","n/e","1484","n/e","n/e","7","n/e","3","n/e","n/e","271"
"BZN|SE1","28.06.2022 13:00 - 28.06.2022 14:00 (CET/CEST)","n/e","n/e","n/e","n/e","n/e","n/e","n/e","n/e","n/e","n/e","n/e","n/e","n/e","1456","n/e","n/e","8","n/e","3","n/e","n/e","319"
"BZN|SE1","28.06.2022 14:00 - 28.06.2022 15:00 (CET/CEST)","n/e","n/e","n/e","n/e","n/e","n/e","n/e","n/e","n/e","n/e","n/e","n/e","n/e","1404","n/e","n/e","8","n/e","3","n/e","n/e","348"
"BZN|SE1","28.06.2022 15:00 - 28.06.2022 16:00 (CET/CEST)","n/e","n/e","n/e","n/e","n/e","n/e","n/e","n/e","n/e","n/e","n/e","n/e","n/e","1405","n/e","n/e","8","n/e","2","n/e","n/e","399"
"BZN|SE1","28.06.2022 16:00 - 28.06.2022 17:00 (CET/CEST)","n/e","n/e","n/e","n/e","n/e","n/e","n/e","n/e","n/e","n/e","n/e","n/e","n/e","1414","n/e","n/e","7","n/e","2","n/e","n/e","403"
"BZN|SE1","28.06.2022 17:00 - 28.06.2022 18:00 (CET/CEST)","n/e","n/e","n/e","n/e","n/e","n/e","n/e","n/e","n/e","n/e","n/e","n/e","n/e","1431","n/e","n/e","7","n/e","2","n/e","n/e","448"
"BZN|SE1","28.06.2022 18:00 - 28.06.2022 19:00 (CET/CEST)","n/e","n/e","n/e","n/e","n/e","n/e","n/e","n/e","n/e","n/e","n/e","n/e","n/e","1587","n/e","n/e","7","n/e","1","n/e","n/e","440"
"BZN|SE1","28.06.2022 19:00 - 28.06.2022 20:00 (CET/CEST)","n/e","n/e","n/e","n/e","n/e","n/e","n/e","n/e","n/e","n/e","n/e","n/e","n/e","1727","n/e","n/e","6","n/e","0","n/e","n/e","374"
"BZN|SE1","28.06.2022 20:00 - 28.06.2022 21:00 (CET/CEST)","n/e","n/e","n/e","n/e","n/e","n/e","n/e","n/e","n/e","n/e","n/e","n/e","n/e","1772","n/e","n/e","7","n/e","0","n/e","n/e","332"
"BZN|SE1","28.06.2022 21:00 - 28.06.2022 22:00 (CET/CEST)","n/e","n/e","n/e","n/e","n/e","n/e","n/e","n/e","n/e","n/e","n/e","n/e","n/e","1937","n/e","n/e","7","n/e","0","n/e","n/e","352"
"BZN|SE1","28.06.2022 22:00 - 28.06.2022 23:00 (CET/CEST)","n/e","n/e","n/e","n/e","n/e","n/e","n/e","n/e","n/e","n/e","n/e","n/e","n/e","1938","n/e","n/e","6","n/e","0","n/e","n/e","396"
"BZN|SE1","28.06.2022 23:00 - 29.06.2022 00:00 (CET/CEST)","n/e","n/e","n/e","n/e","n/e","n/e","n/e","n/e","n/e","n/e","n/e","n/e","n/e","2028","n/e","n/e","6","n/e","0","n/e","n/e","470"
"BZN|SE1","29.06.2022 00:00 - 29.06.2022 01:00 (CET/CEST)","n/e","n/e","n/e","n/e","n/e","n/e","n/e","n/e","n/e","n/e","n/e","n/e","n/e","1889","n/e","n/e","7","n/e","0","n/e","n/e","504"
"BZN|SE1","29.06.2022 01:00 - 29.06.2022 02:00 (CET/CEST)","n/e","n/e","n/e","n/e","n/e","n/e","n/e","n/e","n/e","n/e","n/e","n/e","n/e","1885","n/e","n/e","7","n/e","0","n/e","n/e","569"
"BZN|SE1","29.06.2022 02:00 - 29.06.2022 03:00 (CET/CEST)","n/e","n/e","n/e","n/e","n/e","n/e","n/e","n/e","n/e","n/e","n/e","n/e","n/e","1871","n/e","n/e","7","n/e","0","n/e","n/e","568"
"BZN|SE1","29.06.2022 03:00 - 29.06.2022 04:00 (CET/CEST)","n/e","n/e","n/e","n/e","n/e","n/e","n/e","n/e","n/e","n/e","n/e","n/e","n/e","2079","n/e","n/e","7","n/e","0","n/e","n/e","451"
"BZN|SE1","29.06.2022 04:00 - 29.06.2022 05:00 (CET/CEST)","n/e","n/e","n/e","n/e","n/e","n/e","n/e","n/e","n/e","n/e","n/e","n/e","n/e","2300","n/e","n/e","7","n/e","0","n/e","n/e","352"
"BZN|SE1","29.06.2022 05:00 - 29.06.2022 06:00 (CET/CEST)","n/e","n/e","n/e","n/e","n/e","n/e","n/e","n/e","n/e","n/e","n/e","n/e","n/e","2902","n/e","n/e","7","n/e","0","n/e","n/e","295"
"BZN|SE1","29.06.2022 06:00 - 29.06.2022 07:00 (CET/CEST)","n/e","n/e","n/e","n/e","n/e","n/e","n/e","n/e","n/e","n/e","n/e","n/e","n/e","2936","n/e","n/e","7","n/e","0","n/e","n/e","198"
"BZN|SE1","29.06.2022 07:00 - 29.06.2022 08:00 (CET/CEST)","n/e","n/e","n/e","n/e","n/e","n/e","n/e","n/e","n/e","n/e","n/e","n/e","n/e","3034","n/e","n/e","8","n/e","1","n/e","n/e","157"
"BZN|SE1","29.06.2022 08:00 - 29.06.2022 09:00 (CET/CEST)","n/e","n/e","n/e","n/e","n/e","n/e","n/e","n/e","n/e","n/e","n/e","n/e","n/e","3182","n/e","n/e","8","n/e","1","n/e","n/e","146"
"BZN|SE1","29.06.2022 09:00 - 29.06.2022 10:00 (CET/CEST)","n/e","n/e","n/e","n/e","n/e","n/e","n/e","n/e","n/e","n/e","n/e","n/e","n/e","3204","n/e","n/e","8","n/e","2","n/e","n/e","149"
"BZN|SE1","29.06.2022 10:00 - 29.06.2022 11:00 (CET/CEST)","n/e","n/e","n/e","n/e","n/e","n/e","n/e","n/e","n/e","n/e","n/e","n/e","n/e","3202","n/e","n/e","8","n/e","2","n/e","n/e","164"
"BZN|SE1","29.06.2022 11:00 - 29.06.2022 12:00 (CET/CEST)","n/e","n/e","n/e","n/e","n/e","n/e","n/e","n/e","n/e","n/e","n/e","n/e","n/e","3200","n/e","n/e","8","n/e","3","n/e","n/e","220"
"BZN|SE1","29.06.2022 12:00 - 29.06.2022 13:00 (CET/CEST)","n/e","n/e","n/e","n/e","n/e","n/e","n/e","n/e","n/e","n/e","n/e","n/e","n/e","3132","n/e","n/e","7","n/e","3","n/e","n/e","289"
"BZN|SE1","29.06.2022 13:00 - 29.06.2022 14:00 (CET/CEST)","n/e","n/e","n/e","n/e","n/e","n/e","n/e","n/e","n/e","n/e","n/e","n/e","n/e","3060","n/e","n/e","8","n/e","3","n/e","n/e","299"
"BZN|SE1","29.06.2022 14:00 - 29.06.2022 15:00 (CET/CEST)","n/e","n/e","n/e","n/e","n/e","n/e","n/e","n/e","n/e","n/e","n/e","n/e","n/e","2974","n/e","n/e","8","n/e","3","n/e","n/e","351"
"BZN|SE1","29.06.2022 15:00 - 29.06.2022 16:00 (CET/CEST)","n/e","n/e","n/e","n/e","n/e","n/e","n/e","n/e","n/e","n/e","n/e","n/e","n/e","2898","n/e","n/e","8","n/e","2","n/e","n/e","389"
"BZN|SE1","29.06.2022 16:00 - 29.06.2022 17:00 (CET/CEST)","n/e","n/e","n/e","n/e","n/e","n/e","n/e","n/e","n/e","n/e","n/e","n/e","n/e","3022","n/e","n/e","7","n/e","2","n/e","n/e","350"
"BZN|SE1","29.06.2022 17:00 - 29.06.2022 18:00 (CET/CEST)","n/e","n/e","n/e","n/e","n/e","n/e","n/e","n/e","n/e","n/e","n/e","n/e","n/e","3014","n/e","n/e","7","n/e","1","n/e","n/e","199"
"BZN|SE1","29.06.2022 18:00 - 29.06.2022 19:00 (CET/CEST)","n/e","n/e","n/e","n/e","n/e","n/e","n/e","n/e","n/e","n/e","n/e","n/e","n/e","3013","n/e","n/e","7","n/e","1","n/e","n/e","143"
"BZN|SE1","29.06.2022 19:00 - 29.06.2022 20:00 (CET/CEST)","n/e","n/e","n/e","n/e","n/e","n/e","n/e","n/e","n/e","n/e","n/e","n/e","n/e","3015","n/e","n/e","6","n/e","0","n/e","n/e","120"
"BZN|SE1","29.06.2022 20:00 - 29.06.2022 21:00 (CET/CEST)","n/e","n/e","n/e","n/e","n/e","n/e","n/e","n/e","n/e","n/e","n/e","n/e","n/e","3073","n/e","n/e","7","n/e","0","n/e","n/e","87"
"BZN|SE1","29.06.2022 21:00 - 29.06.2022 22:00 (CET/CEST)","n/e","n/e","n/e","n/e","n/e","n/e","n/e","n/e","n/e","n/e","n/e","n/e","n/e","3116","n/e","n/e","7","n/e","0","n/e","n/e","89"
"BZN|SE1","29.06.2022 22:00 - 29.06.2022 23:00 (CET/CEST)","n/e","n/e","n/e","n/e","n/e","n/e","n/e","n/e","n/e","n/e","n/e","n/e","n/e","3068","n/e","n/e","6","n/e","0","n/e","n/e","92"
"BZN|SE1","29.06.2022 23:00 - 30.06.2022 00:00 (CET/CEST)","n/e","n/e","n/e","n/e","n/e","n/e","n/e","n/e","n/e","n/e","n/e","n/e","n/e","3052","n/e","n/e","6","n/e","0","n/e","n/e","106"
"BZN|SE1","30.06.2022 00:00 - 30.06.2022 01:00 (CET/CEST)","n/e","n/e","n/e","n/e","n/e","n/e","n/e","n/e","n/e","n/e","n/e","n/e","n/e","2998","n/e","n/e","5","n/e","0","n/e","n/e","93"
"BZN|SE1","30.06.2022 01:00 - 30.06.2022 02:00 (CET/CEST)","n/e","n/e","n/e","n/e","n/e","n/e","n/e","n/e","n/e","n/e","n/e","n/e","n/e","3038","n/e","n/e","6","n/e","0","n/e","n/e","106"
"BZN|SE1","30.06.2022 02:00 - 30.06.2022 03:00 (CET/CEST)","n/e","n/e","n/e","n/e","n/e","n/e","n/e","n/e","n/e","n/e","n/e","n/e","n/e","2982","n/e","n/e","6","n/e","0","n/e","n/e","91"
"BZN|SE1","30.06.2022 03:00 - 30.06.2022 04:00 (CET/CEST)","n/e","n/e","n/e","n/e","n/e","n/e","n/e","n/e","n/e","n/e","n/e","n/e","n/e","2991","n/e","n/e","6","n/e","0","n/e","n/e","52"
"BZN|SE1","30.06.2022 04:00 - 30.06.2022 05:00 (CET/CEST)","n/e","n/e","n/e","n/e","n/e","n/e","n/e","n/e","n/e","n/e","n/e","n/e","n/e","2985","n/e","n/e","6","n/e","0","n/e","n/e","44"
"BZN|SE1","30.06.2022 05:00 - 30.06.2022 06:00 (CET/CEST)","n/e","n/e","n/e","n/e","n/e","n/e","n/e","n/e","n/e","n/e","n/e","n/e","n/e","3026","n/e","n/e","6","n/e","0","n/e","n/e","38"
"BZN|SE1","30.06.2022 06:00 - 30.06.2022 07:00 (CET/CEST)","n/e","n/e","n/e","n/e","n/e","n/e","n/e","n/e","n/e","n/e","n/e","n/e","n/e","2915","n/e","n/e","6","n/e","1","n/e","n/e","17"
"BZN|SE1","30.06.2022 07:00 - 30.06.2022 08:00 (CET/CEST)","n/e","n/e","n/e","n/e","n/e","n/e","n/e","n/e","n/e","n/e","n/e","n/e","n/e","2948","n/e","n/e","6","n/e","1","n/e","n/e","11"
"BZN|SE1","30.06.2022 08:00 - 30.06.2022 09:00 (CET/CEST)","n/e","n/e","n/e","n/e","n/e","n/e","n/e","n/e","n/e","n/e","n/e","n/e","n/e","3058","n/e","n/e","7","n/e","1","n/e","n/e","11"
"BZN|SE1","30.06.2022 09:00 - 30.06.2022 10:00 (CET/CEST)","n/e","n/e","n/e","n/e","n/e","n/e","n/e","n/e","n/e","n/e","n/e","n/e","n/e","3075","n/e","n/e","7","n/e","2","n/e","n/e","19"
"BZN|SE1","30.06.2022 10:00 - 30.06.2022 11:00 (CET/CEST)","n/e","n/e","n/e","n/e","n/e","n/e","n/e","n/e","n/e","n/e","n/e","n/e","n/e","3081","n/e","n/e","7","n/e","3","n/e","n/e","34"
"BZN|SE1","30.06.2022 11:00 - 30.06.2022 12:00 (CET/CEST)","n/e","n/e","n/e","n/e","n/e","n/e","n/e","n/e","n/e","n/e","n/e","n/e","n/e","3030","n/e","n/e","7","n/e","3","n/e","n/e","48"
"BZN|SE1","30.06.2022 12:00 - 30.06.2022 13:00 (CET/CEST)","n/e","n/e","n/e","n/e","n/e","n/e","n/e","n/e","n/e","n/e","n/e","n/e","n/e","3010","n/e","n/e","7","n/e","3","n/e","n/e","60"
"BZN|SE1","30.06.2022 13:00 - 30.06.2022 14:00 (CET/CEST)","n/e","n/e","n/e","n/e","n/e","n/e","n/e","n/e","n/e","n/e","n/e","n/e","n/e","2795","n/e","n/e","7","n/e","3","n/e","n/e","90"
"BZN|SE1","30.06.2022 14:00 - 30.06.2022 15:00 (CET/CEST)","n/e","n/e","n/e","n/e","n/e","n/e","n/e","n/e","n/e","n/e","n/e","n/e","n/e","2736","n/e","n/e","7","n/e","3","n/e","n/e","177"
"BZN|SE1","30.06.2022 15:00 - 30.06.2022 16:00 (CET/CEST)","n/e","n/e","n/e","n/e","n/e","n/e","n/e","n/e","n/e","n/e","n/e","n/e","n/e","2738","n/e","n/e","7","n/e","2","n/e","n/e","332"
"BZN|SE1","30.06.2022 16:00 - 30.06.2022 17:00 (CET/CEST)","n/e","n/e","n/e","n/e","n/e","n/e","n/e","n/e","n/e","n/e","n/e","n/e","n/e","2717","n/e","n/e","7","n/e","2","n/e","n/e","135"
"BZN|SE1","30.06.2022 17:00 - 30.06.2022 18:00 (CET/CEST)","n/e","n/e","n/e","n/e","n/e","n/e","n/e","n/e","n/e","n/e","n/e","n/e","n/e","2764","n/e","n/e","6","n/e","1","n/e","n/e","85"
"BZN|SE1","30.06.2022 18:00 - 30.06.2022 19:00 (CET/CEST)","n/e","n/e","n/e","n/e","n/e","n/e","n/e","n/e","n/e","n/e","n/e","n/e","n/e","2759","n/e","n/e","6","n/e","1","n/e","n/e","99"
"BZN|SE1","30.06.2022 19:00 - 30.06.2022 20:00 (CET/CEST)","n/e","n/e","n/e","n/e","n/e","n/e","n/e","n/e","n/e","n/e","n/e","n/e","n/e","2717","n/e","n/e","6","n/e","0","n/e","n/e","100"
"BZN|SE1","30.06.2022 20:00 - 30.06.2022 21:00 (CET/CEST)","n/e","n/e","n/e","n/e","n/e","n/e","n/e","n/e","n/e","n/e","n/e","n/e","n/e","2684","n/e","n/e","6","n/e","0","n/e","n/e","179"
"BZN|SE1","30.06.2022 21:00 - 30.06.2022 22:00 (CET/CEST)","n/e","n/e","n/e","n/e","n/e","n/e","n/e","n/e","n/e","n/e","n/e","n/e","n/e","2736","n/e","n/e","5","n/e","0","n/e","n/e","121"
"BZN|SE1","30.06.2022 22:00 - 30.06.2022 23:00 (CET/CEST)","n/e","n/e","n/e","n/e","n/e","n/e","n/e","n/e","n/e","n/e","n/e","n/e","n/e","2709","n/e","n/e","5","n/e","0","n/e","n/e","143"
"BZN|SE1","30.06.2022 23:00 - 01.07.2022 00:00 (CET/CEST)","n/e","n/e","n/e","n/e","n/e","n/e","n/e","n/e","n/e","n/e","n/e","n/e","n/e","2551","n/e","n/e","5","n/e","0","n/e","n/e","194"
"BZN|SE1","01.07.2022 00:00 - 01.07.2022 01:00 (CET/CEST)","n/e","n/e","n/e","n/e","n/e","n/e","n/e","n/e","n/e","n/e","n/e","n/e","n/e","2442","n/e","n/e","5","n/e","0","n/e","n/e","199"
"BZN|SE1","01.07.2022 01:00 - 01.07.2022 02:00 (CET/CEST)","n/e","n/e","n/e","n/e","n/e","n/e","n/e","n/e","n/e","n/e","n/e","n/e","n/e","2440","n/e","n/e","5","n/e","0","n/e","n/e","200"
"BZN|SE1","01.07.2022 02:00 - 01.07.2022 03:00 (CET/CEST)","n/e","n/e","n/e","n/e","n/e","n/e","n/e","n/e","n/e","n/e","n/e","n/e","n/e","2207","n/e","n/e","5","n/e","0","n/e","n/e","157"
"BZN|SE1","01.07.2022 03:00 - 01.07.2022 04:00 (CET/CEST)","n/e","n/e","n/e","n/e","n/e","n/e","n/e","n/e","n/e","n/e","n/e","n/e","n/e","2134","n/e","n/e","5","n/e","0","n/e","n/e","88"
"BZN|SE1","01.07.2022 04:00 - 01.07.2022 05:00 (CET/CEST)","n/e","n/e","n/e","n/e","n/e","n/e","n/e","n/e","n/e","n/e","n/e","n/e","n/e","2095","n/e","n/e","5","n/e","0","n/e","n/e","61"
"BZN|SE1","01.07.2022 05:00 - 01.07.2022 06:00 (CET/CEST)","n/e","n/e","n/e","n/e","n/e","n/e","n/e","n/e","n/e","n/e","n/e","n/e","n/e","2312","n/e","n/e","5","n/e","0","n/e","n/e","67"
"BZN|SE1","01.07.2022 06:00 - 01.07.2022 07:00 (CET/CEST)","n/e","n/e","n/e","n/e","n/e","n/e","n/e","n/e","n/e","n/e","n/e","n/e","n/e","2623","n/e","n/e","6","n/e","1","n/e","n/e","72"
"BZN|SE1","01.07.2022 07:00 - 01.07.2022 08:00 (CET/CEST)","n/e","n/e","n/e","n/e","n/e","n/e","n/e","n/e","n/e","n/e","n/e","n/e","n/e","2922","n/e","n/e","6","n/e","1","n/e","n/e","61"
"BZN|SE1","01.07.2022 08:00 - 01.07.2022 09:00 (CET/CEST)","n/e","n/e","n/e","n/e","n/e","n/e","n/e","n/e","n/e","n/e","n/e","n/e","n/e","2962","n/e","n/e","6","n/e","1","n/e","n/e","60"
"BZN|SE1","01.07.2022 09:00 - 01.07.2022 10:00 (CET/CEST)","n/e","n/e","n/e","n/e","n/e","n/e","n/e","n/e","n/e","n/e","n/e","n/e","n/e","2829","n/e","n/e","6","n/e","2","n/e","n/e","63"
"BZN|SE1","01.07.2022 10:00 - 01.07.2022 11:00 (CET/CEST)","n/e","n/e","n/e","n/e","n/e","n/e","n/e","n/e","n/e","n/e","n/e","n/e","n/e","2764","n/e","n/e","6","n/e","2","n/e","n/e","82"
"BZN|SE1","01.07.2022 11:00 - 01.07.2022 12:00 (CET/CEST)","n/e","n/e","n/e","n/e","n/e","n/e","n/e","n/e","n/e","n/e","n/e","n/e","n/e","2416","n/e","n/e","7","n/e","3","n/e","n/e","114"
"BZN|SE1","01.07.2022 12:00 - 01.07.2022 13:00 (CET/CEST)","n/e","n/e","n/e","n/e","n/e","n/e","n/e","n/e","n/e","n/e","n/e","n/e","n/e","2207","n/e","n/e","7","n/e","3","n/e","n/e","141"
"BZN|SE1","01.07.2022 13:00 - 01.07.2022 14:00 (CET/CEST)","n/e","n/e","n/e","n/e","n/e","n/e","n/e","n/e","n/e","n/e","n/e","n/e","n/e","1910","n/e","n/e","7","n/e","3","n/e","n/e","194"
"BZN|SE1","01.07.2022 14:00 - 01.07.2022 15:00 (CET/CEST)","n/e","n/e","n/e","n/e","n/e","n/e","n/e","n/e","n/e","n/e","n/e","n/e","n/e","1804","n/e","n/e","7","n/e","3","n/e","n/e","237"
"BZN|SE1","01.07.2022 15:00 - 01.07.2022 16:00 (CET/CEST)","n/e","n/e","n/e","n/e","n/e","n/e","n/e","n/e","n/e","n/e","n/e","n/e","n/e","1675","n/e","n/e","8","n/e","2","n/e","n/e","264"
"BZN|SE1","01.07.2022 16:00 - 01.07.2022 17:00 (CET/CEST)","n/e","n/e","n/e","n/e","n/e","n/e","n/e","n/e","n/e","n/e","n/e","n/e","n/e","1676","n/e","n/e","7","n/e","2","n/e","n/e","273"
"BZN|SE1","01.07.2022 17:00 - 01.07.2022 18:00 (CET/CEST)","n/e","n/e","n/e","n/e","n/e","n/e","n/e","n/e","n/e","n/e","n/e","n/e","n/e","1734","n/e","n/e","7","n/e","2","n/e","n/e","262"
"BZN|SE1","01.07.2022 18:00 - 01.07.2022 19:00 (CET/CEST)","n/e","n/e","n/e","n/e","n/e","n/e","n/e","n/e","n/e","n/e","n/e","n/e","n/e","1754","n/e","n/e","7","n/e","1","n/e","n/e","248"
"BZN|SE1","01.07.2022 19:00 - 01.07.2022 20:00 (CET/CEST)","n/e","n/e","n/e","n/e","n/e","n/e","n/e","n/e","n/e","n/e","n/e","n/e","n/e","1750","n/e","n/e","6","n/e","0","n/e","n/e","219"
"BZN|SE1","01.07.2022 20:00 - 01.07.2022 21:00 (CET/CEST)","n/e","n/e","n/e","n/e","n/e","n/e","n/e","n/e","n/e","n/e","n/e","n/e","n/e","1654","n/e","n/e","6","n/e","0","n/e","n/e","269"
"BZN|SE1","01.07.2022 21:00 - 01.07.2022 22:00 (CET/CEST)","n/e","n/e","n/e","n/e","n/e","n/e","n/e","n/e","n/e","n/e","n/e","n/e","n/e","1665","n/e","n/e","6","n/e","0","n/e","n/e","311"
"BZN|SE1","01.07.2022 22:00 - 01.07.2022 23:00 (CET/CEST)","n/e","n/e","n/e","n/e","n/e","n/e","n/e","n/e","n/e","n/e","n/e","n/e","n/e","1588","n/e","n/e","6","n/e","0","n/e","n/e","351"
"BZN|SE1","01.07.2022 23:00 - 02.07.2022 00:00 (CET/CEST)","n/e","n/e","n/e","n/e","n/e","n/e","n/e","n/e","n/e","n/e","n/e","n/e","n/e","1584","n/e","n/e","6","n/e","0","n/e","n/e","354"
"BZN|SE1","02.07.2022 00:00 - 02.07.2022 01:00 (CET/CEST)","n/e","n/e","n/e","n/e","n/e","n/e","n/e","n/e","n/e","n/e","n/e","n/e","n/e","1447","n/e","n/e","6","n/e","0","n/e","n/e","317"
"BZN|SE1","02.07.2022 01:00 - 02.07.2022 02:00 (CET/CEST)","n/e","n/e","n/e","n/e","n/e","n/e","n/e","n/e","n/e","n/e","n/e","n/e","n/e","1391","n/e","n/e","6","n/e","0","n/e","n/e","318"
"BZN|SE1","02.07.2022 02:00 - 02.07.2022 03:00 (CET/CEST)","n/e","n/e","n/e","n/e","n/e","n/e","n/e","n/e","n/e","n/e","n/e","n/e","n/e","1386","n/e","n/e","6","n/e","0","n/e","n/e","305"
"BZN|SE1","02.07.2022 03:00 - 02.07.2022 04:00 (CET/CEST)","n/e","n/e","n/e","n/e","n/e","n/e","n/e","n/e","n/e","n/e","n/e","n/e","n/e","1240","n/e","n/e","6","n/e","0","n/e","n/e","326"
"BZN|SE1","02.07.2022 04:00 - 02.07.2022 05:00 (CET/CEST)","n/e","n/e","n/e","n/e","n/e","n/e","n/e","n/e","n/e","n/e","n/e","n/e","n/e","1235","n/e","n/e","6","n/e","0","n/e","n/e","343"
"BZN|SE1","02.07.2022 05:00 - 02.07.2022 06:00 (CET/CEST)","n/e","n/e","n/e","n/e","n/e","n/e","n/e","n/e","n/e","n/e","n/e","n/e","n/e","1282","n/e","n/e","6","n/e","0","n/e","n/e","327"
"BZN|SE1","02.07.2022 06:00 - 02.07.2022 07:00 (CET/CEST)","n/e","n/e","n/e","n/e","n/e","n/e","n/e","n/e","n/e","n/e","n/e","n/e","n/e","1282","n/e","n/e","6","n/e","0","n/e","n/e","266"
"BZN|SE1","02.07.2022 07:00 - 02.07.2022 08:00 (CET/CEST)","n/e","n/e","n/e","n/e","n/e","n/e","n/e","n/e","n/e","n/e","n/e","n/e","n/e","1329","n/e","n/e","7","n/e","1","n/e","n/e","240"
"BZN|SE1","02.07.2022 08:00 - 02.07.2022 09:00 (CET/CEST)","n/e","n/e","n/e","n/e","n/e","n/e","n/e","n/e","n/e","n/e","n/e","n/e","n/e","1759","n/e","n/e","7","n/e","1","n/e","n/e","216"
"BZN|SE1","02.07.2022 09:00 - 02.07.2022 10:00 (CET/CEST)","n/e","n/e","n/e","n/e","n/e","n/e","n/e","n/e","n/e","n/e","n/e","n/e","n/e","1892","n/e","n/e","7","n/e","2","n/e","n/e","270"
"BZN|SE1","02.07.2022 10:00 - 02.07.2022 11:00 (CET/CEST)","n/e","n/e","n/e","n/e","n/e","n/e","n/e","n/e","n/e","n/e","n/e","n/e","n/e","1762","n/e","n/e","6","n/e","2","n/e","n/e","322"
"BZN|SE1","02.07.2022 11:00 - 02.07.2022 12:00 (CET/CEST)","n/e","n/e","n/e","n/e","n/e","n/e","n/e","n/e","n/e","n/e","n/e","n/e","n/e","1571","n/e","n/e","6","n/e","2","n/e","n/e","363"
"BZN|SE1","02.07.2022 12:00 - 02.07.2022 13:00 (CET/CEST)","n/e","n/e","n/e","n/e","n/e","n/e","n/e","n/e","n/e","n/e","n/e","n/e","n/e","1543","n/e","n/e","6","n/e","3","n/e","n/e","437"
"BZN|SE1","02.07.2022 13:00 - 02.07.2022 14:00 (CET/CEST)","n/e","n/e","n/e","n/e","n/e","n/e","n/e","n/e","n/e","n/e","n/e","n/e","n/e","1424","n/e","n/e","7","n/e","3","n/e","n/e","542"
"BZN|SE1","02.07.2022 14:00 - 02.07.2022 15:00 (CET/CEST)","n/e","n/e","n/e","n/e","n/e","n/e","n/e","n/e","n/e","n/e","n/e","n/e","n/e","1232","n/e","n/e","7","n/e","3","n/e","n/e","583"
"BZN|SE1","02.07.2022 15:00 - 02.07.2022 16:00 (CET/CEST)","n/e","n/e","n/e","n/e","n/e","n/e","n/e","n/e","n/e","n/e","n/e","n/e","n/e","1138","n/e","n/e","7","n/e","2","n/e","n/e","727"
"BZN|SE1","02.07.2022 16:00 - 02.07.2022 17:00 (CET/CEST)","n/e","n/e","n/e","n/e","n/e","n/e","n/e","n/e","n/e","n/e","n/e","n/e","n/e","1133","n/e","n/e","6","n/e","2","n/e","n/e","731"
"BZN|SE1","02.07.2022 17:00 - 02.07.2022 18:00 (CET/CEST)","n/e","n/e","n/e","n/e","n/e","n/e","n/e","n/e","n/e","n/e","n/e","n/e","n/e","1120","n/e","n/e","5","n/e","1","n/e","n/e","754"
"BZN|SE1","02.07.2022 18:00 - 02.07.2022 19:00 (CET/CEST)","n/e","n/e","n/e","n/e","n/e","n/e","n/e","n/e","n/e","n/e","n/e","n/e","n/e","1102","n/e","n/e","5","n/e","1","n/e","n/e","665"
"BZN|SE1","02.07.2022 19:00 - 02.07.2022 20:00 (CET/CEST)","n/e","n/e","n/e","n/e","n/e","n/e","n/e","n/e","n/e","n/e","n/e","n/e","n/e","1109","n/e","n/e","5","n/e","0","n/e","n/e","696"
"BZN|SE1","02.07.2022 20:00 - 02.07.2022 21:00 (CET/CEST)","n/e","n/e","n/e","n/e","n/e","n/e","n/e","n/e","n/e","n/e","n/e","n/e","n/e","1126","n/e","n/e","5","n/e","0","n/e","n/e","738"
"BZN|SE1","02.07.2022 21:00 - 02.07.2022 22:00 (CET/CEST)","n/e","n/e","n/e","n/e","n/e","n/e","n/e","n/e","n/e","n/e","n/e","n/e","n/e","1131","n/e","n/e","5","n/e","0","n/e","n/e","777"
"BZN|SE1","02.07.2022 22:00 - 02.07.2022 23:00 (CET/CEST)","n/e","n/e","n/e","n/e","n/e","n/e","n/e","n/e","n/e","n/e","n/e","n/e","n/e","1110","n/e","n/e","5","n/e","0","n/e","n/e","799"
"BZN|SE1","02.07.2022 23:00 - 03.07.2022 00:00 (CET/CEST)","n/e","n/e","n/e","n/e","n/e","n/e","n/e","n/e","n/e","n/e","n/e","n/e","n/e","1138","n/e","n/e","5","n/e","0","n/e","n/e","842"
"BZN|SE1","03.07.2022 00:00 - 03.07.2022 01:00 (CET/CEST)","n/e","n/e","n/e","n/e","n/e","n/e","n/e","n/e","n/e","n/e","n/e","n/e","n/e","1183","n/e","n/e","5","n/e","0","n/e","n/e","827"
"BZN|SE1","03.07.2022 01:00 - 03.07.2022 02:00 (CET/CEST)","n/e","n/e","n/e","n/e","n/e","n/e","n/e","n/e","n/e","n/e","n/e","n/e","n/e","1180","n/e","n/e","5","n/e","0","n/e","n/e","802"
"BZN|SE1","03.07.2022 02:00 - 03.07.2022 03:00 (CET/CEST)","n/e","n/e","n/e","n/e","n/e","n/e","n/e","n/e","n/e","n/e","n/e","n/e","n/e","1179","n/e","n/e","4","n/e","0","n/e","n/e","756"
"BZN|SE1","03.07.2022 03:00 - 03.07.2022 04:00 (CET/CEST)","n/e","n/e","n/e","n/e","n/e","n/e","n/e","n/e","n/e","n/e","n/e","n/e","n/e","1180","n/e","n/e","4","n/e","0","n/e","n/e","695"
"BZN|SE1","03.07.2022 04:00 - 03.07.2022 05:00 (CET/CEST)","n/e","n/e","n/e","n/e","n/e","n/e","n/e","n/e","n/e","n/e","n/e","n/e","n/e","1180","n/e","n/e","5","n/e","0","n/e","n/e","647"
"BZN|SE1","03.07.2022 05:00 - 03.07.2022 06:00 (CET/CEST)","n/e","n/e","n/e","n/e","n/e","n/e","n/e","n/e","n/e","n/e","n/e","n/e","n/e","1184","n/e","n/e","5","n/e","0","n/e","n/e","563"
"BZN|SE1","03.07.2022 06:00 - 03.07.2022 07:00 (CET/CEST)","n/e","n/e","n/e","n/e","n/e","n/e","n/e","n/e","n/e","n/e","n/e","n/e","n/e","1193","n/e","n/e","5","n/e","0","n/e","n/e","495"
"BZN|SE1","03.07.2022 07:00 - 03.07.2022 08:00 (CET/CEST)","n/e","n/e","n/e","n/e","n/e","n/e","n/e","n/e","n/e","n/e","n/e","n/e","n/e","1206","n/e","n/e","5","n/e","1","n/e","n/e","519"
"BZN|SE1","03.07.2022 08:00 - 03.07.2022 09:00 (CET/CEST)","n/e","n/e","n/e","n/e","n/e","n/e","n/e","n/e","n/e","n/e","n/e","n/e","n/e","1470","n/e","n/e","5","n/e","2","n/e","n/e","566"
"BZN|SE1","03.07.2022 09:00 - 03.07.2022 10:00 (CET/CEST)","n/e","n/e","n/e","n/e","n/e","n/e","n/e","n/e","n/e","n/e","n/e","n/e","n/e","1468","n/e","n/e","6","n/e","2","n/e","n/e","560"
"BZN|SE1","03.07.2022 10:00 - 03.07.2022 11:00 (CET/CEST)","n/e","n/e","n/e","n/e","n/e","n/e","n/e","n/e","n/e","n/e","n/e","n/e","n/e","1470","n/e","n/e","6","n/e","3","n/e","n/e","545"
"BZN|SE1","03.07.2022 11:00 - 03.07.2022 12:00 (CET/CEST)","n/e","n/e","n/e","n/e","n/e","n/e","n/e","n/e","n/e","n/e","n/e","n/e","n/e","1269","n/e","n/e","6","n/e","3","n/e","n/e","530"
"BZN|SE1","03.07.2022 12:00 - 03.07.2022 13:00 (CET/CEST)","n/e","n/e","n/e","n/e","n/e","n/e","n/e","n/e","n/e","n/e","n/e","n/e","n/e","1218","n/e","n/e","6","n/e","4","n/e","n/e","489"
"BZN|SE1","03.07.2022 13:00 - 03.07.2022 14:00 (CET/CEST)","n/e","n/e","n/e","n/e","n/e","n/e","n/e","n/e","n/e","n/e","n/e","n/e","n/e","1219","n/e","n/e","6","n/e","3","n/e","n/e","495"
"BZN|SE1","03.07.2022 14:00 - 03.07.2022 15:00 (CET/CEST)","n/e","n/e","n/e","n/e","n/e","n/e","n/e","n/e","n/e","n/e","n/e","n/e","n/e","1213","n/e","n/e","6","n/e","3","n/e","n/e","532"
"BZN|SE1","03.07.2022 15:00 - 03.07.2022 16:00 (CET/CEST)","n/e","n/e","n/e","n/e","n/e","n/e","n/e","n/e","n/e","n/e","n/e","n/e","n/e","1172","n/e","n/e","6","n/e","3","n/e","n/e","575"
"BZN|SE1","03.07.2022 16:00 - 03.07.2022 17:00 (CET/CEST)","n/e","n/e","n/e","n/e","n/e","n/e","n/e","n/e","n/e","n/e","n/e","n/e","n/e","1298","n/e","n/e","6","n/e","2","n/e","n/e","564"
"BZN|SE1","03.07.2022 17:00 - 03.07.2022 18:00 (CET/CEST)","n/e","n/e","n/e","n/e","n/e","n/e","n/e","n/e","n/e","n/e","n/e","n/e","n/e","1363","n/e","n/e","5","n/e","1","n/e","n/e","561"
"BZN|SE1","03.07.2022 18:00 - 03.07.2022 19:00 (CET/CEST)","n/e","n/e","n/e","n/e","n/e","n/e","n/e","n/e","n/e","n/e","n/e","n/e","n/e","1602","n/e","n/e","5","n/e","1","n/e","n/e","507"
"BZN|SE1","03.07.2022 19:00 - 03.07.2022 20:00 (CET/CEST)","n/e","n/e","n/e","n/e","n/e","n/e","n/e","n/e","n/e","n/e","n/e","n/e","n/e","1602","n/e","n/e","5","n/e","0","n/e","n/e","453"
"BZN|SE1","03.07.2022 20:00 - 03.07.2022 21:00 (CET/CEST)","n/e","n/e","n/e","n/e","n/e","n/e","n/e","n/e","n/e","n/e","n/e","n/e","n/e","1605","n/e","n/e","5","n/e","0","n/e","n/e","457"
"BZN|SE1","03.07.2022 21:00 - 03.07.2022 22:00 (CET/CEST)","n/e","n/e","n/e","n/e","n/e","n/e","n/e","n/e","n/e","n/e","n/e","n/e","n/e","1611","n/e","n/e","5","n/e","0","n/e","n/e","503"
"BZN|SE1","03.07.2022 22:00 - 03.07.2022 23:00 (CET/CEST)","n/e","n/e","n/e","n/e","n/e","n/e","n/e","n/e","n/e","n/e","n/e","n/e","n/e","1627","n/e","n/e","4","n/e","0","n/e","n/e","572"
"BZN|SE1","03.07.2022 23:00 - 04.07.2022 00:00 (CET/CEST)","n/e","n/e","n/e","n/e","n/e","n/e","n/e","n/e","n/e","n/e","n/e","n/e","n/e","1560","n/e","n/e","4","n/e","0","n/e","n/e","627"
"BZN|SE1","04.07.2022 00:00 - 04.07.2022 01:00 (CET/CEST)","n/e","n/e","n/e","n/e","n/e","n/e","n/e","n/e","n/e","n/e","n/e","n/e","n/e","1253","n/e","n/e","4","n/e","0","n/e","n/e","606"
"BZN|SE1","04.07.2022 01:00 - 04.07.2022 02:00 (CET/CEST)","n/e","n/e","n/e","n/e","n/e","n/e","n/e","n/e","n/e","n/e","n/e","n/e","n/e","1253","n/e","n/e","4","n/e","0","n/e","n/e","584"
"BZN|SE1","04.07.2022 02:00 - 04.07.2022 03:00 (CET/CEST)","n/e","n/e","n/e","n/e","n/e","n/e","n/e","n/e","n/e","n/e","n/e","n/e","n/e","1194","n/e","n/e","4","n/e","0","n/e","n/e","576"
"BZN|SE1","04.07.2022 03:00 - 04.07.2022 04:00 (CET/CEST)","n/e","n/e","n/e","n/e","n/e","n/e","n/e","n/e","n/e","n/e","n/e","n/e","n/e","1221","n/e","n/e","4","n/e","0","n/e","n/e","518"
"BZN|SE1","04.07.2022 04:00 - 04.07.2022 05:00 (CET/CEST)","n/e","n/e","n/e","n/e","n/e","n/e","n/e","n/e","n/e","n/e","n/e","n/e","n/e","1604","n/e","n/e","5","n/e","0","n/e","n/e","407"
"BZN|SE1","04.07.2022 05:00 - 04.07.2022 06:00 (CET/CEST)","n/e","n/e","n/e","n/e","n/e","n/e","n/e","n/e","n/e","n/e","n/e","n/e","n/e","2027","n/e","n/e","5","n/e","0","n/e","n/e","311"
"BZN|SE1","04.07.2022 06:00 - 04.07.2022 07:00 (CET/CEST)","n/e","n/e","n/e","n/e","n/e","n/e","n/e","n/e","n/e","n/e","n/e","n/e","n/e","2255","n/e","n/e","5","n/e","1","n/e","n/e","162"
"BZN|SE1","04.07.2022 07:00 - 04.07.2022 08:00 (CET/CEST)","n/e","n/e","n/e","n/e","n/e","n/e","n/e","n/e","n/e","n/e","n/e","n/e","n/e","2337","n/e","n/e","5","n/e","1","n/e","n/e","111"
"BZN|SE1","04.07.2022 08:00 - 04.07.2022 09:00 (CET/CEST)","n/e","n/e","n/e","n/e","n/e","n/e","n/e","n/e","n/e","n/e","n/e","n/e","n/e","2151","n/e","n/e","6","n/e","2","n/e","n/e","129"
"BZN|SE1","04.07.2022 09:00 - 04.07.2022 10:00 (CET/CEST)","n/e","n/e","n/e","n/e","n/e","n/e","n/e","n/e","n/e","n/e","n/e","n/e","n/e","1973","n/e","n/e","6","n/e","2","n/e","n/e","194"
"BZN|SE1","04.07.2022 10:00 - 04.07.2022 11:00 (CET/CEST)","n/e","n/e","n/e","n/e","n/e","n/e","n/e","n/e","n/e","n/e","n/e","n/e","n/e","1747","n/e","n/e","6","n/e","2","n/e","n/e","267"
"BZN|SE1","04.07.2022 11:00 - 04.07.2022 12:00 (CET/CEST)","n/e","n/e","n/e","n/e","n/e","n/e","n/e","n/e","n/e","n/e","n/e","n/e","n/e","1648","n/e","n/e","6","n/e","3","n/e","n/e","333"
"BZN|SE1","04.07.2022 12:00 - 04.07.2022 13:00 (CET/CEST)","n/e","n/e","n/e","n/e","n/e","n/e","n/e","n/e","n/e","n/e","n/e","n/e","n/e","1560","n/e","n/e","5","n/e","3","n/e","n/e","372"
"BZN|SE1","04.07.2022 13:00 - 04.07.2022 14:00 (CET/CEST)","n/e","n/e","n/e","n/e","n/e","n/e","n/e","n/e","n/e","n/e","n/e","n/e","n/e","1529","n/e","n/e","5","n/e","3","n/e","n/e","405"
"BZN|SE1","04.07.2022 14:00 - 04.07.2022 15:00 (CET/CEST)","n/e","n/e","n/e","n/e","n/e","n/e","n/e","n/e","n/e","n/e","n/e","n/e","n/e","1492","n/e","n/e","6","n/e","2","n/e","n/e","453"
"BZN|SE1","04.07.2022 15:00 - 04.07.2022 16:00 (CET/CEST)","n/e","n/e","n/e","n/e","n/e","n/e","n/e","n/e","n/e","n/e","n/e","n/e","n/e","1493","n/e","n/e","6","n/e","2","n/e","n/e","528"
"BZN|SE1","04.07.2022 16:00 - 04.07.2022 17:00 (CET/CEST)","n/e","n/e","n/e","n/e","n/e","n/e","n/e","n/e","n/e","n/e","n/e","n/e","n/e","1490","n/e","n/e","5","n/e","2","n/e","n/e","595"
"BZN|SE1","04.07.2022 17:00 - 04.07.2022 18:00 (CET/CEST)","n/e","n/e","n/e","n/e","n/e","n/e","n/e","n/e","n/e","n/e","n/e","n/e","n/e","1492","n/e","n/e","5","n/e","1","n/e","n/e","672"
"BZN|SE1","04.07.2022 18:00 - 04.07.2022 19:00 (CET/CEST)","n/e","n/e","n/e","n/e","n/e","n/e","n/e","n/e","n/e","n/e","n/e","n/e","n/e","1485","n/e","n/e","5","n/e","1","n/e","n/e","768"
"BZN|SE1","04.07.2022 19:00 - 04.07.2022 20:00 (CET/CEST)","n/e","n/e","n/e","n/e","n/e","n/e","n/e","n/e","n/e","n/e","n/e","n/e","n/e","1503","n/e","n/e","4","n/e","0","n/e","n/e","775"
"BZN|SE1","04.07.2022 20:00 - 04.07.2022 21:00 (CET/CEST)","n/e","n/e","n/e","n/e","n/e","n/e","n/e","n/e","n/e","n/e","n/e","n/e","n/e","1502","n/e","n/e","5","n/e","0","n/e","n/e","681"
"BZN|SE1","04.07.2022 21:00 - 04.07.2022 22:00 (CET/CEST)","n/e","n/e","n/e","n/e","n/e","n/e","n/e","n/e","n/e","n/e","n/e","n/e","n/e","1498","n/e","n/e","4","n/e","0","n/e","n/e","717"
"BZN|SE1","04.07.2022 22:00 - 04.07.2022 23:00 (CET/CEST)","n/e","n/e","n/e","n/e","n/e","n/e","n/e","n/e","n/e","n/e","n/e","n/e","n/e","1475","n/e","n/e","4","n/e","0","n/e","n/e","778"
"BZN|SE1","04.07.2022 23:00 - 05.07.2022 00:00 (CET/CEST)","n/e","n/e","n/e","n/e","n/e","n/e","n/e","n/e","n/e","n/e","n/e","n/e","n/e","1474","n/e","n/e","4","n/e","0","n/e","n/e","718"
"BZN|SE1","05.07.2022 00:00 - 05.07.2022 01:00 (CET/CEST)","n/e","n/e","n/e","n/e","n/e","n/e","n/e","n/e","n/e","n/e","n/e","n/e","n/e","1496","n/e","n/e","5","n/e","0","n/e","n/e","765"
"BZN|SE1","05.07.2022 01:00 - 05.07.2022 02:00 (CET/CEST)","n/e","n/e","n/e","n/e","n/e","n/e","n/e","n/e","n/e","n/e","n/e","n/e","n/e","1499","n/e","n/e","5","n/e","0","n/e","n/e","756"
"BZN|SE1","05.07.2022 02:00 - 05.07.2022 03:00 (CET/CEST)","n/e","n/e","n/e","n/e","n/e","n/e","n/e","n/e","n/e","n/e","n/e","n/e","n/e","1507","n/e","n/e","5","n/e","0","n/e","n/e","704"
"BZN|SE1","05.07.2022 03:00 - 05.07.2022 04:00 (CET/CEST)","n/e","n/e","n/e","n/e","n/e","n/e","n/e","n/e","n/e","n/e","n/e","n/e","n/e","1457","n/e","n/e","5","n/e","0","n/e","n/e","745"
"BZN|SE1","05.07.2022 04:00 - 05.07.2022 05:00 (CET/CEST)","n/e","n/e","n/e","n/e","n/e","n/e","n/e","n/e","n/e","n/e","n/e","n/e","n/e","1456","n/e","n/e","5","n/e","0","n/e","n/e","633"
"BZN|SE1","05.07.2022 05:00 - 05.07.2022 06:00 (CET/CEST)","n/e","n/e","n/e","n/e","n/e","n/e","n/e","n/e","n/e","n/e","n/e","n/e","n/e","1522","n/e","n/e","5","n/e","0","n/e","n/e","433"
"BZN|SE1","05.07.2022 06:00 - 05.07.2022 07:00 (CET/CEST)","n/e","n/e","n/e","n/e","n/e","n/e","n/e","n/e","n/e","n/e","n/e","n/e","n/e","1620","n/e","n/e","5","n/e","0","n/e","n/e","317"
"BZN|SE1","05.07.2022 07:00 - 05.07.2022 08:00 (CET/CEST)","n/e","n/e","n/e","n/e","n/e","n/e","n/e","n/e","n/e","n/e","n/e","n/e","n/e","1542","n/e","n/e","5","n/e","0","n/e","n/e","273"
"BZN|SE1","05.07.2022 08:00 - 05.07.2022 09:00 (CET/CEST)","n/e","n/e","n/e","n/e","n/e","n/e","n/e","n/e","n/e","n/e","n/e","n/e","n/e","1658","n/e","n/e","5","n/e","1","n/e","n/e","238"
"BZN|SE1","05.07.2022 09:00 - 05.07.2022 10:00 (CET/CEST)","n/e","n/e","n/e","n/e","n/e","n/e","n/e","n/e","n/e","n/e","n/e","n/e","n/e","1630","n/e","n/e","5","n/e","1","n/e","n/e","282"
"BZN|SE1","05.07.2022 10:00 - 05.07.2022 11:00 (CET/CEST)","n/e","n/e","n/e","n/e","n/e","n/e","n/e","n/e","n/e","n/e","n/e","n/e","n/e","1570","n/e","n/e","5","n/e","1","n/e","n/e","316"
"BZN|SE1","05.07.2022 11:00 - 05.07.2022 12:00 (CET/CEST)","n/e","n/e","n/e","n/e","n/e","n/e","n/e","n/e","n/e","n/e","n/e","n/e","n/e","1555","n/e","n/e","5","n/e","2","n/e","n/e","352"
"BZN|SE1","05.07.2022 12:00 - 05.07.2022 13:00 (CET/CEST)","n/e","n/e","n/e","n/e","n/e","n/e","n/e","n/e","n/e","n/e","n/e","n/e","n/e","1560","n/e","n/e","5","n/e","2","n/e","n/e","385"
"BZN|SE1","05.07.2022 13:00 - 05.07.2022 14:00 (CET/CEST)","n/e","n/e","n/e","n/e","n/e","n/e","n/e","n/e","n/e","n/e","n/e","n/e","n/e","1561","n/e","n/e","5","n/e","2","n/e","n/e","412"
"BZN|SE1","05.07.2022 14:00 - 05.07.2022 15:00 (CET/CEST)","n/e","n/e","n/e","n/e","n/e","n/e","n/e","n/e","n/e","n/e","n/e","n/e","n/e","1549","n/e","n/e","6","n/e","2","n/e","n/e","546"
"BZN|SE1","05.07.2022 15:00 - 05.07.2022 16:00 (CET/CEST)","n/e","n/e","n/e","n/e","n/e","n/e","n/e","n/e","n/e","n/e","n/e","n/e","n/e","1553","n/e","n/e","6","n/e","2","n/e","n/e","586"
"BZN|SE1","05.07.2022 16:00 - 05.07.2022 17:00 (CET/CEST)","n/e","n/e","n/e","n/e","n/e","n/e","n/e","n/e","n/e","n/e","n/e","n/e","n/e","1567","n/e","n/e","6","n/e","2","n/e","n/e","516"
"BZN|SE1","05.07.2022 17:00 - 05.07.2022 18:00 (CET/CEST)","n/e","n/e","n/e","n/e","n/e","n/e","n/e","n/e","n/e","n/e","n/e","n/e","n/e","1531","n/e","n/e","6","n/e","1","n/e","n/e","553"
"BZN|SE1","05.07.2022 18:00 - 05.07.2022 19:00 (CET/CEST)","n/e","n/e","n/e","n/e","n/e","n/e","n/e","n/e","n/e","n/e","n/e","n/e","n/e","1577","n/e","n/e","5","n/e","1","n/e","n/e","648"
"BZN|SE1","05.07.2022 19:00 - 05.07.2022 20:00 (CET/CEST)","n/e","n/e","n/e","n/e","n/e","n/e","n/e","n/e","n/e","n/e","n/e","n/e","n/e","1549","n/e","n/e","5","n/e","0","n/e","n/e","709"
"BZN|SE1","05.07.2022 20:00 - 05.07.2022 21:00 (CET/CEST)","n/e","n/e","n/e","n/e","n/e","n/e","n/e","n/e","n/e","n/e","n/e","n/e","n/e","1549","n/e","n/e","5","n/e","0","n/e","n/e","643"
"BZN|SE1","05.07.2022 21:00 - 05.07.2022 22:00 (CET/CEST)","n/e","n/e","n/e","n/e","n/e","n/e","n/e","n/e","n/e","n/e","n/e","n/e","n/e","1538","n/e","n/e","5","n/e","0","n/e","n/e","818"
"BZN|SE1","05.07.2022 22:00 - 05.07.2022 23:00 (CET/CEST)","n/e","n/e","n/e","n/e","n/e","n/e","n/e","n/e","n/e","n/e","n/e","n/e","n/e","1411","n/e","n/e","5","n/e","0","n/e","n/e","925"
"BZN|SE1","05.07.2022 23:00 - 06.07.2022 00:00 (CET/CEST)","n/e","n/e","n/e","n/e","n/e","n/e","n/e","n/e","n/e","n/e","n/e","n/e","n/e","1404","n/e","n/e","5","n/e","0","n/e","n/e","1032"
"BZN|SE1","06.07.2022 00:00 - 06.07.2022 01:00 (CET/CEST)","n/e","n/e","n/e","n/e","n/e","n/e","n/e","n/e","n/e","n/e","n/e","n/e","n/e","1309","n/e","n/e","1","n/e","0","n/e","n/e","1071"
"BZN|SE1","06.07.2022 01:00 - 06.07.2022 02:00 (CET/CEST)","n/e","n/e","n/e","n/e","n/e","n/e","n/e","n/e","n/e","n/e","n/e","n/e","n/e","1313","n/e","n/e","1","n/e","0","n/e","n/e","1071"
"BZN|SE1","06.07.2022 02:00 - 06.07.2022 03:00 (CET/CEST)","n/e","n/e","n/e","n/e","n/e","n/e","n/e","n/e","n/e","n/e","n/e","n/e","n/e","1315","n/e","n/e","1","n/e","0","n/e","n/e","1060"
"BZN|SE1","06.07.2022 03:00 - 06.07.2022 04:00 (CET/CEST)","n/e","n/e","n/e","n/e","n/e","n/e","n/e","n/e","n/e","n/e","n/e","n/e","n/e","1189","n/e","n/e","1","n/e","0","n/e","n/e","1010"
"BZN|SE1","06.07.2022 04:00 - 06.07.2022 05:00 (CET/CEST)","n/e","n/e","n/e","n/e","n/e","n/e","n/e","n/e","n/e","n/e","n/e","n/e","n/e","1187","n/e","n/e","1","n/e","0","n/e","n/e","950"
"BZN|SE1","06.07.2022 05:00 - 06.07.2022 06:00 (CET/CEST)","n/e","n/e","n/e","n/e","n/e","n/e","n/e","n/e","n/e","n/e","n/e","n/e","n/e","1205","n/e","n/e","1","n/e","0","n/e","n/e","804"
"BZN|SE1","06.07.2022 06:00 - 06.07.2022 07:00 (CET/CEST)","n/e","n/e","n/e","n/e","n/e","n/e","n/e","n/e","n/e","n/e","n/e","n/e","n/e","1511","n/e","n/e","1","n/e","0","n/e","n/e","644"
"BZN|SE1","06.07.2022 07:00 - 06.07.2022 08:00 (CET/CEST)","n/e","n/e","n/e","n/e","n/e","n/e","n/e","n/e","n/e","n/e","n/e","n/e","n/e","1844","n/e","n/e","1","n/e","1","n/e","n/e","420"
"BZN|SE1","06.07.2022 08:00 - 06.07.2022 09:00 (CET/CEST)","n/e","n/e","n/e","n/e","n/e","n/e","n/e","n/e","n/e","n/e","n/e","n/e","n/e","1897","n/e","n/e","2","n/e","1","n/e","n/e","303"
"BZN|SE1","06.07.2022 09:00 - 06.07.2022 10:00 (CET/CEST)","n/e","n/e","n/e","n/e","n/e","n/e","n/e","n/e","n/e","n/e","n/e","n/e","n/e","1927","n/e","n/e","2","n/e","2","n/e","n/e","327"
"BZN|SE1","06.07.2022 10:00 - 06.07.2022 11:00 (CET/CEST)","n/e","n/e","n/e","n/e","n/e","n/e","n/e","n/e","n/e","n/e","n/e","n/e","n/e","1936","n/e","n/e","2","n/e","2","n/e","n/e","430"
"BZN|SE1","06.07.2022 11:00 - 06.07.2022 12:00 (CET/CEST)","n/e","n/e","n/e","n/e","n/e","n/e","n/e","n/e","n/e","n/e","n/e","n/e","n/e","1901","n/e","n/e","2","n/e","2","n/e","n/e","483"
"BZN|SE1","06.07.2022 12:00 - 06.07.2022 13:00 (CET/CEST)","n/e","n/e","n/e","n/e","n/e","n/e","n/e","n/e","n/e","n/e","n/e","n/e","n/e","1929","n/e","n/e","2","n/e","3","n/e","n/e","511"
"BZN|SE1","06.07.2022 13:00 - 06.07.2022 14:00 (CET/CEST)","n/e","n/e","n/e","n/e","n/e","n/e","n/e","n/e","n/e","n/e","n/e","n/e","n/e","1918","n/e","n/e","2","n/e","3","n/e","n/e","522"
"BZN|SE1","06.07.2022 14:00 - 06.07.2022 15:00 (CET/CEST)","n/e","n/e","n/e","n/e","n/e","n/e","n/e","n/e","n/e","n/e","n/e","n/e","n/e","2105","n/e","n/e","2","n/e","2","n/e","n/e","569"
"BZN|SE1","06.07.2022 15:00 - 06.07.2022 16:00 (CET/CEST)","n/e","n/e","n/e","n/e","n/e","n/e","n/e","n/e","n/e","n/e","n/e","n/e","n/e","1835","n/e","n/e","2","n/e","2","n/e","n/e","578"
"BZN|SE1","06.07.2022 16:00 - 06.07.2022 17:00 (CET/CEST)","n/e","n/e","n/e","n/e","n/e","n/e","n/e","n/e","n/e","n/e","n/e","n/e","n/e","1808","n/e","n/e","2","n/e","2","n/e","n/e","516"
"BZN|SE1","06.07.2022 17:00 - 06.07.2022 18:00 (CET/CEST)","n/e","n/e","n/e","n/e","n/e","n/e","n/e","n/e","n/e","n/e","n/e","n/e","n/e","2132","n/e","n/e","2","n/e","1","n/e","n/e","498"
"BZN|SE1","06.07.2022 18:00 - 06.07.2022 19:00 (CET/CEST)","n/e","n/e","n/e","n/e","n/e","n/e","n/e","n/e","n/e","n/e","n/e","n/e","n/e","2287","n/e","n/e","1","n/e","1","n/e","n/e","504"
"BZN|SE1","06.07.2022 19:00 - 06.07.2022 20:00 (CET/CEST)","n/e","n/e","n/e","n/e","n/e","n/e","n/e","n/e","n/e","n/e","n/e","n/e","n/e","2468","n/e","n/e","1","n/e","1","n/e","n/e","440"
"BZN|SE1","06.07.2022 20:00 - 06.07.2022 21:00 (CET/CEST)","n/e","n/e","n/e","n/e","n/e","n/e","n/e","n/e","n/e","n/e","n/e","n/e","n/e","2329","n/e","n/e","1","n/e","0","n/e","n/e","346"
"BZN|SE1","06.07.2022 21:00 - 06.07.2022 22:00 (CET/CEST)","n/e","n/e","n/e","n/e","n/e","n/e","n/e","n/e","n/e","n/e","n/e","n/e","n/e","2212","n/e","n/e","1","n/e","0","n/e","n/e","358"
"BZN|SE1","06.07.2022 22:00 - 06.07.2022 23:00 (CET/CEST)","n/e","n/e","n/e","n/e","n/e","n/e","n/e","n/e","n/e","n/e","n/e","n/e","n/e","2093","n/e","n/e","1","n/e","0","n/e","n/e","379"
"BZN|SE1","06.07.2022 23:00 - 07.07.2022 00:00 (CET/CEST)","n/e","n/e","n/e","n/e","n/e","n/e","n/e","n/e","n/e","n/e","n/e","n/e","n/e","2092","n/e","n/e","1","n/e","0","n/e","n/e","388"
"BZN|SE1","07.07.2022 00:00 - 07.07.2022 01:00 (CET/CEST)","n/e","n/e","n/e","n/e","n/e","n/e","n/e","n/e","n/e","n/e","n/e","n/e","n/e","1385","n/e","n/e","5","n/e","0","n/e","n/e","346"
"BZN|SE1","07.07.2022 01:00 - 07.07.2022 02:00 (CET/CEST)","n/e","n/e","n/e","n/e","n/e","n/e","n/e","n/e","n/e","n/e","n/e","n/e","n/e","1303","n/e","n/e","5","n/e","0","n/e","n/e","279"
"BZN|SE1","07.07.2022 02:00 - 07.07.2022 03:00 (CET/CEST)","n/e","n/e","n/e","n/e","n/e","n/e","n/e","n/e","n/e","n/e","n/e","n/e","n/e","1305","n/e","n/e","5","n/e","0","n/e","n/e","263"
"BZN|SE1","07.07.2022 03:00 - 07.07.2022 04:00 (CET/CEST)","n/e","n/e","n/e","n/e","n/e","n/e","n/e","n/e","n/e","n/e","n/e","n/e","n/e","1278","n/e","n/e","5","n/e","0","n/e","n/e","305"
"BZN|SE1","07.07.2022 04:00 - 07.07.2022 05:00 (CET/CEST)","n/e","n/e","n/e","n/e","n/e","n/e","n/e","n/e","n/e","n/e","n/e","n/e","n/e","1211","n/e","n/e","5","n/e","0","n/e","n/e","292"
"BZN|SE1","07.07.2022 05:00 - 07.07.2022 06:00 (CET/CEST)","n/e","n/e","n/e","n/e","n/e","n/e","n/e","n/e","n/e","n/e","n/e","n/e","n/e","1513","n/e","n/e","5","n/e","0","n/e","n/e","217"
"BZN|SE1","07.07.2022 06:00 - 07.07.2022 07:00 (CET/CEST)","n/e","n/e","n/e","n/e","n/e","n/e","n/e","n/e","n/e","n/e","n/e","n/e","n/e","1794","n/e","n/e","6","n/e","0","n/e","n/e","128"
"BZN|SE1","07.07.2022 07:00 - 07.07.2022 08:00 (CET/CEST)","n/e","n/e","n/e","n/e","n/e","n/e","n/e","n/e","n/e","n/e","n/e","n/e","n/e","2100","n/e","n/e","5","n/e","1","n/e","n/e","111"
"BZN|SE1","07.07.2022 08:00 - 07.07.2022 09:00 (CET/CEST)","n/e","n/e","n/e","n/e","n/e","n/e","n/e","n/e","n/e","n/e","n/e","n/e","n/e","2230","n/e","n/e","6","n/e","1","n/e","n/e","103"
"BZN|SE1","07.07.2022 09:00 - 07.07.2022 10:00 (CET/CEST)","n/e","n/e","n/e","n/e","n/e","n/e","n/e","n/e","n/e","n/e","n/e","n/e","n/e","2141","n/e","n/e","6","n/e","1","n/e","n/e","117"
"BZN|SE1","07.07.2022 10:00 - 07.07.2022 11:00 (CET/CEST)","n/e","n/e","n/e","n/e","n/e","n/e","n/e","n/e","n/e","n/e","n/e","n/e","n/e","2292","n/e","n/e","5","n/e","1","n/e","n/e","103"
"BZN|SE1","07.07.2022 11:00 - 07.07.2022 12:00 (CET/CEST)","n/e","n/e","n/e","n/e","n/e","n/e","n/e","n/e","n/e","n/e","n/e","n/e","n/e","2283","n/e","n/e","6","n/e","1","n/e","n/e","94"
"BZN|SE1","07.07.2022 12:00 - 07.07.2022 13:00 (CET/CEST)","n/e","n/e","n/e","n/e","n/e","n/e","n/e","n/e","n/e","n/e","n/e","n/e","n/e","1939","n/e","n/e","6","n/e","1","n/e","n/e","110"
"BZN|SE1","07.07.2022 13:00 - 07.07.2022 14:00 (CET/CEST)","n/e","n/e","n/e","n/e","n/e","n/e","n/e","n/e","n/e","n/e","n/e","n/e","n/e","1620","n/e","n/e","6","n/e","2","n/e","n/e","188"
"BZN|SE1","07.07.2022 14:00 - 07.07.2022 15:00 (CET/CEST)","n/e","n/e","n/e","n/e","n/e","n/e","n/e","n/e","n/e","n/e","n/e","n/e","n/e","1473","n/e","n/e","6","n/e","2","n/e","n/e","249"
"BZN|SE1","07.07.2022 15:00 - 07.07.2022 16:00 (CET/CEST)","n/e","n/e","n/e","n/e","n/e","n/e","n/e","n/e","n/e","n/e","n/e","n/e","n/e","1473","n/e","n/e","6","n/e","2","n/e","n/e","384"
"BZN|SE1","07.07.2022 16:00 - 07.07.2022 17:00 (CET/CEST)","n/e","n/e","n/e","n/e","n/e","n/e","n/e","n/e","n/e","n/e","n/e","n/e","n/e","1499","n/e","n/e","6","n/e","2","n/e","n/e","462"
"BZN|SE1","07.07.2022 17:00 - 07.07.2022 18:00 (CET/CEST)","n/e","n/e","n/e","n/e","n/e","n/e","n/e","n/e","n/e","n/e","n/e","n/e","n/e","1331","n/e","n/e","6","n/e","1","n/e","n/e","553"
"BZN|SE1","07.07.2022 18:00 - 07.07.2022 19:00 (CET/CEST)","n/e","n/e","n/e","n/e","n/e","n/e","n/e","n/e","n/e","n/e","n/e","n/e","n/e","1309","n/e","n/e","6","n/e","1","n/e","n/e","712"
"BZN|SE1","07.07.2022 19:00 - 07.07.2022 20:00 (CET/CEST)","n/e","n/e","n/e","n/e","n/e","n/e","n/e","n/e","n/e","n/e","n/e","n/e","n/e","1305","n/e","n/e","5","n/e","0","n/e","n/e","824"
"BZN|SE1","07.07.2022 20:00 - 07.07.2022 21:00 (CET/CEST)","n/e","n/e","n/e","n/e","n/e","n/e","n/e","n/e","n/e","n/e","n/e","n/e","n/e","1204","n/e","n/e","5","n/e","0","n/e","n/e","939"
"BZN|SE1","07.07.2022 21:00 - 07.07.2022 22:00 (CET/CEST)","n/e","n/e","n/e","n/e","n/e","n/e","n/e","n/e","n/e","n/e","n/e","n/e","n/e","1204","n/e","n/e","5","n/e","0","n/e","n/e","917"
"BZN|SE1","07.07.2022 22:00 - 07.07.2022 23:00 (CET/CEST)","n/e","n/e","n/e","n/e","n/e","n/e","n/e","n/e","n/e","n/e","n/e","n/e","n/e","1186","n/e","n/e","5","n/e","0","n/e","n/e","930"
"BZN|SE1","07.07.2022 23:00 - 08.07.2022 00:00 (CET/CEST)","n/e","n/e","n/e","n/e","n/e","n/e","n/e","n/e","n/e","n/e","n/e","n/e","n/e","1186","n/e","n/e","5","n/e","0","n/e","n/e","1049"
"BZN|SE1","08.07.2022 00:00 - 08.07.2022 01:00 (CET/CEST)","n/e","n/e","n/e","n/e","n/e","n/e","n/e","n/e","n/e","n/e","n/e","n/e","n/e","1199","n/e","n/e","5","n/e","0","n/e","n/e","1031"
"BZN|SE1","08.07.2022 01:00 - 08.07.2022 02:00 (CET/CEST)","n/e","n/e","n/e","n/e","n/e","n/e","n/e","n/e","n/e","n/e","n/e","n/e","n/e","1147","n/e","n/e","6","n/e","0","n/e","n/e","1115"
"BZN|SE1","08.07.2022 02:00 - 08.07.2022 03:00 (CET/CEST)","n/e","n/e","n/e","n/e","n/e","n/e","n/e","n/e","n/e","n/e","n/e","n/e","n/e","1153","n/e","n/e","5","n/e","0","n/e","n/e","1116"
"BZN|SE1","08.07.2022 03:00 - 08.07.2022 04:00 (CET/CEST)","n/e","n/e","n/e","n/e","n/e","n/e","n/e","n/e","n/e","n/e","n/e","n/e","n/e","1145","n/e","n/e","5","n/e","0","n/e","n/e","1068"
"BZN|SE1","08.07.2022 04:00 - 08.07.2022 05:00 (CET/CEST)","n/e","n/e","n/e","n/e","n/e","n/e","n/e","n/e","n/e","n/e","n/e","n/e","n/e","1150","n/e","n/e","5","n/e","0","n/e","n/e","1051"
"BZN|SE1","08.07.2022 05:00 - 08.07.2022 06:00 (CET/CEST)","n/e","n/e","n/e","n/e","n/e","n/e","n/e","n/e","n/e","n/e","n/e","n/e","n/e","1237","n/e","n/e","5","n/e","0","n/e","n/e","969"
"BZN|SE1","08.07.2022 06:00 - 08.07.2022 07:00 (CET/CEST)","n/e","n/e","n/e","n/e","n/e","n/e","n/e","n/e","n/e","n/e","n/e","n/e","n/e","1945","n/e","n/e","6","n/e","1","n/e","n/e","937"
"BZN|SE1","08.07.2022 07:00 - 08.07.2022 08:00 (CET/CEST)","n/e","n/e","n/e","n/e","n/e","n/e","n/e","n/e","n/e","n/e","n/e","n/e","n/e","2318","n/e","n/e","6","n/e","1","n/e","n/e","869"
"BZN|SE1","08.07.2022 08:00 - 08.07.2022 09:00 (CET/CEST)","n/e","n/e","n/e","n/e","n/e","n/e","n/e","n/e","n/e","n/e","n/e","n/e","n/e","2452","n/e","n/e","6","n/e","2","n/e","n/e","711"
"BZN|SE1","08.07.2022 09:00 - 08.07.2022 10:00 (CET/CEST)","n/e","n/e","n/e","n/e","n/e","n/e","n/e","n/e","n/e","n/e","n/e","n/e","n/e","2700","n/e","n/e","6","n/e","2","n/e","n/e","654"
"BZN|SE1","08.07.2022 10:00 - 08.07.2022 11:00 (CET/CEST)","n/e","n/e","n/e","n/e","n/e","n/e","n/e","n/e","n/e","n/e","n/e","n/e","n/e","2697","n/e","n/e","6","n/e","2","n/e","n/e","584"
"BZN|SE1","08.07.2022 11:00 - 08.07.2022 12:00 (CET/CEST)","n/e","n/e","n/e","n/e","n/e","n/e","n/e","n/e","n/e","n/e","n/e","n/e","n/e","2690","n/e","n/e","5","n/e","2","n/e","n/e","579"
"BZN|SE1","08.07.2022 12:00 - 08.07.2022 13:00 (CET/CEST)","n/e","n/e","n/e","n/e","n/e","n/e","n/e","n/e","n/e","n/e","n/e","n/e","n/e","2593","n/e","n/e","5","n/e","2","n/e","n/e","580"
"BZN|SE1","08.07.2022 13:00 - 08.07.2022 14:00 (CET/CEST)","n/e","n/e","n/e","n/e","n/e","n/e","n/e","n/e","n/e","n/e","n/e","n/e","n/e","2423","n/e","n/e","5","n/e","2","n/e","n/e","643"
"BZN|SE1","08.07.2022 14:00 - 08.07.2022 15:00 (CET/CEST)","n/e","n/e","n/e","n/e","n/e","n/e","n/e","n/e","n/e","n/e","n/e","n/e","n/e","2414","n/e","n/e","6","n/e","2","n/e","n/e","647"
"BZN|SE1","08.07.2022 15:00 - 08.07.2022 16:00 (CET/CEST)","n/e","n/e","n/e","n/e","n/e","n/e","n/e","n/e","n/e","n/e","n/e","n/e","n/e","2207","n/e","n/e","5","n/e","2","n/e","n/e","572"
"BZN|SE1","08.07.2022 16:00 - 08.07.2022 17:00 (CET/CEST)","n/e","n/e","n/e","n/e","n/e","n/e","n/e","n/e","n/e","n/e","n/e","n/e","n/e","2246","n/e","n/e","5","n/e","1","n/e","n/e","520"
"BZN|SE1","08.07.2022 17:00 - 08.07.2022 18:00 (CET/CEST)","n/e","n/e","n/e","n/e","n/e","n/e","n/e","n/e","n/e","n/e","n/e","n/e","n/e","2360","n/e","n/e","5","n/e","1","n/e","n/e","488"
"BZN|SE1","08.07.2022 18:00 - 08.07.2022 19:00 (CET/CEST)","n/e","n/e","n/e","n/e","n/e","n/e","n/e","n/e","n/e","n/e","n/e","n/e","n/e","2454","n/e","n/e","5","n/e","1","n/e","n/e","417"
"BZN|SE1","08.07.2022 19:00 - 08.07.2022 20:00 (CET/CEST)","n/e","n/e","n/e","n/e","n/e","n/e","n/e","n/e","n/e","n/e","n/e","n/e","n/e","2585","n/e","n/e","5","n/e","0","n/e","n/e","405"
"BZN|SE1","08.07.2022 20:00 - 08.07.2022 21:00 (CET/CEST)","n/e","n/e","n/e","n/e","n/e","n/e","n/e","n/e","n/e","n/e","n/e","n/e","n/e","2669","n/e","n/e","5","n/e","0","n/e","n/e","358"
"BZN|SE1","08.07.2022 21:00 - 08.07.2022 22:00 (CET/CEST)","n/e","n/e","n/e","n/e","n/e","n/e","n/e","n/e","n/e","n/e","n/e","n/e","n/e","2637","n/e","n/e","5","n/e","0","n/e","n/e","308"
"BZN|SE1","08.07.2022 22:00 - 08.07.2022 23:00 (CET/CEST)","n/e","n/e","n/e","n/e","n/e","n/e","n/e","n/e","n/e","n/e","n/e","n/e","n/e","2337","n/e","n/e","5","n/e","0","n/e","n/e","362"
"BZN|SE1","08.07.2022 23:00 - 09.07.2022 00:00 (CET/CEST)","n/e","n/e","n/e","n/e","n/e","n/e","n/e","n/e","n/e","n/e","n/e","n/e","n/e","1817","n/e","n/e","5","n/e","0","n/e","n/e","430"
"BZN|SE1","09.07.2022 00:00 - 09.07.2022 01:00 (CET/CEST)","n/e","n/e","n/e","n/e","n/e","n/e","n/e","n/e","n/e","n/e","n/e","n/e","n/e","1770","n/e","n/e","3","n/e","0","n/e","n/e","487"
"BZN|SE1","09.07.2022 01:00 - 09.07.2022 02:00 (CET/CEST)","n/e","n/e","n/e","n/e","n/e","n/e","n/e","n/e","n/e","n/e","n/e","n/e","n/e","1598","n/e","n/e","3","n/e","0","n/e","n/e","472"
"BZN|SE1","09.07.2022 02:00 - 09.07.2022 03:00 (CET/CEST)","n/e","n/e","n/e","n/e","n/e","n/e","n/e","n/e","n/e","n/e","n/e","n/e","n/e","1603","n/e","n/e","3","n/e","0","n/e","n/e","392"
"BZN|SE1","09.07.2022 03:00 - 09.07.2022 04:00 (CET/CEST)","n/e","n/e","n/e","n/e","n/e","n/e","n/e","n/e","n/e","n/e","n/e","n/e","n/e","1702","n/e","n/e","3","n/e","0","n/e","n/e","322"
"BZN|SE1","09.07.2022 04:00 - 09.07.2022 05:00 (CET/CEST)","n/e","n/e","n/e","n/e","n/e","n/e","n/e","n/e","n/e","n/e","n/e","n/e","n/e","1692","n/e","n/e","3","n/e","0","n/e","n/e","225"
"BZN|SE1","09.07.2022 05:00 - 09.07.2022 06:00 (CET/CEST)","n/e","n/e","n/e","n/e","n/e","n/e","n/e","n/e","n/e","n/e","n/e","n/e","n/e","1615","n/e","n/e","3","n/e","0","n/e","n/e","92"
"BZN|SE1","09.07.2022 06:00 - 09.07.2022 07:00 (CET/CEST)","n/e","n/e","n/e","n/e","n/e","n/e","n/e","n/e","n/e","n/e","n/e","n/e","n/e","1646","n/e","n/e","3","n/e","0","n/e","n/e","28"
"BZN|SE1","09.07.2022 07:00 - 09.07.2022 08:00 (CET/CEST)","n/e","n/e","n/e","n/e","n/e","n/e","n/e","n/e","n/e","n/e","n/e","n/e","n/e","2135","n/e","n/e","4","n/e","1","n/e","n/e","13"
"BZN|SE1","09.07.2022 08:00 - 09.07.2022 09:00 (CET/CEST)","n/e","n/e","n/e","n/e","n/e","n/e","n/e","n/e","n/e","n/e","n/e","n/e","n/e","2258","n/e","n/e","4","n/e","1","n/e","n/e","10"
"BZN|SE1","09.07.2022 09:00 - 09.07.2022 10:00 (CET/CEST)","n/e","n/e","n/e","n/e","n/e","n/e","n/e","n/e","n/e","n/e","n/e","n/e","n/e","2281","n/e","n/e","4","n/e","2","n/e","n/e","7"
"BZN|SE1","09.07.2022 10:00 - 09.07.2022 11:00 (CET/CEST)","n/e","n/e","n/e","n/e","n/e","n/e","n/e","n/e","n/e","n/e","n/e","n/e","n/e","2273","n/e","n/e","4","n/e","2","n/e","n/e","8"
"BZN|SE1","09.07.2022 11:00 - 09.07.2022 12:00 (CET/CEST)","n/e","n/e","n/e","n/e","n/e","n/e","n/e","n/e","n/e","n/e","n/e","n/e","n/e","2042","n/e","n/e","3","n/e","2","n/e","n/e","10"
"BZN|SE1","09.07.2022 12:00 - 09.07.2022 13:00 (CET/CEST)","n/e","n/e","n/e","n/e","n/e","n/e","n/e","n/e","n/e","n/e","n/e","n/e","n/e","1866","n/e","n/e","4","n/e","2","n/e","n/e","10"
"BZN|SE1","09.07.2022 13:00 - 09.07.2022 14:00 (CET/CEST)","n/e","n/e","n/e","n/e","n/e","n/e","n/e","n/e","n/e","n/e","n/e","n/e","n/e","1637","n/e","n/e","4","n/e","2","n/e","n/e","13"
"BZN|SE1","09.07.2022 14:00 - 09.07.2022 15:00 (CET/CEST)","n/e","n/e","n/e","n/e","n/e","n/e","n/e","n/e","n/e","n/e","n/e","n/e","n/e","1640","n/e","n/e","4","n/e","2","n/e","n/e","19"
"BZN|SE1","09.07.2022 15:00 - 09.07.2022 16:00 (CET/CEST)","n/e","n/e","n/e","n/e","n/e","n/e","n/e","n/e","n/e","n/e","n/e","n/e","n/e","1632","n/e","n/e","4","n/e","2","n/e","n/e","29"
"BZN|SE1","09.07.2022 16:00 - 09.07.2022 17:00 (CET/CEST)","n/e","n/e","n/e","n/e","n/e","n/e","n/e","n/e","n/e","n/e","n/e","n/e","n/e","1628","n/e","n/e","4","n/e","1","n/e","n/e","41"
"BZN|SE1","09.07.2022 17:00 - 09.07.2022 18:00 (CET/CEST)","n/e","n/e","n/e","n/e","n/e","n/e","n/e","n/e","n/e","n/e","n/e","n/e","n/e","1958","n/e","n/e","3","n/e","1","n/e","n/e","68"
"BZN|SE1","09.07.2022 18:00 - 09.07.2022 19:00 (CET/CEST)","n/e","n/e","n/e","n/e","n/e","n/e","n/e","n/e","n/e","n/e","n/e","n/e","n/e","2157","n/e","n/e","4","n/e","1","n/e","n/e","95"
"BZN|SE1","09.07.2022 19:00 - 09.07.2022 20:00 (CET/CEST)","n/e","n/e","n/e","n/e","n/e","n/e","n/e","n/e","n/e","n/e","n/e","n/e","n/e","2483","n/e","n/e","3","n/e","0","n/e","n/e","87"
"BZN|SE1","09.07.2022 20:00 - 09.07.2022 21:00 (CET/CEST)","n/e","n/e","n/e","n/e","n/e","n/e","n/e","n/e","n/e","n/e","n/e","n/e","n/e","2394","n/e","n/e","3","n/e","0","n/e","n/e","88"
"BZN|SE1","09.07.2022 21:00 - 09.07.2022 22:00 (CET/CEST)","n/e","n/e","n/e","n/e","n/e","n/e","n/e","n/e","n/e","n/e","n/e","n/e","n/e","2256","n/e","n/e","3","n/e","0","n/e","n/e","107"
"BZN|SE1","09.07.2022 22:00 - 09.07.2022 23:00 (CET/CEST)","n/e","n/e","n/e","n/e","n/e","n/e","n/e","n/e","n/e","n/e","n/e","n/e","n/e","1931","n/e","n/e","3","n/e","0","n/e","n/e","140"
"BZN|SE1","09.07.2022 23:00 - 10.07.2022 00:00 (CET/CEST)","n/e","n/e","n/e","n/e","n/e","n/e","n/e","n/e","n/e","n/e","n/e","n/e","n/e","1651","n/e","n/e","3","n/e","0","n/e","n/e","184"
"BZN|SE1","10.07.2022 00:00 - 10.07.2022 01:00 (CET/CEST)","n/e","n/e","n/e","n/e","n/e","n/e","n/e","n/e","n/e","n/e","n/e","n/e","n/e","1319","n/e","n/e","5","n/e","0","n/e","n/e","275"
"BZN|SE1","10.07.2022 01:00 - 10.07.2022 02:00 (CET/CEST)","n/e","n/e","n/e","n/e","n/e","n/e","n/e","n/e","n/e","n/e","n/e","n/e","n/e","1320","n/e","n/e","5","n/e","0","n/e","n/e","371"
"BZN|SE1","10.07.2022 02:00 - 10.07.2022 03:00 (CET/CEST)","n/e","n/e","n/e","n/e","n/e","n/e","n/e","n/e","n/e","n/e","n/e","n/e","n/e","1325","n/e","n/e","5","n/e","0","n/e","n/e","440"
"BZN|SE1","10.07.2022 03:00 - 10.07.2022 04:00 (CET/CEST)","n/e","n/e","n/e","n/e","n/e","n/e","n/e","n/e","n/e","n/e","n/e","n/e","n/e","1314","n/e","n/e","5","n/e","0","n/e","n/e","482"
"BZN|SE1","10.07.2022 04:00 - 10.07.2022 05:00 (CET/CEST)","n/e","n/e","n/e","n/e","n/e","n/e","n/e","n/e","n/e","n/e","n/e","n/e","n/e","1308","n/e","n/e","5","n/e","0","n/e","n/e","551"
"BZN|SE1","10.07.2022 05:00 - 10.07.2022 06:00 (CET/CEST)","n/e","n/e","n/e","n/e","n/e","n/e","n/e","n/e","n/e","n/e","n/e","n/e","n/e","1312","n/e","n/e","5","n/e","0","n/e","n/e","636"
"BZN|SE1","10.07.2022 06:00 - 10.07.2022 07:00 (CET/CEST)","n/e","n/e","n/e","n/e","n/e","n/e","n/e","n/e","n/e","n/e","n/e","n/e","n/e","1286","n/e","n/e","5","n/e","0","n/e","n/e","578"
"BZN|SE1","10.07.2022 07:00 - 10.07.2022 08:00 (CET/CEST)","n/e","n/e","n/e","n/e","n/e","n/e","n/e","n/e","n/e","n/e","n/e","n/e","n/e","1288","n/e","n/e","5","n/e","0","n/e","n/e","513"
"BZN|SE1","10.07.2022 08:00 - 10.07.2022 09:00 (CET/CEST)","n/e","n/e","n/e","n/e","n/e","n/e","n/e","n/e","n/e","n/e","n/e","n/e","n/e","1367","n/e","n/e","5","n/e","0","n/e","n/e","459"
"BZN|SE1","10.07.2022 09:00 - 10.07.2022 10:00 (CET/CEST)","n/e","n/e","n/e","n/e","n/e","n/e","n/e","n/e","n/e","n/e","n/e","n/e","n/e","1507","n/e","n/e","5","n/e","0","n/e","n/e","402"
"BZN|SE1","10.07.2022 10:00 - 10.07.2022 11:00 (CET/CEST)","n/e","n/e","n/e","n/e","n/e","n/e","n/e","n/e","n/e","n/e","n/e","n/e","n/e","1617","n/e","n/e","6","n/e","1","n/e","n/e","264"
"BZN|SE1","10.07.2022 11:00 - 10.07.2022 12:00 (CET/CEST)","n/e","n/e","n/e","n/e","n/e","n/e","n/e","n/e","n/e","n/e","n/e","n/e","n/e","1871","n/e","n/e","5","n/e","1","n/e","n/e","239"
"BZN|SE1","10.07.2022 12:00 - 10.07.2022 13:00 (CET/CEST)","n/e","n/e","n/e","n/e","n/e","n/e","n/e","n/e","n/e","n/e","n/e","n/e","n/e","2004","n/e","n/e","5","n/e","1","n/e","n/e","208"
"BZN|SE1","10.07.2022 13:00 - 10.07.2022 14:00 (CET/CEST)","n/e","n/e","n/e","n/e","n/e","n/e","n/e","n/e","n/e","n/e","n/e","n/e","n/e","1638","n/e","n/e","5","n/e","2","n/e","n/e","149"
"BZN|SE1","10.07.2022 14:00 - 10.07.2022 15:00 (CET/CEST)","n/e","n/e","n/e","n/e","n/e","n/e","n/e","n/e","n/e","n/e","n/e","n/e","n/e","1647","n/e","n/e","5","n/e","1","n/e","n/e","101"
"BZN|SE1","10.07.2022 15:00 - 10.07.2022 16:00 (CET/CEST)","n/e","n/e","n/e","n/e","n/e","n/e","n/e","n/e","n/e","n/e","n/e","n/e","n/e","1863","n/e","n/e","5","n/e","1","n/e","n/e","124"
"BZN|SE1","10.07.2022 16:00 - 10.07.2022 17:00 (CET/CEST)","n/e","n/e","n/e","n/e","n/e","n/e","n/e","n/e","n/e","n/e","n/e","n/e","n/e","2538","n/e","n/e","5","n/e","1","n/e","n/e","97"
"BZN|SE1","10.07.2022 17:00 - 10.07.2022 18:00 (CET/CEST)","n/e","n/e","n/e","n/e","n/e","n/e","n/e","n/e","n/e","n/e","n/e","n/e","n/e","2795","n/e","n/e","5","n/e","1","n/e","n/e","189"
"BZN|SE1","10.07.2022 18:00 - 10.07.2022 19:00 (CET/CEST)","n/e","n/e","n/e","n/e","n/e","n/e","n/e","n/e","n/e","n/e","n/e","n/e","n/e","2792","n/e","n/e","5","n/e","0","n/e","n/e","122"
"BZN|SE1","10.07.2022 19:00 - 10.07.2022 20:00 (CET/CEST)","n/e","n/e","n/e","n/e","n/e","n/e","n/e","n/e","n/e","n/e","n/e","n/e","n/e","2775","n/e","n/e","5","n/e","0","n/e","n/e","159"
"BZN|SE1","10.07.2022 20:00 - 10.07.2022 21:00 (CET/CEST)","n/e","n/e","n/e","n/e","n/e","n/e","n/e","n/e","n/e","n/e","n/e","n/e","n/e","2728","n/e","n/e","5","n/e","0","n/e","n/e","180"
"BZN|SE1","10.07.2022 21:00 - 10.07.2022 22:00 (CET/CEST)","n/e","n/e","n/e","n/e","n/e","n/e","n/e","n/e","n/e","n/e","n/e","n/e","n/e","2741","n/e","n/e","5","n/e","0","n/e","n/e","223"
"BZN|SE1","10.07.2022 22:00 - 10.07.2022 23:00 (CET/CEST)","n/e","n/e","n/e","n/e","n/e","n/e","n/e","n/e","n/e","n/e","n/e","n/e","n/e","2532","n/e","n/e","5","n/e","0","n/e","n/e","312"
"BZN|SE1","10.07.2022 23:00 - 11.07.2022 00:00 (CET/CEST)","n/e","n/e","n/e","n/e","n/e","n/e","n/e","n/e","n/e","n/e","n/e","n/e","n/e","2297","n/e","n/e","5","n/e","0","n/e","n/e","352"
"BZN|SE1","11.07.2022 00:00 - 11.07.2022 01:00 (CET/CEST)","n/e","n/e","n/e","n/e","n/e","n/e","n/e","n/e","n/e","n/e","n/e","n/e","n/e","2146","n/e","n/e","4","n/e","0","n/e","n/e","396"
"BZN|SE1","11.07.2022 01:00 - 11.07.2022 02:00 (CET/CEST)","n/e","n/e","n/e","n/e","n/e","n/e","n/e","n/e","n/e","n/e","n/e","n/e","n/e","1984","n/e","n/e","5","n/e","0","n/e","n/e","432"
"BZN|SE1","11.07.2022 02:00 - 11.07.2022 03:00 (CET/CEST)","n/e","n/e","n/e","n/e","n/e","n/e","n/e","n/e","n/e","n/e","n/e","n/e","n/e","1954","n/e","n/e","5","n/e","0","n/e","n/e","433"
"BZN|SE1","11.07.2022 03:00 - 11.07.2022 04:00 (CET/CEST)","n/e","n/e","n/e","n/e","n/e","n/e","n/e","n/e","n/e","n/e","n/e","n/e","n/e","1948","n/e","n/e","4","n/e","0","n/e","n/e","409"
"BZN|SE1","11.07.2022 04:00 - 11.07.2022 05:00 (CET/CEST)","n/e","n/e","n/e","n/e","n/e","n/e","n/e","n/e","n/e","n/e","n/e","n/e","n/e","2012","n/e","n/e","5","n/e","0","n/e","n/e","352"
"BZN|SE1","11.07.2022 05:00 - 11.07.2022 06:00 (CET/CEST)","n/e","n/e","n/e","n/e","n/e","n/e","n/e","n/e","n/e","n/e","n/e","n/e","n/e","2382","n/e","n/e","5","n/e","0","n/e","n/e","299"
"BZN|SE1","11.07.2022 06:00 - 11.07.2022 07:00 (CET/CEST)","n/e","n/e","n/e","n/e","n/e","n/e","n/e","n/e","n/e","n/e","n/e","n/e","n/e","2287","n/e","n/e","5","n/e","0","n/e","n/e","221"
"BZN|SE1","11.07.2022 07:00 - 11.07.2022 08:00 (CET/CEST)","n/e","n/e","n/e","n/e","n/e","n/e","n/e","n/e","n/e","n/e","n/e","n/e","n/e","2837","n/e","n/e","5","n/e","1","n/e","n/e","186"
"BZN|SE1","11.07.2022 08:00 - 11.07.2022 09:00 (CET/CEST)","n/e","n/e","n/e","n/e","n/e","n/e","n/e","n/e","n/e","n/e","n/e","n/e","n/e","2988","n/e","n/e","6","n/e","1","n/e","n/e","158"
"BZN|SE1","11.07.2022 09:00 - 11.07.2022 10:00 (CET/CEST)","n/e","n/e","n/e","n/e","n/e","n/e","n/e","n/e","n/e","n/e","n/e","n/e","n/e","3105","n/e","n/e","6","n/e","1","n/e","n/e","130"
"BZN|SE1","11.07.2022 10:00 - 11.07.2022 11:00 (CET/CEST)","n/e","n/e","n/e","n/e","n/e","n/e","n/e","n/e","n/e","n/e","n/e","n/e","n/e","3149","n/e","n/e","6","n/e","1","n/e","n/e","97"
"BZN|SE1","11.07.2022 11:00 - 11.07.2022 12:00 (CET/CEST)","n/e","n/e","n/e","n/e","n/e","n/e","n/e","n/e","n/e","n/e","n/e","n/e","n/e","3208","n/e","n/e","6","n/e","2","n/e","n/e","87"
"BZN|SE1","11.07.2022 12:00 - 11.07.2022 13:00 (CET/CEST)","n/e","n/e","n/e","n/e","n/e","n/e","n/e","n/e","n/e","n/e","n/e","n/e","n/e","3307","n/e","n/e","6","n/e","2","n/e","n/e","64"
"BZN|SE1","11.07.2022 13:00 - 11.07.2022 14:00 (CET/CEST)","n/e","n/e","n/e","n/e","n/e","n/e","n/e","n/e","n/e","n/e","n/e","n/e","n/e","3307","n/e","n/e","6","n/e","2","n/e","n/e","44"
"BZN|SE1","11.07.2022 14:00 - 11.07.2022 15:00 (CET/CEST)","n/e","n/e","n/e","n/e","n/e","n/e","n/e","n/e","n/e","n/e","n/e","n/e","n/e","3340","n/e","n/e","6","n/e","2","n/e","n/e","36"
"BZN|SE1","11.07.2022 15:00 - 11.07.2022 16:00 (CET/CEST)","n/e","n/e","n/e","n/e","n/e","n/e","n/e","n/e","n/e","n/e","n/e","n/e","n/e","3307","n/e","n/e","6","n/e","2","n/e","n/e","20"
"BZN|SE1","11.07.2022 16:00 - 11.07.2022 17:00 (CET/CEST)","n/e","n/e","n/e","n/e","n/e","n/e","n/e","n/e","n/e","n/e","n/e","n/e","n/e","3386","n/e","n/e","5","n/e","2","n/e","n/e","15"
"BZN|SE1","11.07.2022 17:00 - 11.07.2022 18:00 (CET/CEST)","n/e","n/e","n/e","n/e","n/e","n/e","n/e","n/e","n/e","n/e","n/e","n/e","n/e","3470","n/e","n/e","5","n/e","1","n/e","n/e","19"
"BZN|SE1","11.07.2022 18:00 - 11.07.2022 19:00 (CET/CEST)","n/e","n/e","n/e","n/e","n/e","n/e","n/e","n/e","n/e","n/e","n/e","n/e","n/e","3438","n/e","n/e","5","n/e","1","n/e","n/e","19"
"BZN|SE1","11.07.2022 19:00 - 11.07.2022 20:00 (CET/CEST)","n/e","n/e","n/e","n/e","n/e","n/e","n/e","n/e","n/e","n/e","n/e","n/e","n/e","3362","n/e","n/e","5","n/e","0","n/e","n/e","14"
"BZN|SE1","11.07.2022 20:00 - 11.07.2022 21:00 (CET/CEST)","n/e","n/e","n/e","n/e","n/e","n/e","n/e","n/e","n/e","n/e","n/e","n/e","n/e","3419","n/e","n/e","4","n/e","0","n/e","n/e","23"
"BZN|SE1","11.07.2022 21:00 - 11.07.2022 22:00 (CET/CEST)","n/e","n/e","n/e","n/e","n/e","n/e","n/e","n/e","n/e","n/e","n/e","n/e","n/e","3240","n/e","n/e","4","n/e","0","n/e","n/e","21"
"BZN|SE1","11.07.2022 22:00 - 11.07.2022 23:00 (CET/CEST)","n/e","n/e","n/e","n/e","n/e","n/e","n/e","n/e","n/e","n/e","n/e","n/e","n/e","3098","n/e","n/e","4","n/e","0","n/e","n/e","30"
"BZN|SE1","11.07.2022 23:00 - 12.07.2022 00:00 (CET/CEST)","n/e","n/e","n/e","n/e","n/e","n/e","n/e","n/e","n/e","n/e","n/e","n/e","n/e","2926","n/e","n/e","4","n/e","0","n/e","n/e","41"
"BZN|SE1","12.07.2022 00:00 - 12.07.2022 01:00 (CET/CEST)","n/e","n/e","n/e","n/e","n/e","n/e","n/e","n/e","n/e","n/e","n/e","n/e","n/e","3029","n/e","n/e","4","n/e","0","n/e","n/e","52"
"BZN|SE1","12.07.2022 01:00 - 12.07.2022 02:00 (CET/CEST)","n/e","n/e","n/e","n/e","n/e","n/e","n/e","n/e","n/e","n/e","n/e","n/e","n/e","3010","n/e","n/e","4","n/e","0","n/e","n/e","52"
"BZN|SE1","12.07.2022 02:00 - 12.07.2022 03:00 (CET/CEST)","n/e","n/e","n/e","n/e","n/e","n/e","n/e","n/e","n/e","n/e","n/e","n/e","n/e","3015","n/e","n/e","4","n/e","0","n/e","n/e","61"
"BZN|SE1","12.07.2022 03:00 - 12.07.2022 04:00 (CET/CEST)","n/e","n/e","n/e","n/e","n/e","n/e","n/e","n/e","n/e","n/e","n/e","n/e","n/e","2956","n/e","n/e","4","n/e","0","n/e","n/e","67"
"BZN|SE1","12.07.2022 04:00 - 12.07.2022 05:00 (CET/CEST)","n/e","n/e","n/e","n/e","n/e","n/e","n/e","n/e","n/e","n/e","n/e","n/e","n/e","2992","n/e","n/e","4","n/e","0","n/e","n/e","70"
"BZN|SE1","12.07.2022 05:00 - 12.07.2022 06:00 (CET/CEST)","n/e","n/e","n/e","n/e","n/e","n/e","n/e","n/e","n/e","n/e","n/e","n/e","n/e","3089","n/e","n/e","4","n/e","0","n/e","n/e","58"
"BZN|SE1","12.07.2022 06:00 - 12.07.2022 07:00 (CET/CEST)","n/e","n/e","n/e","n/e","n/e","n/e","n/e","n/e","n/e","n/e","n/e","n/e","n/e","3279","n/e","n/e","4","n/e","0","n/e","n/e","45"
"BZN|SE1","12.07.2022 07:00 - 12.07.2022 08:00 (CET/CEST)","n/e","n/e","n/e","n/e","n/e","n/e","n/e","n/e","n/e","n/e","n/e","n/e","n/e","3414","n/e","n/e","4","n/e","1","n/e","n/e","15"
"BZN|SE1","12.07.2022 08:00 - 12.07.2022 09:00 (CET/CEST)","n/e","n/e","n/e","n/e","n/e","n/e","n/e","n/e","n/e","n/e","n/e","n/e","n/e","3426","n/e","n/e","5","n/e","1","n/e","n/e","5"
"BZN|SE1","12.07.2022 09:00 - 12.07.2022 10:00 (CET/CEST)","n/e","n/e","n/e","n/e","n/e","n/e","n/e","n/e","n/e","n/e","n/e","n/e","n/e","3418","n/e","n/e","6","n/e","2","n/e","n/e","6"
"BZN|SE1","12.07.2022 10:00 - 12.07.2022 11:00 (CET/CEST)","n/e","n/e","n/e","n/e","n/e","n/e","n/e","n/e","n/e","n/e","n/e","n/e","n/e","3447","n/e","n/e","6","n/e","3","n/e","n/e","8"
"BZN|SE1","12.07.2022 11:00 - 12.07.2022 12:00 (CET/CEST)","n/e","n/e","n/e","n/e","n/e","n/e","n/e","n/e","n/e","n/e","n/e","n/e","n/e","3441","n/e","n/e","6","n/e","3","n/e","n/e","13"
"BZN|SE1","12.07.2022 12:00 - 12.07.2022 13:00 (CET/CEST)","n/e","n/e","n/e","n/e","n/e","n/e","n/e","n/e","n/e","n/e","n/e","n/e","n/e","3417","n/e","n/e","6","n/e","3","n/e","n/e","21"
"BZN|SE1","12.07.2022 13:00 - 12.07.2022 14:00 (CET/CEST)","n/e","n/e","n/e","n/e","n/e","n/e","n/e","n/e","n/e","n/e","n/e","n/e","n/e","3397","n/e","n/e","6","n/e","3","n/e","n/e","36"
"BZN|SE1","12.07.2022 14:00 - 12.07.2022 15:00 (CET/CEST)","n/e","n/e","n/e","n/e","n/e","n/e","n/e","n/e","n/e","n/e","n/e","n/e","n/e","3364","n/e","n/e","6","n/e","3","n/e","n/e","63"
"BZN|SE1","12.07.2022 15:00 - 12.07.2022 16:00 (CET/CEST)","n/e","n/e","n/e","n/e","n/e","n/e","n/e","n/e","n/e","n/e","n/e","n/e","n/e","3362","n/e","n/e","6","n/e","3","n/e","n/e","101"
"BZN|SE1","12.07.2022 16:00 - 12.07.2022 17:00 (CET/CEST)","n/e","n/e","n/e","n/e","n/e","n/e","n/e","n/e","n/e","n/e","n/e","n/e","n/e","3227","n/e","n/e","5","n/e","2","n/e","n/e","163"
"BZN|SE1","12.07.2022 17:00 - 12.07.2022 18:00 (CET/CEST)","n/e","n/e","n/e","n/e","n/e","n/e","n/e","n/e","n/e","n/e","n/e","n/e","n/e","3473","n/e","n/e","5","n/e","2","n/e","n/e","229"
"BZN|SE1","12.07.2022 18:00 - 12.07.2022 19:00 (CET/CEST)","n/e","n/e","n/e","n/e","n/e","n/e","n/e","n/e","n/e","n/e","n/e","n/e","n/e","3463","n/e","n/e","4","n/e","1","n/e","n/e","232"
"BZN|SE1","12.07.2022 19:00 - 12.07.2022 20:00 (CET/CEST)","n/e","n/e","n/e","n/e","n/e","n/e","n/e","n/e","n/e","n/e","n/e","n/e","n/e","3295","n/e","n/e","4","n/e","1","n/e","n/e","213"
"BZN|SE1","12.07.2022 20:00 - 12.07.2022 21:00 (CET/CEST)","n/e","n/e","n/e","n/e","n/e","n/e","n/e","n/e","n/e","n/e","n/e","n/e","n/e","3146","n/e","n/e","4","n/e","0","n/e","n/e","284"
"BZN|SE1","12.07.2022 21:00 - 12.07.2022 22:00 (CET/CEST)","n/e","n/e","n/e","n/e","n/e","n/e","n/e","n/e","n/e","n/e","n/e","n/e","n/e","3033","n/e","n/e","4","n/e","0","n/e","n/e","384"
"BZN|SE1","12.07.2022 22:00 - 12.07.2022 23:00 (CET/CEST)","n/e","n/e","n/e","n/e","n/e","n/e","n/e","n/e","n/e","n/e","n/e","n/e","n/e","2912","n/e","n/e","4","n/e","0","n/e","n/e","495"
"BZN|SE1","12.07.2022 23:00 - 13.07.2022 00:00 (CET/CEST)","n/e","n/e","n/e","n/e","n/e","n/e","n/e","n/e","n/e","n/e","n/e","n/e","n/e","2809","n/e","n/e","4","n/e","0","n/e","n/e","535"
"BZN|SE1","13.07.2022 00:00 - 13.07.2022 01:00 (CET/CEST)","n/e","n/e","n/e","n/e","n/e","n/e","n/e","n/e","n/e","n/e","n/e","n/e","n/e","2634","n/e","n/e","5","n/e","0","n/e","n/e","504"
"BZN|SE1","13.07.2022 01:00 - 13.07.2022 02:00 (CET/CEST)","n/e","n/e","n/e","n/e","n/e","n/e","n/e","n/e","n/e","n/e","n/e","n/e","n/e","2507","n/e","n/e","5","n/e","0","n/e","n/e","518"
"BZN|SE1","13.07.2022 02:00 - 13.07.2022 03:00 (CET/CEST)","n/e","n/e","n/e","n/e","n/e","n/e","n/e","n/e","n/e","n/e","n/e","n/e","n/e","2671","n/e","n/e","5","n/e","0","n/e","n/e","434"
"BZN|SE1","13.07.2022 03:00 - 13.07.2022 04:00 (CET/CEST)","n/e","n/e","n/e","n/e","n/e","n/e","n/e","n/e","n/e","n/e","n/e","n/e","n/e","2755","n/e","n/e","4","n/e","0","n/e","n/e","334"
"BZN|SE1","13.07.2022 04:00 - 13.07.2022 05:00 (CET/CEST)","n/e","n/e","n/e","n/e","n/e","n/e","n/e","n/e","n/e","n/e","n/e","n/e","n/e","2733","n/e","n/e","5","n/e","0","n/e","n/e","325"
"BZN|SE1","13.07.2022 05:00 - 13.07.2022 06:00 (CET/CEST)","n/e","n/e","n/e","n/e","n/e","n/e","n/e","n/e","n/e","n/e","n/e","n/e","n/e","2858","n/e","n/e","5","n/e","0","n/e","n/e","274"
"BZN|SE1","13.07.2022 06:00 - 13.07.2022 07:00 (CET/CEST)","n/e","n/e","n/e","n/e","n/e","n/e","n/e","n/e","n/e","n/e","n/e","n/e","n/e","3439","n/e","n/e","5","n/e","0","n/e","n/e","175"
"BZN|SE1","13.07.2022 07:00 - 13.07.2022 08:00 (CET/CEST)","n/e","n/e","n/e","n/e","n/e","n/e","n/e","n/e","n/e","n/e","n/e","n/e","n/e","3546","n/e","n/e","5","n/e","1","n/e","n/e","100"
"BZN|SE1","13.07.2022 08:00 - 13.07.2022 09:00 (CET/CEST)","n/e","n/e","n/e","n/e","n/e","n/e","n/e","n/e","n/e","n/e","n/e","n/e","n/e","3610","n/e","n/e","6","n/e","1","n/e","n/e","65"
"BZN|SE1","13.07.2022 09:00 - 13.07.2022 10:00 (CET/CEST)","n/e","n/e","n/e","n/e","n/e","n/e","n/e","n/e","n/e","n/e","n/e","n/e","n/e","3628","n/e","n/e","5","n/e","2","n/e","n/e","52"
"BZN|SE1","13.07.2022 10:00 - 13.07.2022 11:00 (CET/CEST)","n/e","n/e","n/e","n/e","n/e","n/e","n/e","n/e","n/e","n/e","n/e","n/e","n/e","3610","n/e","n/e","5","n/e","2","n/e","n/e","60"
"BZN|SE1","13.07.2022 11:00 - 13.07.2022 12:00 (CET/CEST)","n/e","n/e","n/e","n/e","n/e","n/e","n/e","n/e","n/e","n/e","n/e","n/e","n/e","3565","n/e","n/e","5","n/e","3","n/e","n/e","72"
"BZN|SE1","13.07.2022 12:00 - 13.07.2022 13:00 (CET/CEST)","n/e","n/e","n/e","n/e","n/e","n/e","n/e","n/e","n/e","n/e","n/e","n/e","n/e","3504","n/e","n/e","5","n/e","2","n/e","n/e","79"
"BZN|SE1","13.07.2022 13:00 - 13.07.2022 14:00 (CET/CEST)","n/e","n/e","n/e","n/e","n/e","n/e","n/e","n/e","n/e","n/e","n/e","n/e","n/e","3467","n/e","n/e","5","n/e","2","n/e","n/e","78"
"BZN|SE1","13.07.2022 14:00 - 13.07.2022 15:00 (CET/CEST)","n/e","n/e","n/e","n/e","n/e","n/e","n/e","n/e","n/e","n/e","n/e","n/e","n/e","3036","n/e","n/e","5","n/e","3","n/e","n/e","80"
"BZN|SE1","13.07.2022 15:00 - 13.07.2022 16:00 (CET/CEST)","n/e","n/e","n/e","n/e","n/e","n/e","n/e","n/e","n/e","n/e","n/e","n/e","n/e","2856","n/e","n/e","6","n/e","2","n/e","n/e","110"
"BZN|SE1","13.07.2022 16:00 - 13.07.2022 17:00 (CET/CEST)","n/e","n/e","n/e","n/e","n/e","n/e","n/e","n/e","n/e","n/e","n/e","n/e","n/e","2776","n/e","n/e","5","n/e","2","n/e","n/e","140"
"BZN|SE1","13.07.2022 17:00 - 13.07.2022 18:00 (CET/CEST)","n/e","n/e","n/e","n/e","n/e","n/e","n/e","n/e","n/e","n/e","n/e","n/e","n/e","2967","n/e","n/e","5","n/e","1","n/e","n/e","132"
"BZN|SE1","13.07.2022 18:00 - 13.07.2022 19:00 (CET/CEST)","n/e","n/e","n/e","n/e","n/e","n/e","n/e","n/e","n/e","n/e","n/e","n/e","n/e","3018","n/e","n/e","5","n/e","1","n/e","n/e","128"
"BZN|SE1","13.07.2022 19:00 - 13.07.2022 20:00 (CET/CEST)","n/e","n/e","n/e","n/e","n/e","n/e","n/e","n/e","n/e","n/e","n/e","n/e","n/e","2945","n/e","n/e","5","n/e","0","n/e","n/e","132"
"BZN|SE1","13.07.2022 20:00 - 13.07.2022 21:00 (CET/CEST)","n/e","n/e","n/e","n/e","n/e","n/e","n/e","n/e","n/e","n/e","n/e","n/e","n/e","2638","n/e","n/e","5","n/e","0","n/e","n/e","177"
"BZN|SE1","13.07.2022 21:00 - 13.07.2022 22:00 (CET/CEST)","n/e","n/e","n/e","n/e","n/e","n/e","n/e","n/e","n/e","n/e","n/e","n/e","n/e","2107","n/e","n/e","4","n/e","0","n/e","n/e","202"
"BZN|SE1","13.07.2022 22:00 - 13.07.2022 23:00 (CET/CEST)","n/e","n/e","n/e","n/e","n/e","n/e","n/e","n/e","n/e","n/e","n/e","n/e","n/e","2102","n/e","n/e","5","n/e","0","n/e","n/e","200"
"BZN|SE1","13.07.2022 23:00 - 14.07.2022 00:00 (CET/CEST)","n/e","n/e","n/e","n/e","n/e","n/e","n/e","n/e","n/e","n/e","n/e","n/e","n/e","2099","n/e","n/e","5","n/e","0","n/e","n/e","178"
"BZN|SE1","14.07.2022 00:00 - 14.07.2022 01:00 (CET/CEST)","n/e","n/e","n/e","n/e","n/e","n/e","n/e","n/e","n/e","n/e","n/e","n/e","n/e","1312","n/e","n/e","4","n/e","0","n/e","n/e","144"
"BZN|SE1","14.07.2022 01:00 - 14.07.2022 02:00 (CET/CEST)","n/e","n/e","n/e","n/e","n/e","n/e","n/e","n/e","n/e","n/e","n/e","n/e","n/e","1311","n/e","n/e","5","n/e","0","n/e","n/e","93"
"BZN|SE1","14.07.2022 02:00 - 14.07.2022 03:00 (CET/CEST)","n/e","n/e","n/e","n/e","n/e","n/e","n/e","n/e","n/e","n/e","n/e","n/e","n/e","1010","n/e","n/e","5","n/e","0","n/e","n/e","70"
"BZN|SE1","14.07.2022 03:00 - 14.07.2022 04:00 (CET/CEST)","n/e","n/e","n/e","n/e","n/e","n/e","n/e","n/e","n/e","n/e","n/e","n/e","n/e","902","n/e","n/e","4","n/e","0","n/e","n/e","33"
"BZN|SE1","14.07.2022 04:00 - 14.07.2022 05:00 (CET/CEST)","n/e","n/e","n/e","n/e","n/e","n/e","n/e","n/e","n/e","n/e","n/e","n/e","n/e","901","n/e","n/e","5","n/e","0","n/e","n/e","30"
"BZN|SE1","14.07.2022 05:00 - 14.07.2022 06:00 (CET/CEST)","n/e","n/e","n/e","n/e","n/e","n/e","n/e","n/e","n/e","n/e","n/e","n/e","n/e","1222","n/e","n/e","5","n/e","0","n/e","n/e","29"
"BZN|SE1","14.07.2022 06:00 - 14.07.2022 07:00 (CET/CEST)","n/e","n/e","n/e","n/e","n/e","n/e","n/e","n/e","n/e","n/e","n/e","n/e","n/e","1475","n/e","n/e","5","n/e","0","n/e","n/e","33"
"BZN|SE1","14.07.2022 07:00 - 14.07.2022 08:00 (CET/CEST)","n/e","n/e","n/e","n/e","n/e","n/e","n/e","n/e","n/e","n/e","n/e","n/e","n/e","1437","n/e","n/e","5","n/e","0","n/e","n/e","51"
"BZN|SE1","14.07.2022 08:00 - 14.07.2022 09:00 (CET/CEST)","n/e","n/e","n/e","n/e","n/e","n/e","n/e","n/e","n/e","n/e","n/e","n/e","n/e","1735","n/e","n/e","5","n/e","0","n/e","n/e","64"
"BZN|SE1","14.07.2022 09:00 - 14.07.2022 10:00 (CET/CEST)","n/e","n/e","n/e","n/e","n/e","n/e","n/e","n/e","n/e","n/e","n/e","n/e","n/e","1890","n/e","n/e","5","n/e","1","n/e","n/e","90"
"BZN|SE1","14.07.2022 10:00 - 14.07.2022 11:00 (CET/CEST)","n/e","n/e","n/e","n/e","n/e","n/e","n/e","n/e","n/e","n/e","n/e","n/e","n/e","1898","n/e","n/e","5","n/e","1","n/e","n/e","111"
"BZN|SE1","14.07.2022 11:00 - 14.07.2022 12:00 (CET/CEST)","n/e","n/e","n/e","n/e","n/e","n/e","n/e","n/e","n/e","n/e","n/e","n/e","n/e","1817","n/e","n/e","5","n/e","1","n/e","n/e","102"
"BZN|SE1","14.07.2022 12:00 - 14.07.2022 13:00 (CET/CEST)","n/e","n/e","n/e","n/e","n/e","n/e","n/e","n/e","n/e","n/e","n/e","n/e","n/e","1716","n/e","n/e","5","n/e","2","n/e","n/e","85"
"BZN|SE1","14.07.2022 13:00 - 14.07.2022 14:00 (CET/CEST)","n/e","n/e","n/e","n/e","n/e","n/e","n/e","n/e","n/e","n/e","n/e","n/e","n/e","1716","n/e","n/e","5","n/e","2","n/e","n/e","81"
"BZN|SE1","14.07.2022 14:00 - 14.07.2022 15:00 (CET/CEST)","n/e","n/e","n/e","n/e","n/e","n/e","n/e","n/e","n/e","n/e","n/e","n/e","n/e","1717","n/e","n/e","5","n/e","2","n/e","n/e","120"
"BZN|SE1","14.07.2022 15:00 - 14.07.2022 16:00 (CET/CEST)","n/e","n/e","n/e","n/e","n/e","n/e","n/e","n/e","n/e","n/e","n/e","n/e","n/e","1717","n/e","n/e","5","n/e","2","n/e","n/e","82"
"BZN|SE1","14.07.2022 16:00 - 14.07.2022 17:00 (CET/CEST)","n/e","n/e","n/e","n/e","n/e","n/e","n/e","n/e","n/e","n/e","n/e","n/e","n/e","1715","n/e","n/e","5","n/e","1","n/e","n/e","76"
"BZN|SE1","14.07.2022 17:00 - 14.07.2022 18:00 (CET/CEST)","n/e","n/e","n/e","n/e","n/e","n/e","n/e","n/e","n/e","n/e","n/e","n/e","n/e","1970","n/e","n/e","5","n/e","1","n/e","n/e","77"
"BZN|SE1","14.07.2022 18:00 - 14.07.2022 19:00 (CET/CEST)","n/e","n/e","n/e","n/e","n/e","n/e","n/e","n/e","n/e","n/e","n/e","n/e","n/e","1942","n/e","n/e","5","n/e","1","n/e","n/e","73"
"BZN|SE1","14.07.2022 19:00 - 14.07.2022 20:00 (CET/CEST)","n/e","n/e","n/e","n/e","n/e","n/e","n/e","n/e","n/e","n/e","n/e","n/e","n/e","1847","n/e","n/e","5","n/e","0","n/e","n/e","97"
"BZN|SE1","14.07.2022 20:00 - 14.07.2022 21:00 (CET/CEST)","n/e","n/e","n/e","n/e","n/e","n/e","n/e","n/e","n/e","n/e","n/e","n/e","n/e","1798","n/e","n/e","5","n/e","0","n/e","n/e","126"
"BZN|SE1","14.07.2022 21:00 - 14.07.2022 22:00 (CET/CEST)","n/e","n/e","n/e","n/e","n/e","n/e","n/e","n/e","n/e","n/e","n/e","n/e","n/e","1710","n/e","n/e","4","n/e","0","n/e","n/e","147"
"BZN|SE1","14.07.2022 22:00 - 14.07.2022 23:00 (CET/CEST)","n/e","n/e","n/e","n/e","n/e","n/e","n/e","n/e","n/e","n/e","n/e","n/e","n/e","1708","n/e","n/e","5","n/e","0","n/e","n/e","195"
"BZN|SE1","14.07.2022 23:00 - 15.07.2022 00:00 (CET/CEST)","n/e","n/e","n/e","n/e","n/e","n/e","n/e","n/e","n/e","n/e","n/e","n/e","n/e","1713","n/e","n/e","5","n/e","0","n/e","n/e","205"
"BZN|SE1","15.07.2022 00:00 - 15.07.2022 01:00 (CET/CEST)","n/e","n/e","n/e","n/e","n/e","n/e","n/e","n/e","n/e","n/e","n/e","n/e","n/e","1343","n/e","n/e","5","n/e","0","n/e","n/e","220"
"BZN|SE1","15.07.2022 01:00 - 15.07.2022 02:00 (CET/CEST)","n/e","n/e","n/e","n/e","n/e","n/e","n/e","n/e","n/e","n/e","n/e","n/e","n/e","1253","n/e","n/e","5","n/e","0","n/e","n/e","252"
"BZN|SE1","15.07.2022 02:00 - 15.07.2022 03:00 (CET/CEST)","n/e","n/e","n/e","n/e","n/e","n/e","n/e","n/e","n/e","n/e","n/e","n/e","n/e","1097","n/e","n/e","5","n/e","0","n/e","n/e","255"
"BZN|SE1","15.07.2022 03:00 - 15.07.2022 04:00 (CET/CEST)","n/e","n/e","n/e","n/e","n/e","n/e","n/e","n/e","n/e","n/e","n/e","n/e","n/e","1093","n/e","n/e","5","n/e","0","n/e","n/e","225"
"BZN|SE1","15.07.2022 04:00 - 15.07.2022 05:00 (CET/CEST)","n/e","n/e","n/e","n/e","n/e","n/e","n/e","n/e","n/e","n/e","n/e","n/e","n/e","1082","n/e","n/e","5","n/e","0","n/e","n/e","176"
"BZN|SE1","15.07.2022 05:00 - 15.07.2022 06:00 (CET/CEST)","n/e","n/e","n/e","n/e","n/e","n/e","n/e","n/e","n/e","n/e","n/e","n/e","n/e","1201","n/e","n/e","5","n/e","0","n/e","n/e","140"
"BZN|SE1","15.07.2022 06:00 - 15.07.2022 07:00 (CET/CEST)","n/e","n/e","n/e","n/e","n/e","n/e","n/e","n/e","n/e","n/e","n/e","n/e","n/e","1448","n/e","n/e","5","n/e","0","n/e","n/e","120"
"BZN|SE1","15.07.2022 07:00 - 15.07.2022 08:00 (CET/CEST)","n/e","n/e","n/e","n/e","n/e","n/e","n/e","n/e","n/e","n/e","n/e","n/e","n/e","1476","n/e","n/e","6","n/e","0","n/e","n/e","101"
"BZN|SE1","15.07.2022 08:00 - 15.07.2022 09:00 (CET/CEST)","n/e","n/e","n/e","n/e","n/e","n/e","n/e","n/e","n/e","n/e","n/e","n/e","n/e","1518","n/e","n/e","6","n/e","1","n/e","n/e","82"
"BZN|SE1","15.07.2022 09:00 - 15.07.2022 10:00 (CET/CEST)","n/e","n/e","n/e","n/e","n/e","n/e","n/e","n/e","n/e","n/e","n/e","n/e","n/e","1264","n/e","n/e","5","n/e","1","n/e","n/e","80"
"BZN|SE1","15.07.2022 10:00 - 15.07.2022 11:00 (CET/CEST)","n/e","n/e","n/e","n/e","n/e","n/e","n/e","n/e","n/e","n/e","n/e","n/e","n/e","1521","n/e","n/e","6","n/e","2","n/e","n/e","76"
"BZN|SE1","15.07.2022 11:00 - 15.07.2022 12:00 (CET/CEST)","n/e","n/e","n/e","n/e","n/e","n/e","n/e","n/e","n/e","n/e","n/e","n/e","n/e","1520","n/e","n/e","5","n/e","2","n/e","n/e","87"
"BZN|SE1","15.07.2022 12:00 - 15.07.2022 13:00 (CET/CEST)","n/e","n/e","n/e","n/e","n/e","n/e","n/e","n/e","n/e","n/e","n/e","n/e","n/e","1481","n/e","n/e","5","n/e","2","n/e","n/e","96"
"BZN|SE1","15.07.2022 13:00 - 15.07.2022 14:00 (CET/CEST)","n/e","n/e","n/e","n/e","n/e","n/e","n/e","n/e","n/e","n/e","n/e","n/e","n/e","1479","n/e","n/e","5","n/e","2","n/e","n/e","96"
"BZN|SE1","15.07.2022 14:00 - 15.07.2022 15:00 (CET/CEST)","n/e","n/e","n/e","n/e","n/e","n/e","n/e","n/e","n/e","n/e","n/e","n/e","n/e","1479","n/e","n/e","6","n/e","2","n/e","n/e","103"
"BZN|SE1","15.07.2022 15:00 - 15.07.2022 16:00 (CET/CEST)","n/e","n/e","n/e","n/e","n/e","n/e","n/e","n/e","n/e","n/e","n/e","n/e","n/e","1475","n/e","n/e","6","n/e","2","n/e","n/e","131"
"BZN|SE1","15.07.2022 16:00 - 15.07.2022 17:00 (CET/CEST)","n/e","n/e","n/e","n/e","n/e","n/e","n/e","n/e","n/e","n/e","n/e","n/e","n/e","1473","n/e","n/e","5","n/e","1","n/e","n/e","180"
"BZN|SE1","15.07.2022 17:00 - 15.07.2022 18:00 (CET/CEST)","n/e","n/e","n/e","n/e","n/e","n/e","n/e","n/e","n/e","n/e","n/e","n/e","n/e","1478","n/e","n/e","5","n/e","1","n/e","n/e","228"
"BZN|SE1","15.07.2022 18:00 - 15.07.2022 19:00 (CET/CEST)","n/e","n/e","n/e","n/e","n/e","n/e","n/e","n/e","n/e","n/e","n/e","n/e","n/e","1478","n/e","n/e","5","n/e","0","n/e","n/e","252"
"BZN|SE1","15.07.2022 19:00 - 15.07.2022 20:00 (CET/CEST)","n/e","n/e","n/e","n/e","n/e","n/e","n/e","n/e","n/e","n/e","n/e","n/e","n/e","1478","n/e","n/e","5","n/e","0","n/e","n/e","202"
"BZN|SE1","15.07.2022 20:00 - 15.07.2022 21:00 (CET/CEST)","n/e","n/e","n/e","n/e","n/e","n/e","n/e","n/e","n/e","n/e","n/e","n/e","n/e","1478","n/e","n/e","5","n/e","0","n/e","n/e","235"
"BZN|SE1","15.07.2022 21:00 - 15.07.2022 22:00 (CET/CEST)","n/e","n/e","n/e","n/e","n/e","n/e","n/e","n/e","n/e","n/e","n/e","n/e","n/e","1432","n/e","n/e","5","n/e","0","n/e","n/e","309"
"BZN|SE1","15.07.2022 22:00 - 15.07.2022 23:00 (CET/CEST)","n/e","n/e","n/e","n/e","n/e","n/e","n/e","n/e","n/e","n/e","n/e","n/e","n/e","1432","n/e","n/e","5","n/e","0","n/e","n/e","326"
"BZN|SE1","15.07.2022 23:00 - 16.07.2022 00:00 (CET/CEST)","n/e","n/e","n/e","n/e","n/e","n/e","n/e","n/e","n/e","n/e","n/e","n/e","n/e","1433","n/e","n/e","5","n/e","0","n/e","n/e","393"
"BZN|SE1","16.07.2022 00:00 - 16.07.2022 01:00 (CET/CEST)","n/e","n/e","n/e","n/e","n/e","n/e","n/e","n/e","n/e","n/e","n/e","n/e","n/e","1128","n/e","n/e","4","n/e","0","n/e","n/e","463"
"BZN|SE1","16.07.2022 01:00 - 16.07.2022 02:00 (CET/CEST)","n/e","n/e","n/e","n/e","n/e","n/e","n/e","n/e","n/e","n/e","n/e","n/e","n/e","1140","n/e","n/e","5","n/e","0","n/e","n/e","521"
"BZN|SE1","16.07.2022 02:00 - 16.07.2022 03:00 (CET/CEST)","n/e","n/e","n/e","n/e","n/e","n/e","n/e","n/e","n/e","n/e","n/e","n/e","n/e","1154","n/e","n/e","5","n/e","0","n/e","n/e","504"
"BZN|SE1","16.07.2022 03:00 - 16.07.2022 04:00 (CET/CEST)","n/e","n/e","n/e","n/e","n/e","n/e","n/e","n/e","n/e","n/e","n/e","n/e","n/e","1148","n/e","n/e","4","n/e","0","n/e","n/e","569"
"BZN|SE1","16.07.2022 04:00 - 16.07.2022 05:00 (CET/CEST)","n/e","n/e","n/e","n/e","n/e","n/e","n/e","n/e","n/e","n/e","n/e","n/e","n/e","1161","n/e","n/e","5","n/e","0","n/e","n/e","606"
"BZN|SE1","16.07.2022 05:00 - 16.07.2022 06:00 (CET/CEST)","n/e","n/e","n/e","n/e","n/e","n/e","n/e","n/e","n/e","n/e","n/e","n/e","n/e","1154","n/e","n/e","5","n/e","0","n/e","n/e","683"
"BZN|SE1","16.07.2022 06:00 - 16.07.2022 07:00 (CET/CEST)","n/e","n/e","n/e","n/e","n/e","n/e","n/e","n/e","n/e","n/e","n/e","n/e","n/e","1147","n/e","n/e","5","n/e","0","n/e","n/e","688"
"BZN|SE1","16.07.2022 07:00 - 16.07.2022 08:00 (CET/CEST)","n/e","n/e","n/e","n/e","n/e","n/e","n/e","n/e","n/e","n/e","n/e","n/e","n/e","1148","n/e","n/e","5","n/e","0","n/e","n/e","670"
"BZN|SE1","16.07.2022 08:00 - 16.07.2022 09:00 (CET/CEST)","n/e","n/e","n/e","n/e","n/e","n/e","n/e","n/e","n/e","n/e","n/e","n/e","n/e","1366","n/e","n/e","5","n/e","1","n/e","n/e","679"
"BZN|SE1","16.07.2022 09:00 - 16.07.2022 10:00 (CET/CEST)","n/e","n/e","n/e","n/e","n/e","n/e","n/e","n/e","n/e","n/e","n/e","n/e","n/e","1282","n/e","n/e","5","n/e","1","n/e","n/e","644"
"BZN|SE1","16.07.2022 10:00 - 16.07.2022 11:00 (CET/CEST)","n/e","n/e","n/e","n/e","n/e","n/e","n/e","n/e","n/e","n/e","n/e","n/e","n/e","1372","n/e","n/e","5","n/e","1","n/e","n/e","683"
"BZN|SE1","16.07.2022 11:00 - 16.07.2022 12:00 (CET/CEST)","n/e","n/e","n/e","n/e","n/e","n/e","n/e","n/e","n/e","n/e","n/e","n/e","n/e","1144","n/e","n/e","5","n/e","2","n/e","n/e","756"
"BZN|SE1","16.07.2022 12:00 - 16.07.2022 13:00 (CET/CEST)","n/e","n/e","n/e","n/e","n/e","n/e","n/e","n/e","n/e","n/e","n/e","n/e","n/e","874","n/e","n/e","5","n/e","2","n/e","n/e","722"
"BZN|SE1","16.07.2022 13:00 - 16.07.2022 14:00 (CET/CEST)","n/e","n/e","n/e","n/e","n/e","n/e","n/e","n/e","n/e","n/e","n/e","n/e","n/e","962","n/e","n/e","5","n/e","2","n/e","n/e","604"
"BZN|SE1","16.07.2022 14:00 - 16.07.2022 15:00 (CET/CEST)","n/e","n/e","n/e","n/e","n/e","n/e","n/e","n/e","n/e","n/e","n/e","n/e","n/e","873","n/e","n/e","5","n/e","2","n/e","n/e","592"
"BZN|SE1","16.07.2022 15:00 - 16.07.2022 16:00 (CET/CEST)","n/e","n/e","n/e","n/e","n/e","n/e","n/e","n/e","n/e","n/e","n/e","n/e","n/e","873","n/e","n/e","5","n/e","2","n/e","n/e","621"
"BZN|SE1","16.07.2022 16:00 - 16.07.2022 17:00 (CET/CEST)","n/e","n/e","n/e","n/e","n/e","n/e","n/e","n/e","n/e","n/e","n/e","n/e","n/e","1084","n/e","n/e","5","n/e","1","n/e","n/e","642"
"BZN|SE1","16.07.2022 17:00 - 16.07.2022 18:00 (CET/CEST)","n/e","n/e","n/e","n/e","n/e","n/e","n/e","n/e","n/e","n/e","n/e","n/e","n/e","1297","n/e","n/e","5","n/e","1","n/e","n/e","647"
"BZN|SE1","16.07.2022 18:00 - 16.07.2022 19:00 (CET/CEST)","n/e","n/e","n/e","n/e","n/e","n/e","n/e","n/e","n/e","n/e","n/e","n/e","n/e","1318","n/e","n/e","5","n/e","0","n/e","n/e","701"
"BZN|SE1","16.07.2022 19:00 - 16.07.2022 20:00 (CET/CEST)","n/e","n/e","n/e","n/e","n/e","n/e","n/e","n/e","n/e","n/e","n/e","n/e","n/e","1392","n/e","n/e","5","n/e","0","n/e","n/e","853"
"BZN|SE1","16.07.2022 20:00 - 16.07.2022 21:00 (CET/CEST)","n/e","n/e","n/e","n/e","n/e","n/e","n/e","n/e","n/e","n/e","n/e","n/e","n/e","1468","n/e","n/e","5","n/e","0","n/e","n/e","905"
"BZN|SE1","16.07.2022 21:00 - 16.07.2022 22:00 (CET/CEST)","n/e","n/e","n/e","n/e","n/e","n/e","n/e","n/e","n/e","n/e","n/e","n/e","n/e","1369","n/e","n/e","4","n/e","0","n/e","n/e","1049"
"BZN|SE1","16.07.2022 22:00 - 16.07.2022 23:00 (CET/CEST)","n/e","n/e","n/e","n/e","n/e","n/e","n/e","n/e","n/e","n/e","n/e","n/e","n/e","1346","n/e","n/e","4","n/e","0","n/e","n/e","1174"
"BZN|SE1","16.07.2022 23:00 - 17.07.2022 00:00 (CET/CEST)","n/e","n/e","n/e","n/e","n/e","n/e","n/e","n/e","n/e","n/e","n/e","n/e","n/e","1379","n/e","n/e","4","n/e","0","n/e","n/e","1244"
"BZN|SE1","17.07.2022 00:00 - 17.07.2022 01:00 (CET/CEST)","n/e","n/e","n/e","n/e","n/e","n/e","n/e","n/e","n/e","n/e","n/e","n/e","n/e","1361","n/e","n/e","4","n/e","0","n/e","n/e","1310"
"BZN|SE1","17.07.2022 01:00 - 17.07.2022 02:00 (CET/CEST)","n/e","n/e","n/e","n/e","n/e","n/e","n/e","n/e","n/e","n/e","n/e","n/e","n/e","1356","n/e","n/e","4","n/e","0","n/e","n/e","1330"
"BZN|SE1","17.07.2022 02:00 - 17.07.2022 03:00 (CET/CEST)","n/e","n/e","n/e","n/e","n/e","n/e","n/e","n/e","n/e","n/e","n/e","n/e","n/e","1370","n/e","n/e","5","n/e","0","n/e","n/e","1337"
"BZN|SE1","17.07.2022 03:00 - 17.07.2022 04:00 (CET/CEST)","n/e","n/e","n/e","n/e","n/e","n/e","n/e","n/e","n/e","n/e","n/e","n/e","n/e","1361","n/e","n/e","4","n/e","0","n/e","n/e","1314"
"BZN|SE1","17.07.2022 04:00 - 17.07.2022 05:00 (CET/CEST)","n/e","n/e","n/e","n/e","n/e","n/e","n/e","n/e","n/e","n/e","n/e","n/e","n/e","1364","n/e","n/e","4","n/e","0","n/e","n/e","1317"
"BZN|SE1","17.07.2022 05:00 - 17.07.2022 06:00 (CET/CEST)","n/e","n/e","n/e","n/e","n/e","n/e","n/e","n/e","n/e","n/e","n/e","n/e","n/e","1363","n/e","n/e","4","n/e","0","n/e","n/e","1297"
"BZN|SE1","17.07.2022 06:00 - 17.07.2022 07:00 (CET/CEST)","n/e","n/e","n/e","n/e","n/e","n/e","n/e","n/e","n/e","n/e","n/e","n/e","n/e","1433","n/e","n/e","5","n/e","0","n/e","n/e","1215"
"BZN|SE1","17.07.2022 07:00 - 17.07.2022 08:00 (CET/CEST)","n/e","n/e","n/e","n/e","n/e","n/e","n/e","n/e","n/e","n/e","n/e","n/e","n/e","1548","n/e","n/e","4","n/e","0","n/e","n/e","1163"
"BZN|SE1","17.07.2022 08:00 - 17.07.2022 09:00 (CET/CEST)","n/e","n/e","n/e","n/e","n/e","n/e","n/e","n/e","n/e","n/e","n/e","n/e","n/e","1728","n/e","n/e","5","n/e","0","n/e","n/e","1088"
"BZN|SE1","17.07.2022 09:00 - 17.07.2022 10:00 (CET/CEST)","n/e","n/e","n/e","n/e","n/e","n/e","n/e","n/e","n/e","n/e","n/e","n/e","n/e","1897","n/e","n/e","4","n/e","0","n/e","n/e","982"
"BZN|SE1","17.07.2022 10:00 - 17.07.2022 11:00 (CET/CEST)","n/e","n/e","n/e","n/e","n/e","n/e","n/e","n/e","n/e","n/e","n/e","n/e","n/e","2223","n/e","n/e","5","n/e","0","n/e","n/e","875"
"BZN|SE1","17.07.2022 11:00 - 17.07.2022 12:00 (CET/CEST)","n/e","n/e","n/e","n/e","n/e","n/e","n/e","n/e","n/e","n/e","n/e","n/e","n/e","2490","n/e","n/e","4","n/e","1","n/e","n/e","732"
"BZN|SE1","17.07.2022 12:00 - 17.07.2022 13:00 (CET/CEST)","n/e","n/e","n/e","n/e","n/e","n/e","n/e","n/e","n/e","n/e","n/e","n/e","n/e","2499","n/e","n/e","4","n/e","1","n/e","n/e","644"
"BZN|SE1","17.07.2022 13:00 - 17.07.2022 14:00 (CET/CEST)","n/e","n/e","n/e","n/e","n/e","n/e","n/e","n/e","n/e","n/e","n/e","n/e","n/e","2505","n/e","n/e","5","n/e","1","n/e","n/e","592"
"BZN|SE1","17.07.2022 14:00 - 17.07.2022 15:00 (CET/CEST)","n/e","n/e","n/e","n/e","n/e","n/e","n/e","n/e","n/e","n/e","n/e","n/e","n/e","2494","n/e","n/e","5","n/e","1","n/e","n/e","517"
"BZN|SE1","17.07.2022 15:00 - 17.07.2022 16:00 (CET/CEST)","n/e","n/e","n/e","n/e","n/e","n/e","n/e","n/e","n/e","n/e","n/e","n/e","n/e","2565","n/e","n/e","5","n/e","1","n/e","n/e","448"
"BZN|SE1","17.07.2022 16:00 - 17.07.2022 17:00 (CET/CEST)","n/e","n/e","n/e","n/e","n/e","n/e","n/e","n/e","n/e","n/e","n/e","n/e","n/e","2562","n/e","n/e","5","n/e","0","n/e","n/e","434"
"BZN|SE1","17.07.2022 17:00 - 17.07.2022 18:00 (CET/CEST)","n/e","n/e","n/e","n/e","n/e","n/e","n/e","n/e","n/e","n/e","n/e","n/e","n/e","2924","n/e","n/e","4","n/e","0","n/e","n/e","363"
"BZN|SE1","17.07.2022 18:00 - 17.07.2022 19:00 (CET/CEST)","n/e","n/e","n/e","n/e","n/e","n/e","n/e","n/e","n/e","n/e","n/e","n/e","n/e","3133","n/e","n/e","4","n/e","0","n/e","n/e","317"
"BZN|SE1","17.07.2022 19:00 - 17.07.2022 20:00 (CET/CEST)","n/e","n/e","n/e","n/e","n/e","n/e","n/e","n/e","n/e","n/e","n/e","n/e","n/e","3241","n/e","n/e","4","n/e","0","n/e","n/e","270"
"BZN|SE1","17.07.2022 20:00 - 17.07.2022 21:00 (CET/CEST)","n/e","n/e","n/e","n/e","n/e","n/e","n/e","n/e","n/e","n/e","n/e","n/e","n/e","3247","n/e","n/e","4","n/e","0","n/e","n/e","153"
"BZN|SE1","17.07.2022 21:00 - 17.07.2022 22:00 (CET/CEST)","n/e","n/e","n/e","n/e","n/e","n/e","n/e","n/e","n/e","n/e","n/e","n/e","n/e","3130","n/e","n/e","4","n/e","0","n/e","n/e","141"
"BZN|SE1","17.07.2022 22:00 - 17.07.2022 23:00 (CET/CEST)","n/e","n/e","n/e","n/e","n/e","n/e","n/e","n/e","n/e","n/e","n/e","n/e","n/e","3075","n/e","n/e","4","n/e","0","n/e","n/e","172"
"BZN|SE1","17.07.2022 23:00 - 18.07.2022 00:00 (CET/CEST)","n/e","n/e","n/e","n/e","n/e","n/e","n/e","n/e","n/e","n/e","n/e","n/e","n/e","3028","n/e","n/e","4","n/e","0","n/e","n/e","198"
"BZN|SE1","18.07.2022 00:00 - 18.07.2022 01:00 (CET/CEST)","n/e","n/e","n/e","n/e","n/e","n/e","n/e","n/e","n/e","n/e","n/e","n/e","n/e","2609","n/e","n/e","4","n/e","0","n/e","n/e","239"
"BZN|SE1","18.07.2022 01:00 - 18.07.2022 02:00 (CET/CEST)","n/e","n/e","n/e","n/e","n/e","n/e","n/e","n/e","n/e","n/e","n/e","n/e","n/e","2387","n/e","n/e","4","n/e","0","n/e","n/e","294"
"BZN|SE1","18.07.2022 02:00 - 18.07.2022 03:00 (CET/CEST)","n/e","n/e","n/e","n/e","n/e","n/e","n/e","n/e","n/e","n/e","n/e","n/e","n/e","2368","n/e","n/e","4","n/e","0","n/e","n/e","330"
"BZN|SE1","18.07.2022 03:00 - 18.07.2022 04:00 (CET/CEST)","n/e","n/e","n/e","n/e","n/e","n/e","n/e","n/e","n/e","n/e","n/e","n/e","n/e","2379","n/e","n/e","4","n/e","0","n/e","n/e","328"
"BZN|SE1","18.07.2022 04:00 - 18.07.2022 05:00 (CET/CEST)","n/e","n/e","n/e","n/e","n/e","n/e","n/e","n/e","n/e","n/e","n/e","n/e","n/e","2437","n/e","n/e","4","n/e","0","n/e","n/e","348"
"BZN|SE1","18.07.2022 05:00 - 18.07.2022 06:00 (CET/CEST)","n/e","n/e","n/e","n/e","n/e","n/e","n/e","n/e","n/e","n/e","n/e","n/e","n/e","2476","n/e","n/e","4","n/e","0","n/e","n/e","302"
"BZN|SE1","18.07.2022 06:00 - 18.07.2022 07:00 (CET/CEST)","n/e","n/e","n/e","n/e","n/e","n/e","n/e","n/e","n/e","n/e","n/e","n/e","n/e","2898","n/e","n/e","4","n/e","0","n/e","n/e","187"
"BZN|SE1","18.07.2022 07:00 - 18.07.2022 08:00 (CET/CEST)","n/e","n/e","n/e","n/e","n/e","n/e","n/e","n/e","n/e","n/e","n/e","n/e","n/e","3366","n/e","n/e","4","n/e","1","n/e","n/e","126"
"BZN|SE1","18.07.2022 08:00 - 18.07.2022 09:00 (CET/CEST)","n/e","n/e","n/e","n/e","n/e","n/e","n/e","n/e","n/e","n/e","n/e","n/e","n/e","3787","n/e","n/e","5","n/e","1","n/e","n/e","118"
"BZN|SE1","18.07.2022 09:00 - 18.07.2022 10:00 (CET/CEST)","n/e","n/e","n/e","n/e","n/e","n/e","n/e","n/e","n/e","n/e","n/e","n/e","n/e","3801","n/e","n/e","4","n/e","2","n/e","n/e","90"
"BZN|SE1","18.07.2022 10:00 - 18.07.2022 11:00 (CET/CEST)","n/e","n/e","n/e","n/e","n/e","n/e","n/e","n/e","n/e","n/e","n/e","n/e","n/e","3793","n/e","n/e","5","n/e","2","n/e","n/e","92"
"BZN|SE1","18.07.2022 11:00 - 18.07.2022 12:00 (CET/CEST)","n/e","n/e","n/e","n/e","n/e","n/e","n/e","n/e","n/e","n/e","n/e","n/e","n/e","3792","n/e","n/e","5","n/e","2","n/e","n/e","105"
"BZN|SE1","18.07.2022 12:00 - 18.07.2022 13:00 (CET/CEST)","n/e","n/e","n/e","n/e","n/e","n/e","n/e","n/e","n/e","n/e","n/e","n/e","n/e","3522","n/e","n/e","5","n/e","2","n/e","n/e","132"
"BZN|SE1","18.07.2022 13:00 - 18.07.2022 14:00 (CET/CEST)","n/e","n/e","n/e","n/e","n/e","n/e","n/e","n/e","n/e","n/e","n/e","n/e","n/e","3394","n/e","n/e","5","n/e","2","n/e","n/e","161"
"BZN|SE1","18.07.2022 14:00 - 18.07.2022 15:00 (CET/CEST)","n/e","n/e","n/e","n/e","n/e","n/e","n/e","n/e","n/e","n/e","n/e","n/e","n/e","3250","n/e","n/e","5","n/e","2","n/e","n/e","200"
"BZN|SE1","18.07.2022 15:00 - 18.07.2022 16:00 (CET/CEST)","n/e","n/e","n/e","n/e","n/e","n/e","n/e","n/e","n/e","n/e","n/e","n/e","n/e","3251","n/e","n/e","5","n/e","1","n/e","n/e","214"
"BZN|SE1","18.07.2022 16:00 - 18.07.2022 17:00 (CET/CEST)","n/e","n/e","n/e","n/e","n/e","n/e","n/e","n/e","n/e","n/e","n/e","n/e","n/e","3252","n/e","n/e","5","n/e","1","n/e","n/e","261"
"BZN|SE1","18.07.2022 17:00 - 18.07.2022 18:00 (CET/CEST)","n/e","n/e","n/e","n/e","n/e","n/e","n/e","n/e","n/e","n/e","n/e","n/e","n/e","3439","n/e","n/e","4","n/e","1","n/e","n/e","278"
"BZN|SE1","18.07.2022 18:00 - 18.07.2022 19:00 (CET/CEST)","n/e","n/e","n/e","n/e","n/e","n/e","n/e","n/e","n/e","n/e","n/e","n/e","n/e","3657","n/e","n/e","4","n/e","1","n/e","n/e","172"
"BZN|SE1","18.07.2022 19:00 - 18.07.2022 20:00 (CET/CEST)","n/e","n/e","n/e","n/e","n/e","n/e","n/e","n/e","n/e","n/e","n/e","n/e","n/e","3675","n/e","n/e","4","n/e","0","n/e","n/e","134"
"BZN|SE1","18.07.2022 20:00 - 18.07.2022 21:00 (CET/CEST)","n/e","n/e","n/e","n/e","n/e","n/e","n/e","n/e","n/e","n/e","n/e","n/e","n/e","3543","n/e","n/e","4","n/e","0","n/e","n/e","137"
"BZN|SE1","18.07.2022 21:00 - 18.07.2022 22:00 (CET/CEST)","n/e","n/e","n/e","n/e","n/e","n/e","n/e","n/e","n/e","n/e","n/e","n/e","n/e","3212","n/e","n/e","4","n/e","0","n/e","n/e","208"
"BZN|SE1","18.07.2022 22:00 - 18.07.2022 23:00 (CET/CEST)","n/e","n/e","n/e","n/e","n/e","n/e","n/e","n/e","n/e","n/e","n/e","n/e","n/e","2959","n/e","n/e","4","n/e","0","n/e","n/e","311"
"BZN|SE1","18.07.2022 23:00 - 19.07.2022 00:00 (CET/CEST)","n/e","n/e","n/e","n/e","n/e","n/e","n/e","n/e","n/e","n/e","n/e","n/e","n/e","2391","n/e","n/e","4","n/e","0","n/e","n/e","417"
"BZN|SE1","19.07.2022 00:00 - 19.07.2022 01:00 (CET/CEST)","n/e","n/e","n/e","n/e","n/e","n/e","n/e","n/e","n/e","n/e","n/e","n/e","n/e","2514","n/e","n/e","4","n/e","0","n/e","n/e","448"
"BZN|SE1","19.07.2022 01:00 - 19.07.2022 02:00 (CET/CEST)","n/e","n/e","n/e","n/e","n/e","n/e","n/e","n/e","n/e","n/e","n/e","n/e","n/e","2435","n/e","n/e","4","n/e","0","n/e","n/e","462"
"BZN|SE1","19.07.2022 02:00 - 19.07.2022 03:00 (CET/CEST)","n/e","n/e","n/e","n/e","n/e","n/e","n/e","n/e","n/e","n/e","n/e","n/e","n/e","2412","n/e","n/e","4","n/e","0","n/e","n/e","584"
"BZN|SE1","19.07.2022 03:00 - 19.07.2022 04:00 (CET/CEST)","n/e","n/e","n/e","n/e","n/e","n/e","n/e","n/e","n/e","n/e","n/e","n/e","n/e","2394","n/e","n/e","4","n/e","0","n/e","n/e","593"
"BZN|SE1","19.07.2022 04:00 - 19.07.2022 05:00 (CET/CEST)","n/e","n/e","n/e","n/e","n/e","n/e","n/e","n/e","n/e","n/e","n/e","n/e","n/e","2365","n/e","n/e","4","n/e","0","n/e","n/e","585"
"BZN|SE1","19.07.2022 05:00 - 19.07.2022 06:00 (CET/CEST)","n/e","n/e","n/e","n/e","n/e","n/e","n/e","n/e","n/e","n/e","n/e","n/e","n/e","2473","n/e","n/e","4","n/e","0","n/e","n/e","496"
"BZN|SE1","19.07.2022 06:00 - 19.07.2022 07:00 (CET/CEST)","n/e","n/e","n/e","n/e","n/e","n/e","n/e","n/e","n/e","n/e","n/e","n/e","n/e","2583","n/e","n/e","4","n/e","0","n/e","n/e","447"
"BZN|SE1","19.07.2022 07:00 - 19.07.2022 08:00 (CET/CEST)","n/e","n/e","n/e","n/e","n/e","n/e","n/e","n/e","n/e","n/e","n/e","n/e","n/e","3110","n/e","n/e","4","n/e","1","n/e","n/e","340"
"BZN|SE1","19.07.2022 08:00 - 19.07.2022 09:00 (CET/CEST)","n/e","n/e","n/e","n/e","n/e","n/e","n/e","n/e","n/e","n/e","n/e","n/e","n/e","3139","n/e","n/e","5","n/e","1","n/e","n/e","336"
"BZN|SE1","19.07.2022 09:00 - 19.07.2022 10:00 (CET/CEST)","n/e","n/e","n/e","n/e","n/e","n/e","n/e","n/e","n/e","n/e","n/e","n/e","n/e","3230","n/e","n/e","4","n/e","2","n/e","n/e","332"
"BZN|SE1","19.07.2022 10:00 - 19.07.2022 11:00 (CET/CEST)","n/e","n/e","n/e","n/e","n/e","n/e","n/e","n/e","n/e","n/e","n/e","n/e","n/e","3192","n/e","n/e","5","n/e","2","n/e","n/e","339"
"BZN|SE1","19.07.2022 11:00 - 19.07.2022 12:00 (CET/CEST)","n/e","n/e","n/e","n/e","n/e","n/e","n/e","n/e","n/e","n/e","n/e","n/e","n/e","3188","n/e","n/e","5","n/e","2","n/e","n/e","361"
"BZN|SE1","19.07.2022 12:00 - 19.07.2022 13:00 (CET/CEST)","n/e","n/e","n/e","n/e","n/e","n/e","n/e","n/e","n/e","n/e","n/e","n/e","n/e","3069","n/e","n/e","5","n/e","2","n/e","n/e","384"
"BZN|SE1","19.07.2022 13:00 - 19.07.2022 14:00 (CET/CEST)","n/e","n/e","n/e","n/e","n/e","n/e","n/e","n/e","n/e","n/e","n/e","n/e","n/e","3069","n/e","n/e","5","n/e","2","n/e","n/e","427"
"BZN|SE1","19.07.2022 14:00 - 19.07.2022 15:00 (CET/CEST)","n/e","n/e","n/e","n/e","n/e","n/e","n/e","n/e","n/e","n/e","n/e","n/e","n/e","3078","n/e","n/e","5","n/e","2","n/e","n/e","446"
"BZN|SE1","19.07.2022 15:00 - 19.07.2022 16:00 (CET/CEST)","n/e","n/e","n/e","n/e","n/e","n/e","n/e","n/e","n/e","n/e","n/e","n/e","n/e","3068","n/e","n/e","5","n/e","2","n/e","n/e","481"
"BZN|SE1","19.07.2022 16:00 - 19.07.2022 17:00 (CET/CEST)","n/e","n/e","n/e","n/e","n/e","n/e","n/e","n/e","n/e","n/e","n/e","n/e","n/e","3164","n/e","n/e","5","n/e","1","n/e","n/e","522"
"BZN|SE1","19.07.2022 17:00 - 19.07.2022 18:00 (CET/CEST)","n/e","n/e","n/e","n/e","n/e","n/e","n/e","n/e","n/e","n/e","n/e","n/e","n/e","3123","n/e","n/e","4","n/e","1","n/e","n/e","500"
"BZN|SE1","19.07.2022 18:00 - 19.07.2022 19:00 (CET/CEST)","n/e","n/e","n/e","n/e","n/e","n/e","n/e","n/e","n/e","n/e","n/e","n/e","n/e","3164","n/e","n/e","4","n/e","1","n/e","n/e","416"
"BZN|SE1","19.07.2022 19:00 - 19.07.2022 20:00 (CET/CEST)","n/e","n/e","n/e","n/e","n/e","n/e","n/e","n/e","n/e","n/e","n/e","n/e","n/e","3208","n/e","n/e","4","n/e","0","n/e","n/e","372"
"BZN|SE1","19.07.2022 20:00 - 19.07.2022 21:00 (CET/CEST)","n/e","n/e","n/e","n/e","n/e","n/e","n/e","n/e","n/e","n/e","n/e","n/e","n/e","3245","n/e","n/e","4","n/e","0","n/e","n/e","403"
"BZN|SE1","19.07.2022 21:00 - 19.07.2022 22:00 (CET/CEST)","n/e","n/e","n/e","n/e","n/e","n/e","n/e","n/e","n/e","n/e","n/e","n/e","n/e","3211","n/e","n/e","3","n/e","0","n/e","n/e","458"
"BZN|SE1","19.07.2022 22:00 - 19.07.2022 23:00 (CET/CEST)","n/e","n/e","n/e","n/e","n/e","n/e","n/e","n/e","n/e","n/e","n/e","n/e","n/e","3213","n/e","n/e","4","n/e","0","n/e","n/e","583"
"BZN|SE1","19.07.2022 23:00 - 20.07.2022 00:00 (CET/CEST)","n/e","n/e","n/e","n/e","n/e","n/e","n/e","n/e","n/e","n/e","n/e","n/e","n/e","3036","n/e","n/e","4","n/e","0","n/e","n/e","649"
"BZN|SE1","20.07.2022 00:00 - 20.07.2022 01:00 (CET/CEST)","n/e","n/e","n/e","n/e","n/e","n/e","n/e","n/e","n/e","n/e","n/e","n/e","n/e","2755","n/e","n/e","4","n/e","0","n/e","n/e","634"
"BZN|SE1","20.07.2022 01:00 - 20.07.2022 02:00 (CET/CEST)","n/e","n/e","n/e","n/e","n/e","n/e","n/e","n/e","n/e","n/e","n/e","n/e","n/e","2768","n/e","n/e","4","n/e","0","n/e","n/e","627"
"BZN|SE1","20.07.2022 02:00 - 20.07.2022 03:00 (CET/CEST)","n/e","n/e","n/e","n/e","n/e","n/e","n/e","n/e","n/e","n/e","n/e","n/e","n/e","2438","n/e","n/e","4","n/e","0","n/e","n/e","588"
"BZN|SE1","20.07.2022 03:00 - 20.07.2022 04:00 (CET/CEST)","n/e","n/e","n/e","n/e","n/e","n/e","n/e","n/e","n/e","n/e","n/e","n/e","n/e","2511","n/e","n/e","3","n/e","0","n/e","n/e","479"
"BZN|SE1","20.07.2022 04:00 - 20.07.2022 05:00 (CET/CEST)","n/e","n/e","n/e","n/e","n/e","n/e","n/e","n/e","n/e","n/e","n/e","n/e","n/e","2573","n/e","n/e","4","n/e","0","n/e","n/e","340"
"BZN|SE1","20.07.2022 05:00 - 20.07.2022 06:00 (CET/CEST)","n/e","n/e","n/e","n/e","n/e","n/e","n/e","n/e","n/e","n/e","n/e","n/e","n/e","2806","n/e","n/e","4","n/e","0","n/e","n/e","220"
"BZN|SE1","20.07.2022 06:00 - 20.07.2022 07:00 (CET/CEST)","n/e","n/e","n/e","n/e","n/e","n/e","n/e","n/e","n/e","n/e","n/e","n/e","n/e","2821","n/e","n/e","4","n/e","0","n/e","n/e","108"
"BZN|SE1","20.07.2022 07:00 - 20.07.2022 08:00 (CET/CEST)","n/e","n/e","n/e","n/e","n/e","n/e","n/e","n/e","n/e","n/e","n/e","n/e","n/e","3188","n/e","n/e","4","n/e","1","n/e","n/e","34"
"BZN|SE1","20.07.2022 08:00 - 20.07.2022 09:00 (CET/CEST)","n/e","n/e","n/e","n/e","n/e","n/e","n/e","n/e","n/e","n/e","n/e","n/e","n/e","3201","n/e","n/e","5","n/e","1","n/e","n/e","19"
"BZN|SE1","20.07.2022 09:00 - 20.07.2022 10:00 (CET/CEST)","n/e","n/e","n/e","n/e","n/e","n/e","n/e","n/e","n/e","n/e","n/e","n/e","n/e","3169","n/e","n/e","5","n/e","2","n/e","n/e","10"
"BZN|SE1","20.07.2022 10:00 - 20.07.2022 11:00 (CET/CEST)","n/e","n/e","n/e","n/e","n/e","n/e","n/e","n/e","n/e","n/e","n/e","n/e","n/e","3181","n/e","n/e","5","n/e","3","n/e","n/e","11"
"BZN|SE1","20.07.2022 11:00 - 20.07.2022 12:00 (CET/CEST)","n/e","n/e","n/e","n/e","n/e","n/e","n/e","n/e","n/e","n/e","n/e","n/e","n/e","2637","n/e","n/e","5","n/e","3","n/e","n/e","16"
"BZN|SE1","20.07.2022 12:00 - 20.07.2022 13:00 (CET/CEST)","n/e","n/e","n/e","n/e","n/e","n/e","n/e","n/e","n/e","n/e","n/e","n/e","n/e","2421","n/e","n/e","5","n/e","3","n/e","n/e","32"
"BZN|SE1","20.07.2022 13:00 - 20.07.2022 14:00 (CET/CEST)","n/e","n/e","n/e","n/e","n/e","n/e","n/e","n/e","n/e","n/e","n/e","n/e","n/e","2425","n/e","n/e","5","n/e","3","n/e","n/e","54"
"BZN|SE1","20.07.2022 14:00 - 20.07.2022 15:00 (CET/CEST)","n/e","n/e","n/e","n/e","n/e","n/e","n/e","n/e","n/e","n/e","n/e","n/e","n/e","2529","n/e","n/e","5","n/e","3","n/e","n/e","92"
"BZN|SE1","20.07.2022 15:00 - 20.07.2022 16:00 (CET/CEST)","n/e","n/e","n/e","n/e","n/e","n/e","n/e","n/e","n/e","n/e","n/e","n/e","n/e","2570","n/e","n/e","5","n/e","2","n/e","n/e","128"
"BZN|SE1","20.07.2022 16:00 - 20.07.2022 17:00 (CET/CEST)","n/e","n/e","n/e","n/e","n/e","n/e","n/e","n/e","n/e","n/e","n/e","n/e","n/e","2685","n/e","n/e","4","n/e","2","n/e","n/e","153"
"BZN|SE1","20.07.2022 17:00 - 20.07.2022 18:00 (CET/CEST)","n/e","n/e","n/e","n/e","n/e","n/e","n/e","n/e","n/e","n/e","n/e","n/e","n/e","2798","n/e","n/e","4","n/e","1","n/e","n/e","182"
"BZN|SE1","20.07.2022 18:00 - 20.07.2022 19:00 (CET/CEST)","n/e","n/e","n/e","n/e","n/e","n/e","n/e","n/e","n/e","n/e","n/e","n/e","n/e","2973","n/e","n/e","4","n/e","1","n/e","n/e","193"
"BZN|SE1","20.07.2022 19:00 - 20.07.2022 20:00 (CET/CEST)","n/e","n/e","n/e","n/e","n/e","n/e","n/e","n/e","n/e","n/e","n/e","n/e","n/e","2921","n/e","n/e","4","n/e","0","n/e","n/e","195"
"BZN|SE1","20.07.2022 20:00 - 20.07.2022 21:00 (CET/CEST)","n/e","n/e","n/e","n/e","n/e","n/e","n/e","n/e","n/e","n/e","n/e","n/e","n/e","2774","n/e","n/e","4","n/e","0","n/e","n/e","228"
"BZN|SE1","20.07.2022 21:00 - 20.07.2022 22:00 (CET/CEST)","n/e","n/e","n/e","n/e","n/e","n/e","n/e","n/e","n/e","n/e","n/e","n/e","n/e","2646","n/e","n/e","3","n/e","0","n/e","n/e","297"
"BZN|SE1","20.07.2022 22:00 - 20.07.2022 23:00 (CET/CEST)","n/e","n/e","n/e","n/e","n/e","n/e","n/e","n/e","n/e","n/e","n/e","n/e","n/e","2726","n/e","n/e","4","n/e","0","n/e","n/e","280"
"BZN|SE1","20.07.2022 23:00 - 21.07.2022 00:00 (CET/CEST)","n/e","n/e","n/e","n/e","n/e","n/e","n/e","n/e","n/e","n/e","n/e","n/e","n/e","2682","n/e","n/e","4","n/e","0","n/e","n/e","264"
"BZN|SE1","21.07.2022 00:00 - 21.07.2022 01:00 (CET/CEST)","n/e","n/e","n/e","n/e","n/e","n/e","n/e","n/e","n/e","n/e","n/e","n/e","n/e","2703","n/e","n/e","4","n/e","0","n/e","n/e","229"
"BZN|SE1","21.07.2022 01:00 - 21.07.2022 02:00 (CET/CEST)","n/e","n/e","n/e","n/e","n/e","n/e","n/e","n/e","n/e","n/e","n/e","n/e","n/e","2609","n/e","n/e","4","n/e","0","n/e","n/e","187"
"BZN|SE1","21.07.2022 02:00 - 21.07.2022 03:00 (CET/CEST)","n/e","n/e","n/e","n/e","n/e","n/e","n/e","n/e","n/e","n/e","n/e","n/e","n/e","2598","n/e","n/e","4","n/e","0","n/e","n/e","165"
"BZN|SE1","21.07.2022 03:00 - 21.07.2022 04:00 (CET/CEST)","n/e","n/e","n/e","n/e","n/e","n/e","n/e","n/e","n/e","n/e","n/e","n/e","n/e","2443","n/e","n/e","4","n/e","0","n/e","n/e","151"
"BZN|SE1","21.07.2022 04:00 - 21.07.2022 05:00 (CET/CEST)","n/e","n/e","n/e","n/e","n/e","n/e","n/e","n/e","n/e","n/e","n/e","n/e","n/e","2429","n/e","n/e","4","n/e","0","n/e","n/e","167"
"BZN|SE1","21.07.2022 05:00 - 21.07.2022 06:00 (CET/CEST)","n/e","n/e","n/e","n/e","n/e","n/e","n/e","n/e","n/e","n/e","n/e","n/e","n/e","2625","n/e","n/e","4","n/e","0","n/e","n/e","213"
"BZN|SE1","21.07.2022 06:00 - 21.07.2022 07:00 (CET/CEST)","n/e","n/e","n/e","n/e","n/e","n/e","n/e","n/e","n/e","n/e","n/e","n/e","n/e","2597","n/e","n/e","5","n/e","0","n/e","n/e","264"
"BZN|SE1","21.07.2022 07:00 - 21.07.2022 08:00 (CET/CEST)","n/e","n/e","n/e","n/e","n/e","n/e","n/e","n/e","n/e","n/e","n/e","n/e","n/e","2683","n/e","n/e","5","n/e","1","n/e","n/e","231"
"BZN|SE1","21.07.2022 08:00 - 21.07.2022 09:00 (CET/CEST)","n/e","n/e","n/e","n/e","n/e","n/e","n/e","n/e","n/e","n/e","n/e","n/e","n/e","2773","n/e","n/e","5","n/e","1","n/e","n/e","236"
"BZN|SE1","21.07.2022 09:00 - 21.07.2022 10:00 (CET/CEST)","n/e","n/e","n/e","n/e","n/e","n/e","n/e","n/e","n/e","n/e","n/e","n/e","n/e","2817","n/e","n/e","5","n/e","2","n/e","n/e","293"
"BZN|SE1","21.07.2022 10:00 - 21.07.2022 11:00 (CET/CEST)","n/e","n/e","n/e","n/e","n/e","n/e","n/e","n/e","n/e","n/e","n/e","n/e","n/e","2608","n/e","n/e","5","n/e","2","n/e","n/e","306"
"BZN|SE1","21.07.2022 11:00 - 21.07.2022 12:00 (CET/CEST)","n/e","n/e","n/e","n/e","n/e","n/e","n/e","n/e","n/e","n/e","n/e","n/e","n/e","2581","n/e","n/e","5","n/e","2","n/e","n/e","331"
"BZN|SE1","21.07.2022 12:00 - 21.07.2022 13:00 (CET/CEST)","n/e","n/e","n/e","n/e","n/e","n/e","n/e","n/e","n/e","n/e","n/e","n/e","n/e","2589","n/e","n/e","5","n/e","2","n/e","n/e","282"
"BZN|SE1","21.07.2022 13:00 - 21.07.2022 14:00 (CET/CEST)","n/e","n/e","n/e","n/e","n/e","n/e","n/e","n/e","n/e","n/e","n/e","n/e","n/e","2581","n/e","n/e","5","n/e","2","n/e","n/e","287"
"BZN|SE1","21.07.2022 14:00 - 21.07.2022 15:00 (CET/CEST)","n/e","n/e","n/e","n/e","n/e","n/e","n/e","n/e","n/e","n/e","n/e","n/e","n/e","2541","n/e","n/e","5","n/e","2","n/e","n/e","183"
"BZN|SE1","21.07.2022 15:00 - 21.07.2022 16:00 (CET/CEST)","n/e","n/e","n/e","n/e","n/e","n/e","n/e","n/e","n/e","n/e","n/e","n/e","n/e","2517","n/e","n/e","5","n/e","1","n/e","n/e","172"
"BZN|SE1","21.07.2022 16:00 - 21.07.2022 17:00 (CET/CEST)","n/e","n/e","n/e","n/e","n/e","n/e","n/e","n/e","n/e","n/e","n/e","n/e","n/e","2517","n/e","n/e","4","n/e","1","n/e","n/e","154"
"BZN|SE1","21.07.2022 17:00 - 21.07.2022 18:00 (CET/CEST)","n/e","n/e","n/e","n/e","n/e","n/e","n/e","n/e","n/e","n/e","n/e","n/e","n/e","2449","n/e","n/e","4","n/e","1","n/e","n/e","128"
"BZN|SE1","21.07.2022 18:00 - 21.07.2022 19:00 (CET/CEST)","n/e","n/e","n/e","n/e","n/e","n/e","n/e","n/e","n/e","n/e","n/e","n/e","n/e","2377","n/e","n/e","4","n/e","1","n/e","n/e","106"
"BZN|SE1","21.07.2022 19:00 - 21.07.2022 20:00 (CET/CEST)","n/e","n/e","n/e","n/e","n/e","n/e","n/e","n/e","n/e","n/e","n/e","n/e","n/e","2365","n/e","n/e","4","n/e","0","n/e","n/e","104"
"BZN|SE1","21.07.2022 20:00 - 21.07.2022 21:00 (CET/CEST)","n/e","n/e","n/e","n/e","n/e","n/e","n/e","n/e","n/e","n/e","n/e","n/e","n/e","2360","n/e","n/e","4","n/e","0","n/e","n/e","128"
"BZN|SE1","21.07.2022 21:00 - 21.07.2022 22:00 (CET/CEST)","n/e","n/e","n/e","n/e","n/e","n/e","n/e","n/e","n/e","n/e","n/e","n/e","n/e","2294","n/e","n/e","4","n/e","0","n/e","n/e","194"
"BZN|SE1","21.07.2022 22:00 - 21.07.2022 23:00 (CET/CEST)","n/e","n/e","n/e","n/e","n/e","n/e","n/e","n/e","n/e","n/e","n/e","n/e","n/e","2292","n/e","n/e","4","n/e","0","n/e","n/e","307"
"BZN|SE1","21.07.2022 23:00 - 22.07.2022 00:00 (CET/CEST)","n/e","n/e","n/e","n/e","n/e","n/e","n/e","n/e","n/e","n/e","n/e","n/e","n/e","2185","n/e","n/e","4","n/e","0","n/e","n/e","426"
"BZN|SE1","22.07.2022 00:00 - 22.07.2022 01:00 (CET/CEST)","n/e","n/e","n/e","n/e","n/e","n/e","n/e","n/e","n/e","n/e","n/e","n/e","n/e","2609","n/e","n/e","4","n/e","0","n/e","n/e","512"
"BZN|SE1","22.07.2022 01:00 - 22.07.2022 02:00 (CET/CEST)","n/e","n/e","n/e","n/e","n/e","n/e","n/e","n/e","n/e","n/e","n/e","n/e","n/e","2581","n/e","n/e","4","n/e","0","n/e","n/e","650"
"BZN|SE1","22.07.2022 02:00 - 22.07.2022 03:00 (CET/CEST)","n/e","n/e","n/e","n/e","n/e","n/e","n/e","n/e","n/e","n/e","n/e","n/e","n/e","2458","n/e","n/e","3","n/e","0","n/e","n/e","731"
"BZN|SE1","22.07.2022 03:00 - 22.07.2022 04:00 (CET/CEST)","n/e","n/e","n/e","n/e","n/e","n/e","n/e","n/e","n/e","n/e","n/e","n/e","n/e","2368","n/e","n/e","3","n/e","0","n/e","n/e","773"
"BZN|SE1","22.07.2022 04:00 - 22.07.2022 05:00 (CET/CEST)","n/e","n/e","n/e","n/e","n/e","n/e","n/e","n/e","n/e","n/e","n/e","n/e","n/e","2379","n/e","n/e","4","n/e","0","n/e","n/e","712"
"BZN|SE1","22.07.2022 05:00 - 22.07.2022 06:00 (CET/CEST)","n/e","n/e","n/e","n/e","n/e","n/e","n/e","n/e","n/e","n/e","n/e","n/e","n/e","2494","n/e","n/e","4","n/e","0","n/e","n/e","675"
"BZN|SE1","22.07.2022 06:00 - 22.07.2022 07:00 (CET/CEST)","n/e","n/e","n/e","n/e","n/e","n/e","n/e","n/e","n/e","n/e","n/e","n/e","n/e","2667","n/e","n/e","4","n/e","0","n/e","n/e","611"
"BZN|SE1","22.07.2022 07:00 - 22.07.2022 08:00 (CET/CEST)","n/e","n/e","n/e","n/e","n/e","n/e","n/e","n/e","n/e","n/e","n/e","n/e","n/e","2732","n/e","n/e","4","n/e","1","n/e","n/e","498"
"BZN|SE1","22.07.2022 08:00 - 22.07.2022 09:00 (CET/CEST)","n/e","n/e","n/e","n/e","n/e","n/e","n/e","n/e","n/e","n/e","n/e","n/e","n/e","2740","n/e","n/e","5","n/e","1","n/e","n/e","481"
"BZN|SE1","22.07.2022 09:00 - 22.07.2022 10:00 (CET/CEST)","n/e","n/e","n/e","n/e","n/e","n/e","n/e","n/e","n/e","n/e","n/e","n/e","n/e","2749","n/e","n/e","5","n/e","2","n/e","n/e","506"
"BZN|SE1","22.07.2022 10:00 - 22.07.2022 11:00 (CET/CEST)","n/e","n/e","n/e","n/e","n/e","n/e","n/e","n/e","n/e","n/e","n/e","n/e","n/e","2743","n/e","n/e","5","n/e","2","n/e","n/e","572"
"BZN|SE1","22.07.2022 11:00 - 22.07.2022 12:00 (CET/CEST)","n/e","n/e","n/e","n/e","n/e","n/e","n/e","n/e","n/e","n/e","n/e","n/e","n/e","2767","n/e","n/e","5","n/e","3","n/e","n/e","609"
"BZN|SE1","22.07.2022 12:00 - 22.07.2022 13:00 (CET/CEST)","n/e","n/e","n/e","n/e","n/e","n/e","n/e","n/e","n/e","n/e","n/e","n/e","n/e","2790","n/e","n/e","5","n/e","3","n/e","n/e","617"
"BZN|SE1","22.07.2022 13:00 - 22.07.2022 14:00 (CET/CEST)","n/e","n/e","n/e","n/e","n/e","n/e","n/e","n/e","n/e","n/e","n/e","n/e","n/e","2936","n/e","n/e","5","n/e","3","n/e","n/e","656"
"BZN|SE1","22.07.2022 14:00 - 22.07.2022 15:00 (CET/CEST)","n/e","n/e","n/e","n/e","n/e","n/e","n/e","n/e","n/e","n/e","n/e","n/e","n/e","3002","n/e","n/e","5","n/e","3","n/e","n/e","598"
"BZN|SE1","22.07.2022 15:00 - 22.07.2022 16:00 (CET/CEST)","n/e","n/e","n/e","n/e","n/e","n/e","n/e","n/e","n/e","n/e","n/e","n/e","n/e","3067","n/e","n/e","5","n/e","2","n/e","n/e","509"
"BZN|SE1","22.07.2022 16:00 - 22.07.2022 17:00 (CET/CEST)","n/e","n/e","n/e","n/e","n/e","n/e","n/e","n/e","n/e","n/e","n/e","n/e","n/e","3184","n/e","n/e","5","n/e","2","n/e","n/e","441"
"BZN|SE1","22.07.2022 17:00 - 22.07.2022 18:00 (CET/CEST)","n/e","n/e","n/e","n/e","n/e","n/e","n/e","n/e","n/e","n/e","n/e","n/e","n/e","3141","n/e","n/e","4","n/e","1","n/e","n/e","415"
"BZN|SE1","22.07.2022 18:00 - 22.07.2022 19:00 (CET/CEST)","n/e","n/e","n/e","n/e","n/e","n/e","n/e","n/e","n/e","n/e","n/e","n/e","n/e","3155","n/e","n/e","4","n/e","1","n/e","n/e","446"
"BZN|SE1","22.07.2022 19:00 - 22.07.2022 20:00 (CET/CEST)","n/e","n/e","n/e","n/e","n/e","n/e","n/e","n/e","n/e","n/e","n/e","n/e","n/e","3085","n/e","n/e","4","n/e","0","n/e","n/e","395"
"BZN|SE1","22.07.2022 20:00 - 22.07.2022 21:00 (CET/CEST)","n/e","n/e","n/e","n/e","n/e","n/e","n/e","n/e","n/e","n/e","n/e","n/e","n/e","2947","n/e","n/e","4","n/e","0","n/e","n/e","429"
"BZN|SE1","22.07.2022 21:00 - 22.07.2022 22:00 (CET/CEST)","n/e","n/e","n/e","n/e","n/e","n/e","n/e","n/e","n/e","n/e","n/e","n/e","n/e","2926","n/e","n/e","3","n/e","0","n/e","n/e","498"
"BZN|SE1","22.07.2022 22:00 - 22.07.2022 23:00 (CET/CEST)","n/e","n/e","n/e","n/e","n/e","n/e","n/e","n/e","n/e","n/e","n/e","n/e","n/e","2791","n/e","n/e","4","n/e","0","n/e","n/e","584"
"BZN|SE1","22.07.2022 23:00 - 23.07.2022 00:00 (CET/CEST)","n/e","n/e","n/e","n/e","n/e","n/e","n/e","n/e","n/e","n/e","n/e","n/e","n/e","2567","n/e","n/e","3","n/e","0","n/e","n/e","707"
"BZN|SE1","23.07.2022 00:00 - 23.07.2022 01:00 (CET/CEST)","n/e","n/e","n/e","n/e","n/e","n/e","n/e","n/e","n/e","n/e","n/e","n/e","n/e","2766","n/e","n/e","4","n/e","0","n/e","n/e","790"
"BZN|SE1","23.07.2022 01:00 - 23.07.2022 02:00 (CET/CEST)","n/e","n/e","n/e","n/e","n/e","n/e","n/e","n/e","n/e","n/e","n/e","n/e","n/e","2745","n/e","n/e","4","n/e","0","n/e","n/e","828"
"BZN|SE1","23.07.2022 02:00 - 23.07.2022 03:00 (CET/CEST)","n/e","n/e","n/e","n/e","n/e","n/e","n/e","n/e","n/e","n/e","n/e","n/e","n/e","2708","n/e","n/e","4","n/e","0","n/e","n/e","921"
"BZN|SE1","23.07.2022 03:00 - 23.07.2022 04:00 (CET/CEST)","n/e","n/e","n/e","n/e","n/e","n/e","n/e","n/e","n/e","n/e","n/e","n/e","n/e","2724","n/e","n/e","4","n/e","0","n/e","n/e","897"
"BZN|SE1","23.07.2022 04:00 - 23.07.2022 05:00 (CET/CEST)","n/e","n/e","n/e","n/e","n/e","n/e","n/e","n/e","n/e","n/e","n/e","n/e","n/e","2736","n/e","n/e","4","n/e","0","n/e","n/e","735"
"BZN|SE1","23.07.2022 05:00 - 23.07.2022 06:00 (CET/CEST)","n/e","n/e","n/e","n/e","n/e","n/e","n/e","n/e","n/e","n/e","n/e","n/e","n/e","2767","n/e","n/e","4","n/e","0","n/e","n/e","572"
"BZN|SE1","23.07.2022 06:00 - 23.07.2022 07:00 (CET/CEST)","n/e","n/e","n/e","n/e","n/e","n/e","n/e","n/e","n/e","n/e","n/e","n/e","n/e","2854","n/e","n/e","4","n/e","0","n/e","n/e","442"
"BZN|SE1","23.07.2022 07:00 - 23.07.2022 08:00 (CET/CEST)","n/e","n/e","n/e","n/e","n/e","n/e","n/e","n/e","n/e","n/e","n/e","n/e","n/e","3158","n/e","n/e","4","n/e","1","n/e","n/e","382"
"BZN|SE1","23.07.2022 08:00 - 23.07.2022 09:00 (CET/CEST)","n/e","n/e","n/e","n/e","n/e","n/e","n/e","n/e","n/e","n/e","n/e","n/e","n/e","3450","n/e","n/e","4","n/e","1","n/e","n/e","288"
"BZN|SE1","23.07.2022 09:00 - 23.07.2022 10:00 (CET/CEST)","n/e","n/e","n/e","n/e","n/e","n/e","n/e","n/e","n/e","n/e","n/e","n/e","n/e","3447","n/e","n/e","4","n/e","2","n/e","n/e","239"
"BZN|SE1","23.07.2022 10:00 - 23.07.2022 11:00 (CET/CEST)","n/e","n/e","n/e","n/e","n/e","n/e","n/e","n/e","n/e","n/e","n/e","n/e","n/e","3469","n/e","n/e","5","n/e","2","n/e","n/e","169"
"BZN|SE1","23.07.2022 11:00 - 23.07.2022 12:00 (CET/CEST)","n/e","n/e","n/e","n/e","n/e","n/e","n/e","n/e","n/e","n/e","n/e","n/e","n/e","3473","n/e","n/e","5","n/e","3","n/e","n/e","178"
"BZN|SE1","23.07.2022 12:00 - 23.07.2022 13:00 (CET/CEST)","n/e","n/e","n/e","n/e","n/e","n/e","n/e","n/e","n/e","n/e","n/e","n/e","n/e","3464","n/e","n/e","5","n/e","3","n/e","n/e","241"
"BZN|SE1","23.07.2022 13:00 - 23.07.2022 14:00 (CET/CEST)","n/e","n/e","n/e","n/e","n/e","n/e","n/e","n/e","n/e","n/e","n/e","n/e","n/e","3430","n/e","n/e","5","n/e","3","n/e","n/e","306"
"BZN|SE1","23.07.2022 14:00 - 23.07.2022 15:00 (CET/CEST)","n/e","n/e","n/e","n/e","n/e","n/e","n/e","n/e","n/e","n/e","n/e","n/e","n/e","3446","n/e","n/e","5","n/e","3","n/e","n/e","301"
"BZN|SE1","23.07.2022 15:00 - 23.07.2022 16:00 (CET/CEST)","n/e","n/e","n/e","n/e","n/e","n/e","n/e","n/e","n/e","n/e","n/e","n/e","n/e","3444","n/e","n/e","5","n/e","2","n/e","n/e","253"
"BZN|SE1","23.07.2022 16:00 - 23.07.2022 17:00 (CET/CEST)","n/e","n/e","n/e","n/e","n/e","n/e","n/e","n/e","n/e","n/e","n/e","n/e","n/e","3454","n/e","n/e","5","n/e","1","n/e","n/e","260"
"BZN|SE1","23.07.2022 17:00 - 23.07.2022 18:00 (CET/CEST)","n/e","n/e","n/e","n/e","n/e","n/e","n/e","n/e","n/e","n/e","n/e","n/e","n/e","3520","n/e","n/e","4","n/e","1","n/e","n/e","258"
"BZN|SE1","23.07.2022 18:00 - 23.07.2022 19:00 (CET/CEST)","n/e","n/e","n/e","n/e","n/e","n/e","n/e","n/e","n/e","n/e","n/e","n/e","n/e","3535","n/e","n/e","4","n/e","1","n/e","n/e","238"
"BZN|SE1","23.07.2022 19:00 - 23.07.2022 20:00 (CET/CEST)","n/e","n/e","n/e","n/e","n/e","n/e","n/e","n/e","n/e","n/e","n/e","n/e","n/e","3540","n/e","n/e","4","n/e","0","n/e","n/e","208"
"BZN|SE1","23.07.2022 20:00 - 23.07.2022 21:00 (CET/CEST)","n/e","n/e","n/e","n/e","n/e","n/e","n/e","n/e","n/e","n/e","n/e","n/e","n/e","3534","n/e","n/e","4","n/e","0","n/e","n/e","216"
"BZN|SE1","23.07.2022 21:00 - 23.07.2022 22:00 (CET/CEST)","n/e","n/e","n/e","n/e","n/e","n/e","n/e","n/e","n/e","n/e","n/e","n/e","n/e","3503","n/e","n/e","3","n/e","0","n/e","n/e","278"
"BZN|SE1","23.07.2022 22:00 - 23.07.2022 23:00 (CET/CEST)","n/e","n/e","n/e","n/e","n/e","n/e","n/e","n/e","n/e","n/e","n/e","n/e","n/e","3464","n/e","n/e","4","n/e","0","n/e","n/e","360"
"BZN|SE1","23.07.2022 23:00 - 24.07.2022 00:00 (CET/CEST)","n/e","n/e","n/e","n/e","n/e","n/e","n/e","n/e","n/e","n/e","n/e","n/e","n/e","3430","n/e","n/e","4","n/e","0","n/e","n/e","387"
"BZN|SE1","24.07.2022 00:00 - 24.07.2022 01:00 (CET/CEST)","n/e","n/e","n/e","n/e","n/e","n/e","n/e","n/e","n/e","n/e","n/e","n/e","n/e","3247","n/e","n/e","4","n/e","0","n/e","n/e","403"
"BZN|SE1","24.07.2022 01:00 - 24.07.2022 02:00 (CET/CEST)","n/e","n/e","n/e","n/e","n/e","n/e","n/e","n/e","n/e","n/e","n/e","n/e","n/e","3045","n/e","n/e","4","n/e","0","n/e","n/e","448"
"BZN|SE1","24.07.2022 02:00 - 24.07.2022 03:00 (CET/CEST)","n/e","n/e","n/e","n/e","n/e","n/e","n/e","n/e","n/e","n/e","n/e","n/e","n/e","2947","n/e","n/e","4","n/e","0","n/e","n/e","406"
"BZN|SE1","24.07.2022 03:00 - 24.07.2022 04:00 (CET/CEST)","n/e","n/e","n/e","n/e","n/e","n/e","n/e","n/e","n/e","n/e","n/e","n/e","n/e","2949","n/e","n/e","4","n/e","0","n/e","n/e","405"
"BZN|SE1","24.07.2022 04:00 - 24.07.2022 05:00 (CET/CEST)","n/e","n/e","n/e","n/e","n/e","n/e","n/e","n/e","n/e","n/e","n/e","n/e","n/e","2950","n/e","n/e","4","n/e","0","n/e","n/e","337"
"BZN|SE1","24.07.2022 05:00 - 24.07.2022 06:00 (CET/CEST)","n/e","n/e","n/e","n/e","n/e","n/e","n/e","n/e","n/e","n/e","n/e","n/e","n/e","3106","n/e","n/e","4","n/e","0","n/e","n/e","250"
"BZN|SE1","24.07.2022 06:00 - 24.07.2022 07:00 (CET/CEST)","n/e","n/e","n/e","n/e","n/e","n/e","n/e","n/e","n/e","n/e","n/e","n/e","n/e","3187","n/e","n/e","4","n/e","0","n/e","n/e","148"
"BZN|SE1","24.07.2022 07:00 - 24.07.2022 08:00 (CET/CEST)","n/e","n/e","n/e","n/e","n/e","n/e","n/e","n/e","n/e","n/e","n/e","n/e","n/e","3452","n/e","n/e","4","n/e","1","n/e","n/e","71"
"BZN|SE1","24.07.2022 08:00 - 24.07.2022 09:00 (CET/CEST)","n/e","n/e","n/e","n/e","n/e","n/e","n/e","n/e","n/e","n/e","n/e","n/e","n/e","3553","n/e","n/e","5","n/e","1","n/e","n/e","47"
"BZN|SE1","24.07.2022 09:00 - 24.07.2022 10:00 (CET/CEST)","n/e","n/e","n/e","n/e","n/e","n/e","n/e","n/e","n/e","n/e","n/e","n/e","n/e","3592","n/e","n/e","4","n/e","2","n/e","n/e","30"
"BZN|SE1","24.07.2022 10:00 - 24.07.2022 11:00 (CET/CEST)","n/e","n/e","n/e","n/e","n/e","n/e","n/e","n/e","n/e","n/e","n/e","n/e","n/e","3540","n/e","n/e","5","n/e","2","n/e","n/e","15"
"BZN|SE1","24.07.2022 11:00 - 24.07.2022 12:00 (CET/CEST)","n/e","n/e","n/e","n/e","n/e","n/e","n/e","n/e","n/e","n/e","n/e","n/e","n/e","3556","n/e","n/e","4","n/e","2","n/e","n/e","12"
"BZN|SE1","24.07.2022 12:00 - 24.07.2022 13:00 (CET/CEST)","n/e","n/e","n/e","n/e","n/e","n/e","n/e","n/e","n/e","n/e","n/e","n/e","n/e","3422","n/e","n/e","4","n/e","2","n/e","n/e","12"
"BZN|SE1","24.07.2022 13:00 - 24.07.2022 14:00 (CET/CEST)","n/e","n/e","n/e","n/e","n/e","n/e","n/e","n/e","n/e","n/e","n/e","n/e","n/e","3417","n/e","n/e","4","n/e","2","n/e","n/e","16"
"BZN|SE1","24.07.2022 14:00 - 24.07.2022 15:00 (CET/CEST)","n/e","n/e","n/e","n/e","n/e","n/e","n/e","n/e","n/e","n/e","n/e","n/e","n/e","3385","n/e","n/e","5","n/e","2","n/e","n/e","31"
"BZN|SE1","24.07.2022 15:00 - 24.07.2022 16:00 (CET/CEST)","n/e","n/e","n/e","n/e","n/e","n/e","n/e","n/e","n/e","n/e","n/e","n/e","n/e","3430","n/e","n/e","5","n/e","2","n/e","n/e","52"
"BZN|SE1","24.07.2022 16:00 - 24.07.2022 17:00 (CET/CEST)","n/e","n/e","n/e","n/e","n/e","n/e","n/e","n/e","n/e","n/e","n/e","n/e","n/e","3405","n/e","n/e","5","n/e","2","n/e","n/e","85"
"BZN|SE1","24.07.2022 17:00 - 24.07.2022 18:00 (CET/CEST)","n/e","n/e","n/e","n/e","n/e","n/e","n/e","n/e","n/e","n/e","n/e","n/e","n/e","3415","n/e","n/e","4","n/e","1","n/e","n/e","131"
"BZN|SE1","24.07.2022 18:00 - 24.07.2022 19:00 (CET/CEST)","n/e","n/e","n/e","n/e","n/e","n/e","n/e","n/e","n/e","n/e","n/e","n/e","n/e","3394","n/e","n/e","4","n/e","1","n/e","n/e","190"
"BZN|SE1","24.07.2022 19:00 - 24.07.2022 20:00 (CET/CEST)","n/e","n/e","n/e","n/e","n/e","n/e","n/e","n/e","n/e","n/e","n/e","n/e","n/e","3242","n/e","n/e","4","n/e","0","n/e","n/e","248"
"BZN|SE1","24.07.2022 20:00 - 24.07.2022 21:00 (CET/CEST)","n/e","n/e","n/e","n/e","n/e","n/e","n/e","n/e","n/e","n/e","n/e","n/e","n/e","3121","n/e","n/e","4","n/e","0","n/e","n/e","290"
"BZN|SE1","24.07.2022 21:00 - 24.07.2022 22:00 (CET/CEST)","n/e","n/e","n/e","n/e","n/e","n/e","n/e","n/e","n/e","n/e","n/e","n/e","n/e","2920","n/e","n/e","3","n/e","0","n/e","n/e","342"
"BZN|SE1","24.07.2022 22:00 - 24.07.2022 23:00 (CET/CEST)","n/e","n/e","n/e","n/e","n/e","n/e","n/e","n/e","n/e","n/e","n/e","n/e","n/e","2828","n/e","n/e","4","n/e","0","n/e","n/e","380"
"BZN|SE1","24.07.2022 23:00 - 25.07.2022 00:00 (CET/CEST)","n/e","n/e","n/e","n/e","n/e","n/e","n/e","n/e","n/e","n/e","n/e","n/e","n/e","2796","n/e","n/e","4","n/e","0","n/e","n/e","454"
"BZN|SE1","25.07.2022 00:00 - 25.07.2022 01:00 (CET/CEST)","n/e","n/e","n/e","n/e","n/e","n/e","n/e","n/e","n/e","n/e","n/e","n/e","n/e","2313","n/e","n/e","4","n/e","0","n/e","n/e","488"
"BZN|SE1","25.07.2022 01:00 - 25.07.2022 02:00 (CET/CEST)","n/e","n/e","n/e","n/e","n/e","n/e","n/e","n/e","n/e","n/e","n/e","n/e","n/e","2390","n/e","n/e","4","n/e","0","n/e","n/e","505"
"BZN|SE1","25.07.2022 02:00 - 25.07.2022 03:00 (CET/CEST)","n/e","n/e","n/e","n/e","n/e","n/e","n/e","n/e","n/e","n/e","n/e","n/e","n/e","2474","n/e","n/e","4","n/e","0","n/e","n/e","490"
"BZN|SE1","25.07.2022 03:00 - 25.07.2022 04:00 (CET/CEST)","n/e","n/e","n/e","n/e","n/e","n/e","n/e","n/e","n/e","n/e","n/e","n/e","n/e","2491","n/e","n/e","3","n/e","0","n/e","n/e","461"
"BZN|SE1","25.07.2022 04:00 - 25.07.2022 05:00 (CET/CEST)","n/e","n/e","n/e","n/e","n/e","n/e","n/e","n/e","n/e","n/e","n/e","n/e","n/e","2481","n/e","n/e","4","n/e","0","n/e","n/e","463"
"BZN|SE1","25.07.2022 05:00 - 25.07.2022 06:00 (CET/CEST)","n/e","n/e","n/e","n/e","n/e","n/e","n/e","n/e","n/e","n/e","n/e","n/e","n/e","2587","n/e","n/e","4","n/e","0","n/e","n/e","497"
"BZN|SE1","25.07.2022 06:00 - 25.07.2022 07:00 (CET/CEST)","n/e","n/e","n/e","n/e","n/e","n/e","n/e","n/e","n/e","n/e","n/e","n/e","n/e","3057","n/e","n/e","4","n/e","0","n/e","n/e","467"
"BZN|SE1","25.07.2022 07:00 - 25.07.2022 08:00 (CET/CEST)","n/e","n/e","n/e","n/e","n/e","n/e","n/e","n/e","n/e","n/e","n/e","n/e","n/e","3367","n/e","n/e","4","n/e","0","n/e","n/e","408"
"BZN|SE1","25.07.2022 08:00 - 25.07.2022 09:00 (CET/CEST)","n/e","n/e","n/e","n/e","n/e","n/e","n/e","n/e","n/e","n/e","n/e","n/e","n/e","3353","n/e","n/e","4","n/e","0","n/e","n/e","329"
"BZN|SE1","25.07.2022 09:00 - 25.07.2022 10:00 (CET/CEST)","n/e","n/e","n/e","n/e","n/e","n/e","n/e","n/e","n/e","n/e","n/e","n/e","n/e","3373","n/e","n/e","4","n/e","0","n/e","n/e","299"
"BZN|SE1","25.07.2022 10:00 - 25.07.2022 11:00 (CET/CEST)","n/e","n/e","n/e","n/e","n/e","n/e","n/e","n/e","n/e","n/e","n/e","n/e","n/e","3299","n/e","n/e","5","n/e","1","n/e","n/e","335"
"BZN|SE1","25.07.2022 11:00 - 25.07.2022 12:00 (CET/CEST)","n/e","n/e","n/e","n/e","n/e","n/e","n/e","n/e","n/e","n/e","n/e","n/e","n/e","3256","n/e","n/e","4","n/e","1","n/e","n/e","417"
"BZN|SE1","25.07.2022 12:00 - 25.07.2022 13:00 (CET/CEST)","n/e","n/e","n/e","n/e","n/e","n/e","n/e","n/e","n/e","n/e","n/e","n/e","n/e","3250","n/e","n/e","5","n/e","2","n/e","n/e","472"
"BZN|SE1","25.07.2022 13:00 - 25.07.2022 14:00 (CET/CEST)","n/e","n/e","n/e","n/e","n/e","n/e","n/e","n/e","n/e","n/e","n/e","n/e","n/e","3273","n/e","n/e","5","n/e","2","n/e","n/e","541"
"BZN|SE1","25.07.2022 14:00 - 25.07.2022 15:00 (CET/CEST)","n/e","n/e","n/e","n/e","n/e","n/e","n/e","n/e","n/e","n/e","n/e","n/e","n/e","3334","n/e","n/e","5","n/e","1","n/e","n/e","504"
"BZN|SE1","25.07.2022 15:00 - 25.07.2022 16:00 (CET/CEST)","n/e","n/e","n/e","n/e","n/e","n/e","n/e","n/e","n/e","n/e","n/e","n/e","n/e","3341","n/e","n/e","5","n/e","1","n/e","n/e","528"
"BZN|SE1","25.07.2022 16:00 - 25.07.2022 17:00 (CET/CEST)","n/e","n/e","n/e","n/e","n/e","n/e","n/e","n/e","n/e","n/e","n/e","n/e","n/e","3317","n/e","n/e","4","n/e","1","n/e","n/e","560"
"BZN|SE1","25.07.2022 17:00 - 25.07.2022 18:00 (CET/CEST)","n/e","n/e","n/e","n/e","n/e","n/e","n/e","n/e","n/e","n/e","n/e","n/e","n/e","3311","n/e","n/e","4","n/e","1","n/e","n/e","592"
"BZN|SE1","25.07.2022 18:00 - 25.07.2022 19:00 (CET/CEST)","n/e","n/e","n/e","n/e","n/e","n/e","n/e","n/e","n/e","n/e","n/e","n/e","n/e","3322","n/e","n/e","4","n/e","0","n/e","n/e","624"
"BZN|SE1","25.07.2022 19:00 - 25.07.2022 20:00 (CET/CEST)","n/e","n/e","n/e","n/e","n/e","n/e","n/e","n/e","n/e","n/e","n/e","n/e","n/e","3291","n/e","n/e","4","n/e","0","n/e","n/e","669"
"BZN|SE1","25.07.2022 20:00 - 25.07.2022 21:00 (CET/CEST)","n/e","n/e","n/e","n/e","n/e","n/e","n/e","n/e","n/e","n/e","n/e","n/e","n/e","3283","n/e","n/e","4","n/e","0","n/e","n/e","648"
"BZN|SE1","25.07.2022 21:00 - 25.07.2022 22:00 (CET/CEST)","n/e","n/e","n/e","n/e","n/e","n/e","n/e","n/e","n/e","n/e","n/e","n/e","n/e","3131","n/e","n/e","3","n/e","0","n/e","n/e","654"
"BZN|SE1","25.07.2022 22:00 - 25.07.2022 23:00 (CET/CEST)","n/e","n/e","n/e","n/e","n/e","n/e","n/e","n/e","n/e","n/e","n/e","n/e","n/e","2960","n/e","n/e","4","n/e","0","n/e","n/e","601"
"BZN|SE1","25.07.2022 23:00 - 26.07.2022 00:00 (CET/CEST)","n/e","n/e","n/e","n/e","n/e","n/e","n/e","n/e","n/e","n/e","n/e","n/e","n/e","2458","n/e","n/e","4","n/e","0","n/e","n/e","593"
"BZN|SE1","26.07.2022 00:00 - 26.07.2022 01:00 (CET/CEST)","n/e","n/e","n/e","n/e","n/e","n/e","n/e","n/e","n/e","n/e","n/e","n/e","n/e","2498","n/e","n/e","4","n/e","0","n/e","n/e","538"
"BZN|SE1","26.07.2022 01:00 - 26.07.2022 02:00 (CET/CEST)","n/e","n/e","n/e","n/e","n/e","n/e","n/e","n/e","n/e","n/e","n/e","n/e","n/e","2459","n/e","n/e","4","n/e","0","n/e","n/e","513"
"BZN|SE1","26.07.2022 02:00 - 26.07.2022 03:00 (CET/CEST)","n/e","n/e","n/e","n/e","n/e","n/e","n/e","n/e","n/e","n/e","n/e","n/e","n/e","2235","n/e","n/e","4","n/e","0","n/e","n/e","507"
"BZN|SE1","26.07.2022 03:00 - 26.07.2022 04:00 (CET/CEST)","n/e","n/e","n/e","n/e","n/e","n/e","n/e","n/e","n/e","n/e","n/e","n/e","n/e","2182","n/e","n/e","4","n/e","0","n/e","n/e","601"
"BZN|SE1","26.07.2022 04:00 - 26.07.2022 05:00 (CET/CEST)","n/e","n/e","n/e","n/e","n/e","n/e","n/e","n/e","n/e","n/e","n/e","n/e","n/e","2176","n/e","n/e","4","n/e","0","n/e","n/e","627"
"BZN|SE1","26.07.2022 05:00 - 26.07.2022 06:00 (CET/CEST)","n/e","n/e","n/e","n/e","n/e","n/e","n/e","n/e","n/e","n/e","n/e","n/e","n/e","2474","n/e","n/e","4","n/e","0","n/e","n/e","637"
"BZN|SE1","26.07.2022 06:00 - 26.07.2022 07:00 (CET/CEST)","n/e","n/e","n/e","n/e","n/e","n/e","n/e","n/e","n/e","n/e","n/e","n/e","n/e","2596","n/e","n/e","4","n/e","0","n/e","n/e","694"
"BZN|SE1","26.07.2022 07:00 - 26.07.2022 08:00 (CET/CEST)","n/e","n/e","n/e","n/e","n/e","n/e","n/e","n/e","n/e","n/e","n/e","n/e","n/e","3053","n/e","n/e","4","n/e","0","n/e","n/e","716"
"BZN|SE1","26.07.2022 08:00 - 26.07.2022 09:00 (CET/CEST)","n/e","n/e","n/e","n/e","n/e","n/e","n/e","n/e","n/e","n/e","n/e","n/e","n/e","3370","n/e","n/e","4","n/e","0","n/e","n/e","708"
"BZN|SE1","26.07.2022 09:00 - 26.07.2022 10:00 (CET/CEST)","n/e","n/e","n/e","n/e","n/e","n/e","n/e","n/e","n/e","n/e","n/e","n/e","n/e","3347","n/e","n/e","4","n/e","1","n/e","n/e","618"
"BZN|SE1","26.07.2022 10:00 - 26.07.2022 11:00 (CET/CEST)","n/e","n/e","n/e","n/e","n/e","n/e","n/e","n/e","n/e","n/e","n/e","n/e","n/e","3351","n/e","n/e","4","n/e","1","n/e","n/e","664"
"BZN|SE1","26.07.2022 11:00 - 26.07.2022 12:00 (CET/CEST)","n/e","n/e","n/e","n/e","n/e","n/e","n/e","n/e","n/e","n/e","n/e","n/e","n/e","3308","n/e","n/e","4","n/e","1","n/e","n/e","577"
"BZN|SE1","26.07.2022 12:00 - 26.07.2022 13:00 (CET/CEST)","n/e","n/e","n/e","n/e","n/e","n/e","n/e","n/e","n/e","n/e","n/e","n/e","n/e","3312","n/e","n/e","4","n/e","1","n/e","n/e","493"
"BZN|SE1","26.07.2022 13:00 - 26.07.2022 14:00 (CET/CEST)","n/e","n/e","n/e","n/e","n/e","n/e","n/e","n/e","n/e","n/e","n/e","n/e","n/e","3033","n/e","n/e","4","n/e","1","n/e","n/e","511"
"BZN|SE1","26.07.2022 14:00 - 26.07.2022 15:00 (CET/CEST)","n/e","n/e","n/e","n/e","n/e","n/e","n/e","n/e","n/e","n/e","n/e","n/e","n/e","2921","n/e","n/e","4","n/e","0","n/e","n/e","432"
"BZN|SE1","26.07.2022 15:00 - 26.07.2022 16:00 (CET/CEST)","n/e","n/e","n/e","n/e","n/e","n/e","n/e","n/e","n/e","n/e","n/e","n/e","n/e","2988","n/e","n/e","4","n/e","1","n/e","n/e","298"
"BZN|SE1","26.07.2022 16:00 - 26.07.2022 17:00 (CET/CEST)","n/e","n/e","n/e","n/e","n/e","n/e","n/e","n/e","n/e","n/e","n/e","n/e","n/e","2956","n/e","n/e","4","n/e","0","n/e","n/e","201"
"BZN|SE1","26.07.2022 17:00 - 26.07.2022 18:00 (CET/CEST)","n/e","n/e","n/e","n/e","n/e","n/e","n/e","n/e","n/e","n/e","n/e","n/e","n/e","2985","n/e","n/e","4","n/e","0","n/e","n/e","158"
"BZN|SE1","26.07.2022 18:00 - 26.07.2022 19:00 (CET/CEST)","n/e","n/e","n/e","n/e","n/e","n/e","n/e","n/e","n/e","n/e","n/e","n/e","n/e","3282","n/e","n/e","4","n/e","0","n/e","n/e","142"
"BZN|SE1","26.07.2022 19:00 - 26.07.2022 20:00 (CET/CEST)","n/e","n/e","n/e","n/e","n/e","n/e","n/e","n/e","n/e","n/e","n/e","n/e","n/e","3147","n/e","n/e","4","n/e","0","n/e","n/e","168"
"BZN|SE1","26.07.2022 20:00 - 26.07.2022 21:00 (CET/CEST)","n/e","n/e","n/e","n/e","n/e","n/e","n/e","n/e","n/e","n/e","n/e","n/e","n/e","2886","n/e","n/e","4","n/e","0","n/e","n/e","202"
"BZN|SE1","26.07.2022 21:00 - 26.07.2022 22:00 (CET/CEST)","n/e","n/e","n/e","n/e","n/e","n/e","n/e","n/e","n/e","n/e","n/e","n/e","n/e","2791","n/e","n/e","3","n/e","0","n/e","n/e","268"
"BZN|SE1","26.07.2022 22:00 - 26.07.2022 23:00 (CET/CEST)","n/e","n/e","n/e","n/e","n/e","n/e","n/e","n/e","n/e","n/e","n/e","n/e","n/e","2611","n/e","n/e","4","n/e","0","n/e","n/e","329"
"BZN|SE1","26.07.2022 23:00 - 27.07.2022 00:00 (CET/CEST)","n/e","n/e","n/e","n/e","n/e","n/e","n/e","n/e","n/e","n/e","n/e","n/e","n/e","2250","n/e","n/e","4","n/e","0","n/e","n/e","344"
"BZN|SE1","27.07.2022 00:00 - 27.07.2022 01:00 (CET/CEST)","n/e","n/e","n/e","n/e","n/e","n/e","n/e","n/e","n/e","n/e","n/e","n/e","n/e","1989","n/e","n/e","4","n/e","0","n/e","n/e","352"
"BZN|SE1","27.07.2022 01:00 - 27.07.2022 02:00 (CET/CEST)","n/e","n/e","n/e","n/e","n/e","n/e","n/e","n/e","n/e","n/e","n/e","n/e","n/e","1984","n/e","n/e","4","n/e","0","n/e","n/e","357"
"BZN|SE1","27.07.2022 02:00 - 27.07.2022 03:00 (CET/CEST)","n/e","n/e","n/e","n/e","n/e","n/e","n/e","n/e","n/e","n/e","n/e","n/e","n/e","1963","n/e","n/e","4","n/e","0","n/e","n/e","366"
"BZN|SE1","27.07.2022 03:00 - 27.07.2022 04:00 (CET/CEST)","n/e","n/e","n/e","n/e","n/e","n/e","n/e","n/e","n/e","n/e","n/e","n/e","n/e","1932","n/e","n/e","4","n/e","0","n/e","n/e","296"
"BZN|SE1","27.07.2022 04:00 - 27.07.2022 05:00 (CET/CEST)","n/e","n/e","n/e","n/e","n/e","n/e","n/e","n/e","n/e","n/e","n/e","n/e","n/e","1933","n/e","n/e","4","n/e","0","n/e","n/e","262"
"BZN|SE1","27.07.2022 05:00 - 27.07.2022 06:00 (CET/CEST)","n/e","n/e","n/e","n/e","n/e","n/e","n/e","n/e","n/e","n/e","n/e","n/e","n/e","1934","n/e","n/e","4","n/e","0","n/e","n/e","243"
"BZN|SE1","27.07.2022 06:00 - 27.07.2022 07:00 (CET/CEST)","n/e","n/e","n/e","n/e","n/e","n/e","n/e","n/e","n/e","n/e","n/e","n/e","n/e","2267","n/e","n/e","4","n/e","0","n/e","n/e","221"
"BZN|SE1","27.07.2022 07:00 - 27.07.2022 08:00 (CET/CEST)","n/e","n/e","n/e","n/e","n/e","n/e","n/e","n/e","n/e","n/e","n/e","n/e","n/e","2593","n/e","n/e","4","n/e","0","n/e","n/e","218"
"BZN|SE1","27.07.2022 08:00 - 27.07.2022 09:00 (CET/CEST)","n/e","n/e","n/e","n/e","n/e","n/e","n/e","n/e","n/e","n/e","n/e","n/e","n/e","2679","n/e","n/e","5","n/e","0","n/e","n/e","277"
"BZN|SE1","27.07.2022 09:00 - 27.07.2022 10:00 (CET/CEST)","n/e","n/e","n/e","n/e","n/e","n/e","n/e","n/e","n/e","n/e","n/e","n/e","n/e","2715","n/e","n/e","5","n/e","1","n/e","n/e","437"
"BZN|SE1","27.07.2022 10:00 - 27.07.2022 11:00 (CET/CEST)","n/e","n/e","n/e","n/e","n/e","n/e","n/e","n/e","n/e","n/e","n/e","n/e","n/e","2569","n/e","n/e","5","n/e","1","n/e","n/e","732"
"BZN|SE1","27.07.2022 11:00 - 27.07.2022 12:00 (CET/CEST)","n/e","n/e","n/e","n/e","n/e","n/e","n/e","n/e","n/e","n/e","n/e","n/e","n/e","2568","n/e","n/e","5","n/e","1","n/e","n/e","936"
"BZN|SE1","27.07.2022 12:00 - 27.07.2022 13:00 (CET/CEST)","n/e","n/e","n/e","n/e","n/e","n/e","n/e","n/e","n/e","n/e","n/e","n/e","n/e","2568","n/e","n/e","5","n/e","1","n/e","n/e","1069"
"BZN|SE1","27.07.2022 13:00 - 27.07.2022 14:00 (CET/CEST)","n/e","n/e","n/e","n/e","n/e","n/e","n/e","n/e","n/e","n/e","n/e","n/e","n/e","2568","n/e","n/e","5","n/e","1","n/e","n/e","1250"
"BZN|SE1","27.07.2022 14:00 - 27.07.2022 15:00 (CET/CEST)","n/e","n/e","n/e","n/e","n/e","n/e","n/e","n/e","n/e","n/e","n/e","n/e","n/e","2565","n/e","n/e","5","n/e","1","n/e","n/e","1359"
"BZN|SE1","27.07.2022 15:00 - 27.07.2022 16:00 (CET/CEST)","n/e","n/e","n/e","n/e","n/e","n/e","n/e","n/e","n/e","n/e","n/e","n/e","n/e","2571","n/e","n/e","5","n/e","1","n/e","n/e","1356"
"BZN|SE1","27.07.2022 16:00 - 27.07.2022 17:00 (CET/CEST)","n/e","n/e","n/e","n/e","n/e","n/e","n/e","n/e","n/e","n/e","n/e","n/e","n/e","2538","n/e","n/e","5","n/e","1","n/e","n/e","1261"
"BZN|SE1","27.07.2022 17:00 - 27.07.2022 18:00 (CET/CEST)","n/e","n/e","n/e","n/e","n/e","n/e","n/e","n/e","n/e","n/e","n/e","n/e","n/e","2537","n/e","n/e","5","n/e","0","n/e","n/e","1202"
"BZN|SE1","27.07.2022 18:00 - 27.07.2022 19:00 (CET/CEST)","n/e","n/e","n/e","n/e","n/e","n/e","n/e","n/e","n/e","n/e","n/e","n/e","n/e","2536","n/e","n/e","4","n/e","0","n/e","n/e","1175"
"BZN|SE1","27.07.2022 19:00 - 27.07.2022 20:00 (CET/CEST)","n/e","n/e","n/e","n/e","n/e","n/e","n/e","n/e","n/e","n/e","n/e","n/e","n/e","2526","n/e","n/e","4","n/e","0","n/e","n/e","1242"
"BZN|SE1","27.07.2022 20:00 - 27.07.2022 21:00 (CET/CEST)","n/e","n/e","n/e","n/e","n/e","n/e","n/e","n/e","n/e","n/e","n/e","n/e","n/e","2584","n/e","n/e","4","n/e","0","n/e","n/e","1238"
"BZN|SE1","27.07.2022 21:00 - 27.07.2022 22:00 (CET/CEST)","n/e","n/e","n/e","n/e","n/e","n/e","n/e","n/e","n/e","n/e","n/e","n/e","n/e","2589","n/e","n/e","4","n/e","0","n/e","n/e","1218"
"BZN|SE1","27.07.2022 22:00 - 27.07.2022 23:00 (CET/CEST)","n/e","n/e","n/e","n/e","n/e","n/e","n/e","n/e","n/e","n/e","n/e","n/e","n/e","2564","n/e","n/e","4","n/e","0","n/e","n/e","1232"
"BZN|SE1","27.07.2022 23:00 - 28.07.2022 00:00 (CET/CEST)","n/e","n/e","n/e","n/e","n/e","n/e","n/e","n/e","n/e","n/e","n/e","n/e","n/e","2552","n/e","n/e","4","n/e","0","n/e","n/e","1229"
"BZN|SE1","28.07.2022 00:00 - 28.07.2022 01:00 (CET/CEST)","n/e","n/e","n/e","n/e","n/e","n/e","n/e","n/e","n/e","n/e","n/e","n/e","n/e","2373","n/e","n/e","4","n/e","0","n/e","n/e","1186"
"BZN|SE1","28.07.2022 01:00 - 28.07.2022 02:00 (CET/CEST)","n/e","n/e","n/e","n/e","n/e","n/e","n/e","n/e","n/e","n/e","n/e","n/e","n/e","2297","n/e","n/e","4","n/e","0","n/e","n/e","1176"
"BZN|SE1","28.07.2022 02:00 - 28.07.2022 03:00 (CET/CEST)","n/e","n/e","n/e","n/e","n/e","n/e","n/e","n/e","n/e","n/e","n/e","n/e","n/e","2315","n/e","n/e","4","n/e","0","n/e","n/e","1098"
"BZN|SE1","28.07.2022 03:00 - 28.07.2022 04:00 (CET/CEST)","n/e","n/e","n/e","n/e","n/e","n/e","n/e","n/e","n/e","n/e","n/e","n/e","n/e","2388","n/e","n/e","4","n/e","0","n/e","n/e","1003"
"BZN|SE1","28.07.2022 04:00 - 28.07.2022 05:00 (CET/CEST)","n/e","n/e","n/e","n/e","n/e","n/e","n/e","n/e","n/e","n/e","n/e","n/e","n/e","2536","n/e","n/e","4","n/e","0","n/e","n/e","924"
"BZN|SE1","28.07.2022 05:00 - 28.07.2022 06:00 (CET/CEST)","n/e","n/e","n/e","n/e","n/e","n/e","n/e","n/e","n/e","n/e","n/e","n/e","n/e","2600","n/e","n/e","4","n/e","0","n/e","n/e","904"
"BZN|SE1","28.07.2022 06:00 - 28.07.2022 07:00 (CET/CEST)","n/e","n/e","n/e","n/e","n/e","n/e","n/e","n/e","n/e","n/e","n/e","n/e","n/e","2760","n/e","n/e","5","n/e","0","n/e","n/e","839"
"BZN|SE1","28.07.2022 07:00 - 28.07.2022 08:00 (CET/CEST)","n/e","n/e","n/e","n/e","n/e","n/e","n/e","n/e","n/e","n/e","n/e","n/e","n/e","3130","n/e","n/e","5","n/e","1","n/e","n/e","738"
"BZN|SE1","28.07.2022 08:00 - 28.07.2022 09:00 (CET/CEST)","n/e","n/e","n/e","n/e","n/e","n/e","n/e","n/e","n/e","n/e","n/e","n/e","n/e","3249","n/e","n/e","5","n/e","1","n/e","n/e","670"
"BZN|SE1","28.07.2022 09:00 - 28.07.2022 10:00 (CET/CEST)","n/e","n/e","n/e","n/e","n/e","n/e","n/e","n/e","n/e","n/e","n/e","n/e","n/e","3320","n/e","n/e","5","n/e","1","n/e","n/e","640"
"BZN|SE1","28.07.2022 10:00 - 28.07.2022 11:00 (CET/CEST)","n/e","n/e","n/e","n/e","n/e","n/e","n/e","n/e","n/e","n/e","n/e","n/e","n/e","3348","n/e","n/e","5","n/e","1","n/e","n/e","571"
"BZN|SE1","28.07.2022 11:00 - 28.07.2022 12:00 (CET/CEST)","n/e","n/e","n/e","n/e","n/e","n/e","n/e","n/e","n/e","n/e","n/e","n/e","n/e","3479","n/e","n/e","5","n/e","1","n/e","n/e","520"
"BZN|SE1","28.07.2022 12:00 - 28.07.2022 13:00 (CET/CEST)","n/e","n/e","n/e","n/e","n/e","n/e","n/e","n/e","n/e","n/e","n/e","n/e","n/e","3544","n/e","n/e","5","n/e","1","n/e","n/e","470"
"BZN|SE1","28.07.2022 13:00 - 28.07.2022 14:00 (CET/CEST)","n/e","n/e","n/e","n/e","n/e","n/e","n/e","n/e","n/e","n/e","n/e","n/e","n/e","3698","n/e","n/e","5","n/e","2","n/e","n/e","460"
"BZN|SE1","28.07.2022 14:00 - 28.07.2022 15:00 (CET/CEST)","n/e","n/e","n/e","n/e","n/e","n/e","n/e","n/e","n/e","n/e","n/e","n/e","n/e","3837","n/e","n/e","5","n/e","1","n/e","n/e","418"
"BZN|SE1","28.07.2022 15:00 - 28.07.2022 16:00 (CET/CEST)","n/e","n/e","n/e","n/e","n/e","n/e","n/e","n/e","n/e","n/e","n/e","n/e","n/e","3903","n/e","n/e","5","n/e","1","n/e","n/e","351"
"BZN|SE1","28.07.2022 16:00 - 28.07.2022 17:00 (CET/CEST)","n/e","n/e","n/e","n/e","n/e","n/e","n/e","n/e","n/e","n/e","n/e","n/e","n/e","3846","n/e","n/e","4","n/e","1","n/e","n/e","325"
"BZN|SE1","28.07.2022 17:00 - 28.07.2022 18:00 (CET/CEST)","n/e","n/e","n/e","n/e","n/e","n/e","n/e","n/e","n/e","n/e","n/e","n/e","n/e","3886","n/e","n/e","4","n/e","0","n/e","n/e","278"
"BZN|SE1","28.07.2022 18:00 - 28.07.2022 19:00 (CET/CEST)","n/e","n/e","n/e","n/e","n/e","n/e","n/e","n/e","n/e","n/e","n/e","n/e","n/e","3923","n/e","n/e","4","n/e","0","n/e","n/e","235"
"BZN|SE1","28.07.2022 19:00 - 28.07.2022 20:00 (CET/CEST)","n/e","n/e","n/e","n/e","n/e","n/e","n/e","n/e","n/e","n/e","n/e","n/e","n/e","3898","n/e","n/e","4","n/e","0","n/e","n/e","212"
"BZN|SE1","28.07.2022 20:00 - 28.07.2022 21:00 (CET/CEST)","n/e","n/e","n/e","n/e","n/e","n/e","n/e","n/e","n/e","n/e","n/e","n/e","n/e","3899","n/e","n/e","4","n/e","0","n/e","n/e","255"
"BZN|SE1","28.07.2022 21:00 - 28.07.2022 22:00 (CET/CEST)","n/e","n/e","n/e","n/e","n/e","n/e","n/e","n/e","n/e","n/e","n/e","n/e","n/e","3881","n/e","n/e","4","n/e","0","n/e","n/e","260"
"BZN|SE1","28.07.2022 22:00 - 28.07.2022 23:00 (CET/CEST)","n/e","n/e","n/e","n/e","n/e","n/e","n/e","n/e","n/e","n/e","n/e","n/e","n/e","3833","n/e","n/e","4","n/e","0","n/e","n/e","315"
"BZN|SE1","28.07.2022 23:00 - 29.07.2022 00:00 (CET/CEST)","n/e","n/e","n/e","n/e","n/e","n/e","n/e","n/e","n/e","n/e","n/e","n/e","n/e","3789","n/e","n/e","4","n/e","0","n/e","n/e","390"
"BZN|SE1","29.07.2022 00:00 - 29.07.2022 01:00 (CET/CEST)","n/e","n/e","n/e","n/e","n/e","n/e","n/e","n/e","n/e","n/e","n/e","n/e","n/e","3749","n/e","n/e","4","n/e","0","n/e","n/e","458"
"BZN|SE1","29.07.2022 01:00 - 29.07.2022 02:00 (CET/CEST)","n/e","n/e","n/e","n/e","n/e","n/e","n/e","n/e","n/e","n/e","n/e","n/e","n/e","3763","n/e","n/e","4","n/e","0","n/e","n/e","477"
"BZN|SE1","29.07.2022 02:00 - 29.07.2022 03:00 (CET/CEST)","n/e","n/e","n/e","n/e","n/e","n/e","n/e","n/e","n/e","n/e","n/e","n/e","n/e","3761","n/e","n/e","4","n/e","0","n/e","n/e","449"
"BZN|SE1","29.07.2022 03:00 - 29.07.2022 04:00 (CET/CEST)","n/e","n/e","n/e","n/e","n/e","n/e","n/e","n/e","n/e","n/e","n/e","n/e","n/e","3783","n/e","n/e","4","n/e","0","n/e","n/e","461"
"BZN|SE1","29.07.2022 04:00 - 29.07.2022 05:00 (CET/CEST)","n/e","n/e","n/e","n/e","n/e","n/e","n/e","n/e","n/e","n/e","n/e","n/e","n/e","3793","n/e","n/e","4","n/e","0","n/e","n/e","476"
"BZN|SE1","29.07.2022 05:00 - 29.07.2022 06:00 (CET/CEST)","n/e","n/e","n/e","n/e","n/e","n/e","n/e","n/e","n/e","n/e","n/e","n/e","n/e","3808","n/e","n/e","4","n/e","0","n/e","n/e","428"
"BZN|SE1","29.07.2022 06:00 - 29.07.2022 07:00 (CET/CEST)","n/e","n/e","n/e","n/e","n/e","n/e","n/e","n/e","n/e","n/e","n/e","n/e","n/e","3754","n/e","n/e","4","n/e","0","n/e","n/e","302"
"BZN|SE1","29.07.2022 07:00 - 29.07.2022 08:00 (CET/CEST)","n/e","n/e","n/e","n/e","n/e","n/e","n/e","n/e","n/e","n/e","n/e","n/e","n/e","3890","n/e","n/e","5","n/e","1","n/e","n/e","210"
"BZN|SE1","29.07.2022 08:00 - 29.07.2022 09:00 (CET/CEST)","n/e","n/e","n/e","n/e","n/e","n/e","n/e","n/e","n/e","n/e","n/e","n/e","n/e","3944","n/e","n/e","5","n/e","1","n/e","n/e","199"
"BZN|SE1","29.07.2022 09:00 - 29.07.2022 10:00 (CET/CEST)","n/e","n/e","n/e","n/e","n/e","n/e","n/e","n/e","n/e","n/e","n/e","n/e","n/e","4000","n/e","n/e","5","n/e","2","n/e","n/e","219"
"BZN|SE1","29.07.2022 10:00 - 29.07.2022 11:00 (CET/CEST)","n/e","n/e","n/e","n/e","n/e","n/e","n/e","n/e","n/e","n/e","n/e","n/e","n/e","4000","n/e","n/e","5","n/e","2","n/e","n/e","228"
"BZN|SE1","29.07.2022 11:00 - 29.07.2022 12:00 (CET/CEST)","n/e","n/e","n/e","n/e","n/e","n/e","n/e","n/e","n/e","n/e","n/e","n/e","n/e","4009","n/e","n/e","5","n/e","2","n/e","n/e","233"
"BZN|SE1","29.07.2022 12:00 - 29.07.2022 13:00 (CET/CEST)","n/e","n/e","n/e","n/e","n/e","n/e","n/e","n/e","n/e","n/e","n/e","n/e","n/e","4010","n/e","n/e","5","n/e","2","n/e","n/e","208"
"BZN|SE1","29.07.2022 13:00 - 29.07.2022 14:00 (CET/CEST)","n/e","n/e","n/e","n/e","n/e","n/e","n/e","n/e","n/e","n/e","n/e","n/e","n/e","4050","n/e","n/e","5","n/e","2","n/e","n/e","181"
"BZN|SE1","29.07.2022 14:00 - 29.07.2022 15:00 (CET/CEST)","n/e","n/e","n/e","n/e","n/e","n/e","n/e","n/e","n/e","n/e","n/e","n/e","n/e","4087","n/e","n/e","5","n/e","2","n/e","n/e","160"
"BZN|SE1","29.07.2022 15:00 - 29.07.2022 16:00 (CET/CEST)","n/e","n/e","n/e","n/e","n/e","n/e","n/e","n/e","n/e","n/e","n/e","n/e","n/e","4100","n/e","n/e","4","n/e","1","n/e","n/e","141"
"BZN|SE1","29.07.2022 16:00 - 29.07.2022 17:00 (CET/CEST)","n/e","n/e","n/e","n/e","n/e","n/e","n/e","n/e","n/e","n/e","n/e","n/e","n/e","4282","n/e","n/e","5","n/e","1","n/e","n/e","139"
"BZN|SE1","29.07.2022 17:00 - 29.07.2022 18:00 (CET/CEST)","n/e","n/e","n/e","n/e","n/e","n/e","n/e","n/e","n/e","n/e","n/e","n/e","n/e","4285","n/e","n/e","4","n/e","1","n/e","n/e","116"
"BZN|SE1","29.07.2022 18:00 - 29.07.2022 19:00 (CET/CEST)","n/e","n/e","n/e","n/e","n/e","n/e","n/e","n/e","n/e","n/e","n/e","n/e","n/e","4286","n/e","n/e","4","n/e","0","n/e","n/e","76"
"BZN|SE1","29.07.2022 19:00 - 29.07.2022 20:00 (CET/CEST)","n/e","n/e","n/e","n/e","n/e","n/e","n/e","n/e","n/e","n/e","n/e","n/e","n/e","4249","n/e","n/e","4","n/e","0","n/e","n/e","47"
"BZN|SE1","29.07.2022 20:00 - 29.07.2022 21:00 (CET/CEST)","n/e","n/e","n/e","n/e","n/e","n/e","n/e","n/e","n/e","n/e","n/e","n/e","n/e","4087","n/e","n/e","4","n/e","0","n/e","n/e","48"
"BZN|SE1","29.07.2022 21:00 - 29.07.2022 22:00 (CET/CEST)","n/e","n/e","n/e","n/e","n/e","n/e","n/e","n/e","n/e","n/e","n/e","n/e","n/e","4016","n/e","n/e","4","n/e","0","n/e","n/e","40"
"BZN|SE1","29.07.2022 22:00 - 29.07.2022 23:00 (CET/CEST)","n/e","n/e","n/e","n/e","n/e","n/e","n/e","n/e","n/e","n/e","n/e","n/e","n/e","3978","n/e","n/e","4","n/e","0","n/e","n/e","51"
"BZN|SE1","29.07.2022 23:00 - 30.07.2022 00:00 (CET/CEST)","n/e","n/e","n/e","n/e","n/e","n/e","n/e","n/e","n/e","n/e","n/e","n/e","n/e","3949","n/e","n/e","4","n/e","0","n/e","n/e","69"
"BZN|SE1","30.07.2022 00:00 - 30.07.2022 01:00 (CET/CEST)","n/e","n/e","n/e","n/e","n/e","n/e","n/e","n/e","n/e","n/e","n/e","n/e","n/e","3944","n/e","n/e","4","n/e","0","n/e","n/e","79"
"BZN|SE1","30.07.2022 01:00 - 30.07.2022 02:00 (CET/CEST)","n/e","n/e","n/e","n/e","n/e","n/e","n/e","n/e","n/e","n/e","n/e","n/e","n/e","3875","n/e","n/e","4","n/e","0","n/e","n/e","88"
"BZN|SE1","30.07.2022 02:00 - 30.07.2022 03:00 (CET/CEST)","n/e","n/e","n/e","n/e","n/e","n/e","n/e","n/e","n/e","n/e","n/e","n/e","n/e","3755","n/e","n/e","4","n/e","0","n/e","n/e","121"
"BZN|SE1","30.07.2022 03:00 - 30.07.2022 04:00 (CET/CEST)","n/e","n/e","n/e","n/e","n/e","n/e","n/e","n/e","n/e","n/e","n/e","n/e","n/e","3717","n/e","n/e","4","n/e","0","n/e","n/e","157"
"BZN|SE1","30.07.2022 04:00 - 30.07.2022 05:00 (CET/CEST)","n/e","n/e","n/e","n/e","n/e","n/e","n/e","n/e","n/e","n/e","n/e","n/e","n/e","3722","n/e","n/e","4","n/e","0","n/e","n/e","183"
"BZN|SE1","30.07.2022 05:00 - 30.07.2022 06:00 (CET/CEST)","n/e","n/e","n/e","n/e","n/e","n/e","n/e","n/e","n/e","n/e","n/e","n/e","n/e","3738","n/e","n/e","4","n/e","0","n/e","n/e","162"
"BZN|SE1","30.07.2022 06:00 - 30.07.2022 07:00 (CET/CEST)","n/e","n/e","n/e","n/e","n/e","n/e","n/e","n/e","n/e","n/e","n/e","n/e","n/e","3778","n/e","n/e","5","n/e","0","n/e","n/e","136"
"BZN|SE1","30.07.2022 07:00 - 30.07.2022 08:00 (CET/CEST)","n/e","n/e","n/e","n/e","n/e","n/e","n/e","n/e","n/e","n/e","n/e","n/e","n/e","3934","n/e","n/e","5","n/e","1","n/e","n/e","86"
"BZN|SE1","30.07.2022 08:00 - 30.07.2022 09:00 (CET/CEST)","n/e","n/e","n/e","n/e","n/e","n/e","n/e","n/e","n/e","n/e","n/e","n/e","n/e","4090","n/e","n/e","5","n/e","1","n/e","n/e","125"
"BZN|SE1","30.07.2022 09:00 - 30.07.2022 10:00 (CET/CEST)","n/e","n/e","n/e","n/e","n/e","n/e","n/e","n/e","n/e","n/e","n/e","n/e","n/e","4096","n/e","n/e","5","n/e","2","n/e","n/e","164"
"BZN|SE1","30.07.2022 10:00 - 30.07.2022 11:00 (CET/CEST)","n/e","n/e","n/e","n/e","n/e","n/e","n/e","n/e","n/e","n/e","n/e","n/e","n/e","4042","n/e","n/e","5","n/e","2","n/e","n/e","184"
"BZN|SE1","30.07.2022 11:00 - 30.07.2022 12:00 (CET/CEST)","n/e","n/e","n/e","n/e","n/e","n/e","n/e","n/e","n/e","n/e","n/e","n/e","n/e","4041","n/e","n/e","5","n/e","2","n/e","n/e","206"
"BZN|SE1","30.07.2022 12:00 - 30.07.2022 13:00 (CET/CEST)","n/e","n/e","n/e","n/e","n/e","n/e","n/e","n/e","n/e","n/e","n/e","n/e","n/e","4034","n/e","n/e","5","n/e","2","n/e","n/e","192"
"BZN|SE1","30.07.2022 13:00 - 30.07.2022 14:00 (CET/CEST)","n/e","n/e","n/e","n/e","n/e","n/e","n/e","n/e","n/e","n/e","n/e","n/e","n/e","4021","n/e","n/e","5","n/e","2","n/e","n/e","192"
"BZN|SE1","30.07.2022 14:00 - 30.07.2022 15:00 (CET/CEST)","n/e","n/e","n/e","n/e","n/e","n/e","n/e","n/e","n/e","n/e","n/e","n/e","n/e","4055","n/e","n/e","5","n/e","1","n/e","n/e","143"
"BZN|SE1","30.07.2022 15:00 - 30.07.2022 16:00 (CET/CEST)","n/e","n/e","n/e","n/e","n/e","n/e","n/e","n/e","n/e","n/e","n/e","n/e","n/e","4069","n/e","n/e","4","n/e","2","n/e","n/e","118"
"BZN|SE1","30.07.2022 16:00 - 30.07.2022 17:00 (CET/CEST)","n/e","n/e","n/e","n/e","n/e","n/e","n/e","n/e","n/e","n/e","n/e","n/e","n/e","4065","n/e","n/e","4","n/e","2","n/e","n/e","111"
"BZN|SE1","30.07.2022 17:00 - 30.07.2022 18:00 (CET/CEST)","n/e","n/e","n/e","n/e","n/e","n/e","n/e","n/e","n/e","n/e","n/e","n/e","n/e","4070","n/e","n/e","4","n/e","1","n/e","n/e","84"
"BZN|SE1","30.07.2022 18:00 - 30.07.2022 19:00 (CET/CEST)","n/e","n/e","n/e","n/e","n/e","n/e","n/e","n/e","n/e","n/e","n/e","n/e","n/e","4062","n/e","n/e","4","n/e","0","n/e","n/e","64"
"BZN|SE1","30.07.2022 19:00 - 30.07.2022 20:00 (CET/CEST)","n/e","n/e","n/e","n/e","n/e","n/e","n/e","n/e","n/e","n/e","n/e","n/e","n/e","4016","n/e","n/e","4","n/e","0","n/e","n/e","73"
"BZN|SE1","30.07.2022 20:00 - 30.07.2022 21:00 (CET/CEST)","n/e","n/e","n/e","n/e","n/e","n/e","n/e","n/e","n/e","n/e","n/e","n/e","n/e","3982","n/e","n/e","4","n/e","0","n/e","n/e","66"
"BZN|SE1","30.07.2022 21:00 - 30.07.2022 22:00 (CET/CEST)","n/e","n/e","n/e","n/e","n/e","n/e","n/e","n/e","n/e","n/e","n/e","n/e","n/e","3916","n/e","n/e","4","n/e","0","n/e","n/e","87"
"BZN|SE1","30.07.2022 22:00 - 30.07.2022 23:00 (CET/CEST)","n/e","n/e","n/e","n/e","n/e","n/e","n/e","n/e","n/e","n/e","n/e","n/e","n/e","3785","n/e","n/e","4","n/e","0","n/e","n/e","99"
"BZN|SE1","30.07.2022 23:00 - 31.07.2022 00:00 (CET/CEST)","n/e","n/e","n/e","n/e","n/e","n/e","n/e","n/e","n/e","n/e","n/e","n/e","n/e","3806","n/e","n/e","4","n/e","0","n/e","n/e","114"
"BZN|SE1","31.07.2022 00:00 - 31.07.2022 01:00 (CET/CEST)","n/e","n/e","n/e","n/e","n/e","n/e","n/e","n/e","n/e","n/e","n/e","n/e","n/e","4079","n/e","n/e","4","n/e","0","n/e","n/e","120"
"BZN|SE1","31.07.2022 01:00 - 31.07.2022 02:00 (CET/CEST)","n/e","n/e","n/e","n/e","n/e","n/e","n/e","n/e","n/e","n/e","n/e","n/e","n/e","4072","n/e","n/e","4","n/e","0","n/e","n/e","107"
"BZN|SE1","31.07.2022 02:00 - 31.07.2022 03:00 (CET/CEST)","n/e","n/e","n/e","n/e","n/e","n/e","n/e","n/e","n/e","n/e","n/e","n/e","n/e","4066","n/e","n/e","4","n/e","0","n/e","n/e","86"
"BZN|SE1","31.07.2022 03:00 - 31.07.2022 04:00 (CET/CEST)","n/e","n/e","n/e","n/e","n/e","n/e","n/e","n/e","n/e","n/e","n/e","n/e","n/e","4068","n/e","n/e","4","n/e","0","n/e","n/e","73"
"BZN|SE1","31.07.2022 04:00 - 31.07.2022 05:00 (CET/CEST)","n/e","n/e","n/e","n/e","n/e","n/e","n/e","n/e","n/e","n/e","n/e","n/e","n/e","4064","n/e","n/e","4","n/e","0","n/e","n/e","68"
"BZN|SE1","31.07.2022 05:00 - 31.07.2022 06:00 (CET/CEST)","n/e","n/e","n/e","n/e","n/e","n/e","n/e","n/e","n/e","n/e","n/e","n/e","n/e","4068","n/e","n/e","4","n/e","0","n/e","n/e","55"
"BZN|SE1","31.07.2022 06:00 - 31.07.2022 07:00 (CET/CEST)","n/e","n/e","n/e","n/e","n/e","n/e","n/e","n/e","n/e","n/e","n/e","n/e","n/e","4062","n/e","n/e","4","n/e","0","n/e","n/e","34"
"BZN|SE1","31.07.2022 07:00 - 31.07.2022 08:00 (CET/CEST)","n/e","n/e","n/e","n/e","n/e","n/e","n/e","n/e","n/e","n/e","n/e","n/e","n/e","4095","n/e","n/e","5","n/e","1","n/e","n/e","14"
"BZN|SE1","31.07.2022 08:00 - 31.07.2022 09:00 (CET/CEST)","n/e","n/e","n/e","n/e","n/e","n/e","n/e","n/e","n/e","n/e","n/e","n/e","n/e","4145","n/e","n/e","5","n/e","1","n/e","n/e","9"
"BZN|SE1","31.07.2022 09:00 - 31.07.2022 10:00 (CET/CEST)","n/e","n/e","n/e","n/e","n/e","n/e","n/e","n/e","n/e","n/e","n/e","n/e","n/e","4163","n/e","n/e","4","n/e","2","n/e","n/e","13"
"BZN|SE1","31.07.2022 10:00 - 31.07.2022 11:00 (CET/CEST)","n/e","n/e","n/e","n/e","n/e","n/e","n/e","n/e","n/e","n/e","n/e","n/e","n/e","4162","n/e","n/e","5","n/e","2","n/e","n/e","19"
"BZN|SE1","31.07.2022 11:00 - 31.07.2022 12:00 (CET/CEST)","n/e","n/e","n/e","n/e","n/e","n/e","n/e","n/e","n/e","n/e","n/e","n/e","n/e","4137","n/e","n/e","5","n/e","2","n/e","n/e","25"
"BZN|SE1","31.07.2022 12:00 - 31.07.2022 13:00 (CET/CEST)","n/e","n/e","n/e","n/e","n/e","n/e","n/e","n/e","n/e","n/e","n/e","n/e","n/e","4054","n/e","n/e","5","n/e","3","n/e","n/e","32"
"BZN|SE1","31.07.2022 13:00 - 31.07.2022 14:00 (CET/CEST)","n/e","n/e","n/e","n/e","n/e","n/e","n/e","n/e","n/e","n/e","n/e","n/e","n/e","3878","n/e","n/e","5","n/e","3","n/e","n/e","56"
"BZN|SE1","31.07.2022 14:00 - 31.07.2022 15:00 (CET/CEST)","n/e","n/e","n/e","n/e","n/e","n/e","n/e","n/e","n/e","n/e","n/e","n/e","n/e","3967","n/e","n/e","5","n/e","2","n/e","n/e","65"
"BZN|SE1","31.07.2022 15:00 - 31.07.2022 16:00 (CET/CEST)","n/e","n/e","n/e","n/e","n/e","n/e","n/e","n/e","n/e","n/e","n/e","n/e","n/e","4069","n/e","n/e","5","n/e","2","n/e","n/e","90"
"BZN|SE1","31.07.2022 16:00 - 31.07.2022 17:00 (CET/CEST)","n/e","n/e","n/e","n/e","n/e","n/e","n/e","n/e","n/e","n/e","n/e","n/e","n/e","4112","n/e","n/e","5","n/e","2","n/e","n/e","145"
"BZN|SE1","31.07.2022 17:00 - 31.07.2022 18:00 (CET/CEST)","n/e","n/e","n/e","n/e","n/e","n/e","n/e","n/e","n/e","n/e","n/e","n/e","n/e","4124","n/e","n/e","4","n/e","1","n/e","n/e","186"
"BZN|SE1","31.07.2022 18:00 - 31.07.2022 19:00 (CET/CEST)","n/e","n/e","n/e","n/e","n/e","n/e","n/e","n/e","n/e","n/e","n/e","n/e","n/e","4152","n/e","n/e","4","n/e","1","n/e","n/e","194"
"BZN|SE1","31.07.2022 19:00 - 31.07.2022 20:00 (CET/CEST)","n/e","n/e","n/e","n/e","n/e","n/e","n/e","n/e","n/e","n/e","n/e","n/e","n/e","4095","n/e","n/e","4","n/e","0","n/e","n/e","218"
"BZN|SE1","31.07.2022 20:00 - 31.07.2022 21:00 (CET/CEST)","n/e","n/e","n/e","n/e","n/e","n/e","n/e","n/e","n/e","n/e","n/e","n/e","n/e","4065","n/e","n/e","4","n/e","0","n/e","n/e","225"
"BZN|SE1","31.07.2022 21:00 - 31.07.2022 22:00 (CET/CEST)","n/e","n/e","n/e","n/e","n/e","n/e","n/e","n/e","n/e","n/e","n/e","n/e","n/e","3957","n/e","n/e","3","n/e","0","n/e","n/e","283"
"BZN|SE1","31.07.2022 22:00 - 31.07.2022 23:00 (CET/CEST)","n/e","n/e","n/e","n/e","n/e","n/e","n/e","n/e","n/e","n/e","n/e","n/e","n/e","3818","n/e","n/e","4","n/e","0","n/e","n/e","298"
"BZN|SE1","31.07.2022 23:00 - 01.08.2022 00:00 (CET/CEST)","n/e","n/e","n/e","n/e","n/e","n/e","n/e","n/e","n/e","n/e","n/e","n/e","n/e","3634","n/e","n/e","4","n/e","0","n/e","n/e","317"
"BZN|SE1","01.08.2022 00:00 - 01.08.2022 01:00 (CET/CEST)","n/e","n/e","n/e","n/e","n/e","n/e","n/e","n/e","n/e","n/e","n/e","n/e","n/e","3224","n/e","n/e","4","n/e","0","n/e","n/e","259"
"BZN|SE1","01.08.2022 01:00 - 01.08.2022 02:00 (CET/CEST)","n/e","n/e","n/e","n/e","n/e","n/e","n/e","n/e","n/e","n/e","n/e","n/e","n/e","2975","n/e","n/e","4","n/e","0","n/e","n/e","148"
"BZN|SE1","01.08.2022 02:00 - 01.08.2022 03:00 (CET/CEST)","n/e","n/e","n/e","n/e","n/e","n/e","n/e","n/e","n/e","n/e","n/e","n/e","n/e","2978","n/e","n/e","4","n/e","0","n/e","n/e","122"
"BZN|SE1","01.08.2022 03:00 - 01.08.2022 04:00 (CET/CEST)","n/e","n/e","n/e","n/e","n/e","n/e","n/e","n/e","n/e","n/e","n/e","n/e","n/e","3014","n/e","n/e","4","n/e","0","n/e","n/e","119"
"BZN|SE1","01.08.2022 04:00 - 01.08.2022 05:00 (CET/CEST)","n/e","n/e","n/e","n/e","n/e","n/e","n/e","n/e","n/e","n/e","n/e","n/e","n/e","3009","n/e","n/e","4","n/e","0","n/e","n/e","82"
"BZN|SE1","01.08.2022 05:00 - 01.08.2022 06:00 (CET/CEST)","n/e","n/e","n/e","n/e","n/e","n/e","n/e","n/e","n/e","n/e","n/e","n/e","n/e","3225","n/e","n/e","4","n/e","0","n/e","n/e","63"
"BZN|SE1","01.08.2022 06:00 - 01.08.2022 07:00 (CET/CEST)","n/e","n/e","n/e","n/e","n/e","n/e","n/e","n/e","n/e","n/e","n/e","n/e","n/e","3645","n/e","n/e","5","n/e","0","n/e","n/e","55"
"BZN|SE1","01.08.2022 07:00 - 01.08.2022 08:00 (CET/CEST)","n/e","n/e","n/e","n/e","n/e","n/e","n/e","n/e","n/e","n/e","n/e","n/e","n/e","4038","n/e","n/e","5","n/e","1","n/e","n/e","50"
"BZN|SE1","01.08.2022 08:00 - 01.08.2022 09:00 (CET/CEST)","n/e","n/e","n/e","n/e","n/e","n/e","n/e","n/e","n/e","n/e","n/e","n/e","n/e","3936","n/e","n/e","5","n/e","1","n/e","n/e","65"
"BZN|SE1","01.08.2022 09:00 - 01.08.2022 10:00 (CET/CEST)","n/e","n/e","n/e","n/e","n/e","n/e","n/e","n/e","n/e","n/e","n/e","n/e","n/e","3938","n/e","n/e","5","n/e","2","n/e","n/e","96"
"BZN|SE1","01.08.2022 10:00 - 01.08.2022 11:00 (CET/CEST)","n/e","n/e","n/e","n/e","n/e","n/e","n/e","n/e","n/e","n/e","n/e","n/e","n/e","3961","n/e","n/e","6","n/e","2","n/e","n/e","133"
"BZN|SE1","01.08.2022 11:00 - 01.08.2022 12:00 (CET/CEST)","n/e","n/e","n/e","n/e","n/e","n/e","n/e","n/e","n/e","n/e","n/e","n/e","n/e","3874","n/e","n/e","6","n/e","3","n/e","n/e","191"
"BZN|SE1","01.08.2022 12:00 - 01.08.2022 13:00 (CET/CEST)","n/e","n/e","n/e","n/e","n/e","n/e","n/e","n/e","n/e","n/e","n/e","n/e","n/e","3829","n/e","n/e","6","n/e","3","n/e","n/e","264"
"BZN|SE1","01.08.2022 13:00 - 01.08.2022 14:00 (CET/CEST)","n/e","n/e","n/e","n/e","n/e","n/e","n/e","n/e","n/e","n/e","n/e","n/e","n/e","3815","n/e","n/e","6","n/e","2","n/e","n/e","337"
"BZN|SE1","01.08.2022 14:00 - 01.08.2022 15:00 (CET/CEST)","n/e","n/e","n/e","n/e","n/e","n/e","n/e","n/e","n/e","n/e","n/e","n/e","n/e","3820","n/e","n/e","6","n/e","2","n/e","n/e","359"
"BZN|SE1","01.08.2022 15:00 - 01.08.2022 16:00 (CET/CEST)","n/e","n/e","n/e","n/e","n/e","n/e","n/e","n/e","n/e","n/e","n/e","n/e","n/e","3907","n/e","n/e","5","n/e","2","n/e","n/e","356"
"BZN|SE1","01.08.2022 16:00 - 01.08.2022 17:00 (CET/CEST)","n/e","n/e","n/e","n/e","n/e","n/e","n/e","n/e","n/e","n/e","n/e","n/e","n/e","3912","n/e","n/e","5","n/e","1","n/e","n/e","312"
"BZN|SE1","01.08.2022 17:00 - 01.08.2022 18:00 (CET/CEST)","n/e","n/e","n/e","n/e","n/e","n/e","n/e","n/e","n/e","n/e","n/e","n/e","n/e","3911","n/e","n/e","5","n/e","1","n/e","n/e","277"
"BZN|SE1","01.08.2022 18:00 - 01.08.2022 19:00 (CET/CEST)","n/e","n/e","n/e","n/e","n/e","n/e","n/e","n/e","n/e","n/e","n/e","n/e","n/e","3760","n/e","n/e","5","n/e","0","n/e","n/e","251"
"BZN|SE1","01.08.2022 19:00 - 01.08.2022 20:00 (CET/CEST)","n/e","n/e","n/e","n/e","n/e","n/e","n/e","n/e","n/e","n/e","n/e","n/e","n/e","3706","n/e","n/e","4","n/e","0","n/e","n/e","249"
"BZN|SE1","01.08.2022 20:00 - 01.08.2022 21:00 (CET/CEST)","n/e","n/e","n/e","n/e","n/e","n/e","n/e","n/e","n/e","n/e","n/e","n/e","n/e","3611","n/e","n/e","4","n/e","0","n/e","n/e","264"
"BZN|SE1","01.08.2022 21:00 - 01.08.2022 22:00 (CET/CEST)","n/e","n/e","n/e","n/e","n/e","n/e","n/e","n/e","n/e","n/e","n/e","n/e","n/e","3313","n/e","n/e","4","n/e","0","n/e","n/e","370"
"BZN|SE1","01.08.2022 22:00 - 01.08.2022 23:00 (CET/CEST)","n/e","n/e","n/e","n/e","n/e","n/e","n/e","n/e","n/e","n/e","n/e","n/e","n/e","3002","n/e","n/e","4","n/e","0","n/e","n/e","423"
"BZN|SE1","01.08.2022 23:00 - 02.08.2022 00:00 (CET/CEST)","n/e","n/e","n/e","n/e","n/e","n/e","n/e","n/e","n/e","n/e","n/e","n/e","n/e","2817","n/e","n/e","4","n/e","0","n/e","n/e","423"
"BZN|SE1","02.08.2022 00:00 - 02.08.2022 01:00 (CET/CEST)","n/e","n/e","n/e","n/e","n/e","n/e","n/e","n/e","n/e","n/e","n/e","n/e","n/e","2740","n/e","n/e","5","n/e","0","n/e","n/e","388"
"BZN|SE1","02.08.2022 01:00 - 02.08.2022 02:00 (CET/CEST)","n/e","n/e","n/e","n/e","n/e","n/e","n/e","n/e","n/e","n/e","n/e","n/e","n/e","2740","n/e","n/e","5","n/e","0","n/e","n/e","315"
"BZN|SE1","02.08.2022 02:00 - 02.08.2022 03:00 (CET/CEST)","n/e","n/e","n/e","n/e","n/e","n/e","n/e","n/e","n/e","n/e","n/e","n/e","n/e","2713","n/e","n/e","5","n/e","0","n/e","n/e","346"
"BZN|SE1","02.08.2022 03:00 - 02.08.2022 04:00 (CET/CEST)","n/e","n/e","n/e","n/e","n/e","n/e","n/e","n/e","n/e","n/e","n/e","n/e","n/e","2620","n/e","n/e","5","n/e","0","n/e","n/e","360"
"BZN|SE1","02.08.2022 04:00 - 02.08.2022 05:00 (CET/CEST)","n/e","n/e","n/e","n/e","n/e","n/e","n/e","n/e","n/e","n/e","n/e","n/e","n/e","2653","n/e","n/e","5","n/e","0","n/e","n/e","401"
"BZN|SE1","02.08.2022 05:00 - 02.08.2022 06:00 (CET/CEST)","n/e","n/e","n/e","n/e","n/e","n/e","n/e","n/e","n/e","n/e","n/e","n/e","n/e","2785","n/e","n/e","5","n/e","0","n/e","n/e","505"
"BZN|SE1","02.08.2022 06:00 - 02.08.2022 07:00 (CET/CEST)","n/e","n/e","n/e","n/e","n/e","n/e","n/e","n/e","n/e","n/e","n/e","n/e","n/e","2934","n/e","n/e","5","n/e","0","n/e","n/e","534"
"BZN|SE1","02.08.2022 07:00 - 02.08.2022 08:00 (CET/CEST)","n/e","n/e","n/e","n/e","n/e","n/e","n/e","n/e","n/e","n/e","n/e","n/e","n/e","3541","n/e","n/e","5","n/e","0","n/e","n/e","363"
"BZN|SE1","02.08.2022 08:00 - 02.08.2022 09:00 (CET/CEST)","n/e","n/e","n/e","n/e","n/e","n/e","n/e","n/e","n/e","n/e","n/e","n/e","n/e","3879","n/e","n/e","5","n/e","0","n/e","n/e","305"
"BZN|SE1","02.08.2022 09:00 - 02.08.2022 10:00 (CET/CEST)","n/e","n/e","n/e","n/e","n/e","n/e","n/e","n/e","n/e","n/e","n/e","n/e","n/e","3907","n/e","n/e","5","n/e","0","n/e","n/e","264"
"BZN|SE1","02.08.2022 10:00 - 02.08.2022 11:00 (CET/CEST)","n/e","n/e","n/e","n/e","n/e","n/e","n/e","n/e","n/e","n/e","n/e","n/e","n/e","3936","n/e","n/e","6","n/e","1","n/e","n/e","194"
"BZN|SE1","02.08.2022 11:00 - 02.08.2022 12:00 (CET/CEST)","n/e","n/e","n/e","n/e","n/e","n/e","n/e","n/e","n/e","n/e","n/e","n/e","n/e","3942","n/e","n/e","6","n/e","1","n/e","n/e","144"
"BZN|SE1","02.08.2022 12:00 - 02.08.2022 13:00 (CET/CEST)","n/e","n/e","n/e","n/e","n/e","n/e","n/e","n/e","n/e","n/e","n/e","n/e","n/e","3944","n/e","n/e","6","n/e","1","n/e","n/e","186"
"BZN|SE1","02.08.2022 13:00 - 02.08.2022 14:00 (CET/CEST)","n/e","n/e","n/e","n/e","n/e","n/e","n/e","n/e","n/e","n/e","n/e","n/e","n/e","3955","n/e","n/e","6","n/e","1","n/e","n/e","217"
"BZN|SE1","02.08.2022 14:00 - 02.08.2022 15:00 (CET/CEST)","n/e","n/e","n/e","n/e","n/e","n/e","n/e","n/e","n/e","n/e","n/e","n/e","n/e","3948","n/e","n/e","6","n/e","2","n/e","n/e","281"
"BZN|SE1","02.08.2022 15:00 - 02.08.2022 16:00 (CET/CEST)","n/e","n/e","n/e","n/e","n/e","n/e","n/e","n/e","n/e","n/e","n/e","n/e","n/e","3965","n/e","n/e","6","n/e","1","n/e","n/e","423"
"BZN|SE1","02.08.2022 16:00 - 02.08.2022 17:00 (CET/CEST)","n/e","n/e","n/e","n/e","n/e","n/e","n/e","n/e","n/e","n/e","n/e","n/e","n/e","3961","n/e","n/e","6","n/e","1","n/e","n/e","426"
"BZN|SE1","02.08.2022 17:00 - 02.08.2022 18:00 (CET/CEST)","n/e","n/e","n/e","n/e","n/e","n/e","n/e","n/e","n/e","n/e","n/e","n/e","n/e","3945","n/e","n/e","5","n/e","1","n/e","n/e","398"
"BZN|SE1","02.08.2022 18:00 - 02.08.2022 19:00 (CET/CEST)","n/e","n/e","n/e","n/e","n/e","n/e","n/e","n/e","n/e","n/e","n/e","n/e","n/e","3965","n/e","n/e","5","n/e","1","n/e","n/e","389"
"BZN|SE1","02.08.2022 19:00 - 02.08.2022 20:00 (CET/CEST)","n/e","n/e","n/e","n/e","n/e","n/e","n/e","n/e","n/e","n/e","n/e","n/e","n/e","3947","n/e","n/e","5","n/e","0","n/e","n/e","295"
"BZN|SE1","02.08.2022 20:00 - 02.08.2022 21:00 (CET/CEST)","n/e","n/e","n/e","n/e","n/e","n/e","n/e","n/e","n/e","n/e","n/e","n/e","n/e","3748","n/e","n/e","5","n/e","0","n/e","n/e","282"
"BZN|SE1","02.08.2022 21:00 - 02.08.2022 22:00 (CET/CEST)","n/e","n/e","n/e","n/e","n/e","n/e","n/e","n/e","n/e","n/e","n/e","n/e","n/e","3334","n/e","n/e","4","n/e","0","n/e","n/e","359"
"BZN|SE1","02.08.2022 22:00 - 02.08.2022 23:00 (CET/CEST)","n/e","n/e","n/e","n/e","n/e","n/e","n/e","n/e","n/e","n/e","n/e","n/e","n/e","2957","n/e","n/e","5","n/e","0","n/e","n/e","380"
"BZN|SE1","02.08.2022 23:00 - 03.08.2022 00:00 (CET/CEST)","n/e","n/e","n/e","n/e","n/e","n/e","n/e","n/e","n/e","n/e","n/e","n/e","n/e","2544","n/e","n/e","5","n/e","0","n/e","n/e","445"
"BZN|SE1","03.08.2022 00:00 - 03.08.2022 01:00 (CET/CEST)","n/e","n/e","n/e","n/e","n/e","n/e","n/e","n/e","n/e","n/e","n/e","n/e","n/e","2101","n/e","n/e","5","n/e","0","n/e","n/e","481"
"BZN|SE1","03.08.2022 01:00 - 03.08.2022 02:00 (CET/CEST)","n/e","n/e","n/e","n/e","n/e","n/e","n/e","n/e","n/e","n/e","n/e","n/e","n/e","1942","n/e","n/e","5","n/e","0","n/e","n/e","545"
"BZN|SE1","03.08.2022 02:00 - 03.08.2022 03:00 (CET/CEST)","n/e","n/e","n/e","n/e","n/e","n/e","n/e","n/e","n/e","n/e","n/e","n/e","n/e","1942","n/e","n/e","5","n/e","0","n/e","n/e","546"
"BZN|SE1","03.08.2022 03:00 - 03.08.2022 04:00 (CET/CEST)","n/e","n/e","n/e","n/e","n/e","n/e","n/e","n/e","n/e","n/e","n/e","n/e","n/e","1969","n/e","n/e","5","n/e","0","n/e","n/e","524"
"BZN|SE1","03.08.2022 04:00 - 03.08.2022 05:00 (CET/CEST)","n/e","n/e","n/e","n/e","n/e","n/e","n/e","n/e","n/e","n/e","n/e","n/e","n/e","2005","n/e","n/e","5","n/e","0","n/e","n/e","512"
"BZN|SE1","03.08.2022 05:00 - 03.08.2022 06:00 (CET/CEST)","n/e","n/e","n/e","n/e","n/e","n/e","n/e","n/e","n/e","n/e","n/e","n/e","n/e","2664","n/e","n/e","5","n/e","0","n/e","n/e","536"
"BZN|SE1","03.08.2022 06:00 - 03.08.2022 07:00 (CET/CEST)","n/e","n/e","n/e","n/e","n/e","n/e","n/e","n/e","n/e","n/e","n/e","n/e","n/e","3268","n/e","n/e","5","n/e","0","n/e","n/e","419"
"BZN|SE1","03.08.2022 07:00 - 03.08.2022 08:00 (CET/CEST)","n/e","n/e","n/e","n/e","n/e","n/e","n/e","n/e","n/e","n/e","n/e","n/e","n/e","3691","n/e","n/e","5","n/e","0","n/e","n/e","404"
"BZN|SE1","03.08.2022 08:00 - 03.08.2022 09:00 (CET/CEST)","n/e","n/e","n/e","n/e","n/e","n/e","n/e","n/e","n/e","n/e","n/e","n/e","n/e","3766","n/e","n/e","5","n/e","0","n/e","n/e","233"
"BZN|SE1","03.08.2022 09:00 - 03.08.2022 10:00 (CET/CEST)","n/e","n/e","n/e","n/e","n/e","n/e","n/e","n/e","n/e","n/e","n/e","n/e","n/e","3768","n/e","n/e","5","n/e","0","n/e","n/e","233"
"BZN|SE1","03.08.2022 10:00 - 03.08.2022 11:00 (CET/CEST)","n/e","n/e","n/e","n/e","n/e","n/e","n/e","n/e","n/e","n/e","n/e","n/e","n/e","3666","n/e","n/e","5","n/e","1","n/e","n/e","293"
"BZN|SE1","03.08.2022 11:00 - 03.08.2022 12:00 (CET/CEST)","n/e","n/e","n/e","n/e","n/e","n/e","n/e","n/e","n/e","n/e","n/e","n/e","n/e","3593","n/e","n/e","5","n/e","1","n/e","n/e","328"
"BZN|SE1","03.08.2022 12:00 - 03.08.2022 13:00 (CET/CEST)","n/e","n/e","n/e","n/e","n/e","n/e","n/e","n/e","n/e","n/e","n/e","n/e","n/e","3377","n/e","n/e","5","n/e","1","n/e","n/e","354"
"BZN|SE1","03.08.2022 13:00 - 03.08.2022 14:00 (CET/CEST)","n/e","n/e","n/e","n/e","n/e","n/e","n/e","n/e","n/e","n/e","n/e","n/e","n/e","2893","n/e","n/e","5","n/e","1","n/e","n/e","417"
"BZN|SE1","03.08.2022 14:00 - 03.08.2022 15:00 (CET/CEST)","n/e","n/e","n/e","n/e","n/e","n/e","n/e","n/e","n/e","n/e","n/e","n/e","n/e","2728","n/e","n/e","6","n/e","1","n/e","n/e","459"
"BZN|SE1","03.08.2022 15:00 - 03.08.2022 16:00 (CET/CEST)","n/e","n/e","n/e","n/e","n/e","n/e","n/e","n/e","n/e","n/e","n/e","n/e","n/e","2680","n/e","n/e","6","n/e","1","n/e","n/e","482"
"BZN|SE1","03.08.2022 16:00 - 03.08.2022 17:00 (CET/CEST)","n/e","n/e","n/e","n/e","n/e","n/e","n/e","n/e","n/e","n/e","n/e","n/e","n/e","2825","n/e","n/e","5","n/e","0","n/e","n/e","451"
"BZN|SE1","03.08.2022 17:00 - 03.08.2022 18:00 (CET/CEST)","n/e","n/e","n/e","n/e","n/e","n/e","n/e","n/e","n/e","n/e","n/e","n/e","n/e","2796","n/e","n/e","5","n/e","0","n/e","n/e","500"
"BZN|SE1","03.08.2022 18:00 - 03.08.2022 19:00 (CET/CEST)","n/e","n/e","n/e","n/e","n/e","n/e","n/e","n/e","n/e","n/e","n/e","n/e","n/e","2999","n/e","n/e","5","n/e","0","n/e","n/e","487"
"BZN|SE1","03.08.2022 19:00 - 03.08.2022 20:00 (CET/CEST)","n/e","n/e","n/e","n/e","n/e","n/e","n/e","n/e","n/e","n/e","n/e","n/e","n/e","3117","n/e","n/e","5","n/e","0","n/e","n/e","561"
"BZN|SE1","03.08.2022 20:00 - 03.08.2022 21:00 (CET/CEST)","n/e","n/e","n/e","n/e","n/e","n/e","n/e","n/e","n/e","n/e","n/e","n/e","n/e","3040","n/e","n/e","5","n/e","0","n/e","n/e","601"
"BZN|SE1","03.08.2022 21:00 - 03.08.2022 22:00 (CET/CEST)","n/e","n/e","n/e","n/e","n/e","n/e","n/e","n/e","n/e","n/e","n/e","n/e","n/e","2950","n/e","n/e","5","n/e","0","n/e","n/e","625"
"BZN|SE1","03.08.2022 22:00 - 03.08.2022 23:00 (CET/CEST)","n/e","n/e","n/e","n/e","n/e","n/e","n/e","n/e","n/e","n/e","n/e","n/e","n/e","2719","n/e","n/e","5","n/e","0","n/e","n/e","708"
"BZN|SE1","03.08.2022 23:00 - 04.08.2022 00:00 (CET/CEST)","n/e","n/e","n/e","n/e","n/e","n/e","n/e","n/e","n/e","n/e","n/e","n/e","n/e","2071","n/e","n/e","5","n/e","0","n/e","n/e","718"
"BZN|SE1","04.08.2022 00:00 - 04.08.2022 01:00 (CET/CEST)","n/e","n/e","n/e","n/e","n/e","n/e","n/e","n/e","n/e","n/e","n/e","n/e","n/e","2106","n/e","n/e","5","n/e","0","n/e","n/e","759"
"BZN|SE1","04.08.2022 01:00 - 04.08.2022 02:00 (CET/CEST)","n/e","n/e","n/e","n/e","n/e","n/e","n/e","n/e","n/e","n/e","n/e","n/e","n/e","2019","n/e","n/e","5","n/e","0","n/e","n/e","777"
"BZN|SE1","04.08.2022 02:00 - 04.08.2022 03:00 (CET/CEST)","n/e","n/e","n/e","n/e","n/e","n/e","n/e","n/e","n/e","n/e","n/e","n/e","n/e","1954","n/e","n/e","5","n/e","0","n/e","n/e","664"
"BZN|SE1","04.08.2022 03:00 - 04.08.2022 04:00 (CET/CEST)","n/e","n/e","n/e","n/e","n/e","n/e","n/e","n/e","n/e","n/e","n/e","n/e","n/e","2173","n/e","n/e","5","n/e","0","n/e","n/e","641"
"BZN|SE1","04.08.2022 04:00 - 04.08.2022 05:00 (CET/CEST)","n/e","n/e","n/e","n/e","n/e","n/e","n/e","n/e","n/e","n/e","n/e","n/e","n/e","2497","n/e","n/e","5","n/e","0","n/e","n/e","513"
"BZN|SE1","04.08.2022 05:00 - 04.08.2022 06:00 (CET/CEST)","n/e","n/e","n/e","n/e","n/e","n/e","n/e","n/e","n/e","n/e","n/e","n/e","n/e","3370","n/e","n/e","5","n/e","0","n/e","n/e","383"
"BZN|SE1","04.08.2022 06:00 - 04.08.2022 07:00 (CET/CEST)","n/e","n/e","n/e","n/e","n/e","n/e","n/e","n/e","n/e","n/e","n/e","n/e","n/e","3524","n/e","n/e","5","n/e","0","n/e","n/e","325"
"BZN|SE1","04.08.2022 07:00 - 04.08.2022 08:00 (CET/CEST)","n/e","n/e","n/e","n/e","n/e","n/e","n/e","n/e","n/e","n/e","n/e","n/e","n/e","3962","n/e","n/e","5","n/e","0","n/e","n/e","303"
"BZN|SE1","04.08.2022 08:00 - 04.08.2022 09:00 (CET/CEST)","n/e","n/e","n/e","n/e","n/e","n/e","n/e","n/e","n/e","n/e","n/e","n/e","n/e","3919","n/e","n/e","5","n/e","1","n/e","n/e","205"
"BZN|SE1","04.08.2022 09:00 - 04.08.2022 10:00 (CET/CEST)","n/e","n/e","n/e","n/e","n/e","n/e","n/e","n/e","n/e","n/e","n/e","n/e","n/e","3984","n/e","n/e","5","n/e","1","n/e","n/e","200"
"BZN|SE1","04.08.2022 10:00 - 04.08.2022 11:00 (CET/CEST)","n/e","n/e","n/e","n/e","n/e","n/e","n/e","n/e","n/e","n/e","n/e","n/e","n/e","3867","n/e","n/e","6","n/e","1","n/e","n/e","103"
"BZN|SE1","04.08.2022 11:00 - 04.08.2022 12:00 (CET/CEST)","n/e","n/e","n/e","n/e","n/e","n/e","n/e","n/e","n/e","n/e","n/e","n/e","n/e","3739","n/e","n/e","6","n/e","2","n/e","n/e","94"
"BZN|SE1","04.08.2022 12:00 - 04.08.2022 13:00 (CET/CEST)","n/e","n/e","n/e","n/e","n/e","n/e","n/e","n/e","n/e","n/e","n/e","n/e","n/e","3725","n/e","n/e","6","n/e","2","n/e","n/e","91"
"BZN|SE1","04.08.2022 13:00 - 04.08.2022 14:00 (CET/CEST)","n/e","n/e","n/e","n/e","n/e","n/e","n/e","n/e","n/e","n/e","n/e","n/e","n/e","3679","n/e","n/e","6","n/e","2","n/e","n/e","104"
"BZN|SE1","04.08.2022 14:00 - 04.08.2022 15:00 (CET/CEST)","n/e","n/e","n/e","n/e","n/e","n/e","n/e","n/e","n/e","n/e","n/e","n/e","n/e","3649","n/e","n/e","6","n/e","2","n/e","n/e","133"
"BZN|SE1","04.08.2022 15:00 - 04.08.2022 16:00 (CET/CEST)","n/e","n/e","n/e","n/e","n/e","n/e","n/e","n/e","n/e","n/e","n/e","n/e","n/e","3608","n/e","n/e","6","n/e","2","n/e","n/e","181"
"BZN|SE1","04.08.2022 16:00 - 04.08.2022 17:00 (CET/CEST)","n/e","n/e","n/e","n/e","n/e","n/e","n/e","n/e","n/e","n/e","n/e","n/e","n/e","3749","n/e","n/e","5","n/e","1","n/e","n/e","198"
"BZN|SE1","04.08.2022 17:00 - 04.08.2022 18:00 (CET/CEST)","n/e","n/e","n/e","n/e","n/e","n/e","n/e","n/e","n/e","n/e","n/e","n/e","n/e","3844","n/e","n/e","5","n/e","1","n/e","n/e","211"
"BZN|SE1","04.08.2022 18:00 - 04.08.2022 19:00 (CET/CEST)","n/e","n/e","n/e","n/e","n/e","n/e","n/e","n/e","n/e","n/e","n/e","n/e","n/e","3910","n/e","n/e","5","n/e","1","n/e","n/e","219"
"BZN|SE1","04.08.2022 19:00 - 04.08.2022 20:00 (CET/CEST)","n/e","n/e","n/e","n/e","n/e","n/e","n/e","n/e","n/e","n/e","n/e","n/e","n/e","3903","n/e","n/e","5","n/e","0","n/e","n/e","220"
"BZN|SE1","04.08.2022 20:00 - 04.08.2022 21:00 (CET/CEST)","n/e","n/e","n/e","n/e","n/e","n/e","n/e","n/e","n/e","n/e","n/e","n/e","n/e","3662","n/e","n/e","5","n/e","0","n/e","n/e","278"
"BZN|SE1","04.08.2022 21:00 - 04.08.2022 22:00 (CET/CEST)","n/e","n/e","n/e","n/e","n/e","n/e","n/e","n/e","n/e","n/e","n/e","n/e","n/e","3487","n/e","n/e","4","n/e","0","n/e","n/e","348"
"BZN|SE1","04.08.2022 22:00 - 04.08.2022 23:00 (CET/CEST)","n/e","n/e","n/e","n/e","n/e","n/e","n/e","n/e","n/e","n/e","n/e","n/e","n/e","3311","n/e","n/e","5","n/e","0","n/e","n/e","426"
"BZN|SE1","04.08.2022 23:00 - 05.08.2022 00:00 (CET/CEST)","n/e","n/e","n/e","n/e","n/e","n/e","n/e","n/e","n/e","n/e","n/e","n/e","n/e","2526","n/e","n/e","5","n/e","0","n/e","n/e","529"
"BZN|SE1","05.08.2022 00:00 - 05.08.2022 01:00 (CET/CEST)","n/e","n/e","n/e","n/e","n/e","n/e","n/e","n/e","n/e","n/e","n/e","n/e","n/e","1967","n/e","n/e","5","n/e","0","n/e","n/e","569"
"BZN|SE1","05.08.2022 01:00 - 05.08.2022 02:00 (CET/CEST)","n/e","n/e","n/e","n/e","n/e","n/e","n/e","n/e","n/e","n/e","n/e","n/e","n/e","1964","n/e","n/e","5","n/e","0","n/e","n/e","671"
"BZN|SE1","05.08.2022 02:00 - 05.08.2022 03:00 (CET/CEST)","n/e","n/e","n/e","n/e","n/e","n/e","n/e","n/e","n/e","n/e","n/e","n/e","n/e","1963","n/e","n/e","5","n/e","0","n/e","n/e","784"
"BZN|SE1","05.08.2022 03:00 - 05.08.2022 04:00 (CET/CEST)","n/e","n/e","n/e","n/e","n/e","n/e","n/e","n/e","n/e","n/e","n/e","n/e","n/e","2126","n/e","n/e","5","n/e","0","n/e","n/e","738"
"BZN|SE1","05.08.2022 04:00 - 05.08.2022 05:00 (CET/CEST)","n/e","n/e","n/e","n/e","n/e","n/e","n/e","n/e","n/e","n/e","n/e","n/e","n/e","2479","n/e","n/e","5","n/e","0","n/e","n/e","739"
"BZN|SE1","05.08.2022 05:00 - 05.08.2022 06:00 (CET/CEST)","n/e","n/e","n/e","n/e","n/e","n/e","n/e","n/e","n/e","n/e","n/e","n/e","n/e","2930","n/e","n/e","5","n/e","0","n/e","n/e","686"
"BZN|SE1","05.08.2022 06:00 - 05.08.2022 07:00 (CET/CEST)","n/e","n/e","n/e","n/e","n/e","n/e","n/e","n/e","n/e","n/e","n/e","n/e","n/e","3480","n/e","n/e","5","n/e","0","n/e","n/e","723"
"BZN|SE1","05.08.2022 07:00 - 05.08.2022 08:00 (CET/CEST)","n/e","n/e","n/e","n/e","n/e","n/e","n/e","n/e","n/e","n/e","n/e","n/e","n/e","3800","n/e","n/e","5","n/e","0","n/e","n/e","654"
"BZN|SE1","05.08.2022 08:00 - 05.08.2022 09:00 (CET/CEST)","n/e","n/e","n/e","n/e","n/e","n/e","n/e","n/e","n/e","n/e","n/e","n/e","n/e","4004","n/e","n/e","5","n/e","1","n/e","n/e","559"
"BZN|SE1","05.08.2022 09:00 - 05.08.2022 10:00 (CET/CEST)","n/e","n/e","n/e","n/e","n/e","n/e","n/e","n/e","n/e","n/e","n/e","n/e","n/e","4007","n/e","n/e","5","n/e","1","n/e","n/e","508"
"BZN|SE1","05.08.2022 10:00 - 05.08.2022 11:00 (CET/CEST)","n/e","n/e","n/e","n/e","n/e","n/e","n/e","n/e","n/e","n/e","n/e","n/e","n/e","4083","n/e","n/e","5","n/e","2","n/e","n/e","455"
"BZN|SE1","05.08.2022 11:00 - 05.08.2022 12:00 (CET/CEST)","n/e","n/e","n/e","n/e","n/e","n/e","n/e","n/e","n/e","n/e","n/e","n/e","n/e","4135","n/e","n/e","6","n/e","2","n/e","n/e","401"
"BZN|SE1","05.08.2022 12:00 - 05.08.2022 13:00 (CET/CEST)","n/e","n/e","n/e","n/e","n/e","n/e","n/e","n/e","n/e","n/e","n/e","n/e","n/e","4142","n/e","n/e","5","n/e","2","n/e","n/e","341"
"BZN|SE1","05.08.2022 13:00 - 05.08.2022 14:00 (CET/CEST)","n/e","n/e","n/e","n/e","n/e","n/e","n/e","n/e","n/e","n/e","n/e","n/e","n/e","4184","n/e","n/e","5","n/e","2","n/e","n/e","313"
"BZN|SE1","05.08.2022 14:00 - 05.08.2022 15:00 (CET/CEST)","n/e","n/e","n/e","n/e","n/e","n/e","n/e","n/e","n/e","n/e","n/e","n/e","n/e","4253","n/e","n/e","5","n/e","2","n/e","n/e","280"
"BZN|SE1","05.08.2022 15:00 - 05.08.2022 16:00 (CET/CEST)","n/e","n/e","n/e","n/e","n/e","n/e","n/e","n/e","n/e","n/e","n/e","n/e","n/e","4205","n/e","n/e","5","n/e","1","n/e","n/e","213"
"BZN|SE1","05.08.2022 16:00 - 05.08.2022 17:00 (CET/CEST)","n/e","n/e","n/e","n/e","n/e","n/e","n/e","n/e","n/e","n/e","n/e","n/e","n/e","4207","n/e","n/e","5","n/e","1","n/e","n/e","147"
"BZN|SE1","05.08.2022 17:00 - 05.08.2022 18:00 (CET/CEST)","n/e","n/e","n/e","n/e","n/e","n/e","n/e","n/e","n/e","n/e","n/e","n/e","n/e","4292","n/e","n/e","5","n/e","1","n/e","n/e","125"
"BZN|SE1","05.08.2022 18:00 - 05.08.2022 19:00 (CET/CEST)","n/e","n/e","n/e","n/e","n/e","n/e","n/e","n/e","n/e","n/e","n/e","n/e","n/e","4231","n/e","n/e","5","n/e","0","n/e","n/e","131"
"BZN|SE1","05.08.2022 19:00 - 05.08.2022 20:00 (CET/CEST)","n/e","n/e","n/e","n/e","n/e","n/e","n/e","n/e","n/e","n/e","n/e","n/e","n/e","4074","n/e","n/e","5","n/e","0","n/e","n/e","91"
"BZN|SE1","05.08.2022 20:00 - 05.08.2022 21:00 (CET/CEST)","n/e","n/e","n/e","n/e","n/e","n/e","n/e","n/e","n/e","n/e","n/e","n/e","n/e","3929","n/e","n/e","4","n/e","0","n/e","n/e","106"
"BZN|SE1","05.08.2022 21:00 - 05.08.2022 22:00 (CET/CEST)","n/e","n/e","n/e","n/e","n/e","n/e","n/e","n/e","n/e","n/e","n/e","n/e","n/e","3776","n/e","n/e","4","n/e","0","n/e","n/e","129"
"BZN|SE1","05.08.2022 22:00 - 05.08.2022 23:00 (CET/CEST)","n/e","n/e","n/e","n/e","n/e","n/e","n/e","n/e","n/e","n/e","n/e","n/e","n/e","3658","n/e","n/e","4","n/e","0","n/e","n/e","160"
"BZN|SE1","05.08.2022 23:00 - 06.08.2022 00:00 (CET/CEST)","n/e","n/e","n/e","n/e","n/e","n/e","n/e","n/e","n/e","n/e","n/e","n/e","n/e","3631","n/e","n/e","4","n/e","0","n/e","n/e","227"
"BZN|SE1","06.08.2022 00:00 - 06.08.2022 01:00 (CET/CEST)","n/e","n/e","n/e","n/e","n/e","n/e","n/e","n/e","n/e","n/e","n/e","n/e","n/e","3932","n/e","n/e","4","n/e","0","n/e","n/e","332"
"BZN|SE1","06.08.2022 01:00 - 06.08.2022 02:00 (CET/CEST)","n/e","n/e","n/e","n/e","n/e","n/e","n/e","n/e","n/e","n/e","n/e","n/e","n/e","3766","n/e","n/e","4","n/e","0","n/e","n/e","456"
"BZN|SE1","06.08.2022 02:00 - 06.08.2022 03:00 (CET/CEST)","n/e","n/e","n/e","n/e","n/e","n/e","n/e","n/e","n/e","n/e","n/e","n/e","n/e","3385","n/e","n/e","4","n/e","0","n/e","n/e","431"
"BZN|SE1","06.08.2022 03:00 - 06.08.2022 04:00 (CET/CEST)","n/e","n/e","n/e","n/e","n/e","n/e","n/e","n/e","n/e","n/e","n/e","n/e","n/e","3287","n/e","n/e","4","n/e","0","n/e","n/e","394"
"BZN|SE1","06.08.2022 04:00 - 06.08.2022 05:00 (CET/CEST)","n/e","n/e","n/e","n/e","n/e","n/e","n/e","n/e","n/e","n/e","n/e","n/e","n/e","2964","n/e","n/e","4","n/e","0","n/e","n/e","380"
"BZN|SE1","06.08.2022 05:00 - 06.08.2022 06:00 (CET/CEST)","n/e","n/e","n/e","n/e","n/e","n/e","n/e","n/e","n/e","n/e","n/e","n/e","n/e","2749","n/e","n/e","4","n/e","0","n/e","n/e","346"
"BZN|SE1","06.08.2022 06:00 - 06.08.2022 07:00 (CET/CEST)","n/e","n/e","n/e","n/e","n/e","n/e","n/e","n/e","n/e","n/e","n/e","n/e","n/e","2690","n/e","n/e","4","n/e","0","n/e","n/e","300"
"BZN|SE1","06.08.2022 07:00 - 06.08.2022 08:00 (CET/CEST)","n/e","n/e","n/e","n/e","n/e","n/e","n/e","n/e","n/e","n/e","n/e","n/e","n/e","2737","n/e","n/e","4","n/e","0","n/e","n/e","240"
"BZN|SE1","06.08.2022 08:00 - 06.08.2022 09:00 (CET/CEST)","n/e","n/e","n/e","n/e","n/e","n/e","n/e","n/e","n/e","n/e","n/e","n/e","n/e","2931","n/e","n/e","4","n/e","0","n/e","n/e","195"
"BZN|SE1","06.08.2022 09:00 - 06.08.2022 10:00 (CET/CEST)","n/e","n/e","n/e","n/e","n/e","n/e","n/e","n/e","n/e","n/e","n/e","n/e","n/e","2859","n/e","n/e","4","n/e","1","n/e","n/e","197"
"BZN|SE1","06.08.2022 10:00 - 06.08.2022 11:00 (CET/CEST)","n/e","n/e","n/e","n/e","n/e","n/e","n/e","n/e","n/e","n/e","n/e","n/e","n/e","2629","n/e","n/e","4","n/e","1","n/e","n/e","256"
"BZN|SE1","06.08.2022 11:00 - 06.08.2022 12:00 (CET/CEST)","n/e","n/e","n/e","n/e","n/e","n/e","n/e","n/e","n/e","n/e","n/e","n/e","n/e","2458","n/e","n/e","4","n/e","1","n/e","n/e","243"
"BZN|SE1","06.08.2022 12:00 - 06.08.2022 13:00 (CET/CEST)","n/e","n/e","n/e","n/e","n/e","n/e","n/e","n/e","n/e","n/e","n/e","n/e","n/e","2450","n/e","n/e","4","n/e","1","n/e","n/e","228"
"BZN|SE1","06.08.2022 13:00 - 06.08.2022 14:00 (CET/CEST)","n/e","n/e","n/e","n/e","n/e","n/e","n/e","n/e","n/e","n/e","n/e","n/e","n/e","2480","n/e","n/e","5","n/e","1","n/e","n/e","268"
"BZN|SE1","06.08.2022 14:00 - 06.08.2022 15:00 (CET/CEST)","n/e","n/e","n/e","n/e","n/e","n/e","n/e","n/e","n/e","n/e","n/e","n/e","n/e","2535","n/e","n/e","5","n/e","1","n/e","n/e","338"
"BZN|SE1","06.08.2022 15:00 - 06.08.2022 16:00 (CET/CEST)","n/e","n/e","n/e","n/e","n/e","n/e","n/e","n/e","n/e","n/e","n/e","n/e","n/e","2549","n/e","n/e","4","n/e","0","n/e","n/e","356"
"BZN|SE1","06.08.2022 16:00 - 06.08.2022 17:00 (CET/CEST)","n/e","n/e","n/e","n/e","n/e","n/e","n/e","n/e","n/e","n/e","n/e","n/e","n/e","2781","n/e","n/e","4","n/e","0","n/e","n/e","406"
"BZN|SE1","06.08.2022 17:00 - 06.08.2022 18:00 (CET/CEST)","n/e","n/e","n/e","n/e","n/e","n/e","n/e","n/e","n/e","n/e","n/e","n/e","n/e","2943","n/e","n/e","4","n/e","0","n/e","n/e","440"
"BZN|SE1","06.08.2022 18:00 - 06.08.2022 19:00 (CET/CEST)","n/e","n/e","n/e","n/e","n/e","n/e","n/e","n/e","n/e","n/e","n/e","n/e","n/e","2856","n/e","n/e","4","n/e","0","n/e","n/e","630"
"BZN|SE1","06.08.2022 19:00 - 06.08.2022 20:00 (CET/CEST)","n/e","n/e","n/e","n/e","n/e","n/e","n/e","n/e","n/e","n/e","n/e","n/e","n/e","2679","n/e","n/e","4","n/e","0","n/e","n/e","753"
"BZN|SE1","06.08.2022 20:00 - 06.08.2022 21:00 (CET/CEST)","n/e","n/e","n/e","n/e","n/e","n/e","n/e","n/e","n/e","n/e","n/e","n/e","n/e","2573","n/e","n/e","4","n/e","0","n/e","n/e","810"
"BZN|SE1","06.08.2022 21:00 - 06.08.2022 22:00 (CET/CEST)","n/e","n/e","n/e","n/e","n/e","n/e","n/e","n/e","n/e","n/e","n/e","n/e","n/e","2404","n/e","n/e","4","n/e","0","n/e","n/e","872"
"BZN|SE1","06.08.2022 22:00 - 06.08.2022 23:00 (CET/CEST)","n/e","n/e","n/e","n/e","n/e","n/e","n/e","n/e","n/e","n/e","n/e","n/e","n/e","2084","n/e","n/e","4","n/e","0","n/e","n/e","1011"
"BZN|SE1","06.08.2022 23:00 - 07.08.2022 00:00 (CET/CEST)","n/e","n/e","n/e","n/e","n/e","n/e","n/e","n/e","n/e","n/e","n/e","n/e","n/e","1888","n/e","n/e","4","n/e","0","n/e","n/e","1375"
"BZN|SE1","07.08.2022 00:00 - 07.08.2022 01:00 (CET/CEST)","n/e","n/e","n/e","n/e","n/e","n/e","n/e","n/e","n/e","n/e","n/e","n/e","n/e","1597","n/e","n/e","4","n/e","0","n/e","n/e","1549"
"BZN|SE1","07.08.2022 01:00 - 07.08.2022 02:00 (CET/CEST)","n/e","n/e","n/e","n/e","n/e","n/e","n/e","n/e","n/e","n/e","n/e","n/e","n/e","1632","n/e","n/e","4","n/e","0","n/e","n/e","1589"
"BZN|SE1","07.08.2022 02:00 - 07.08.2022 03:00 (CET/CEST)","n/e","n/e","n/e","n/e","n/e","n/e","n/e","n/e","n/e","n/e","n/e","n/e","n/e","1723","n/e","n/e","5","n/e","0","n/e","n/e","1553"
"BZN|SE1","07.08.2022 03:00 - 07.08.2022 04:00 (CET/CEST)","n/e","n/e","n/e","n/e","n/e","n/e","n/e","n/e","n/e","n/e","n/e","n/e","n/e","1729","n/e","n/e","4","n/e","0","n/e","n/e","1509"
"BZN|SE1","07.08.2022 04:00 - 07.08.2022 05:00 (CET/CEST)","n/e","n/e","n/e","n/e","n/e","n/e","n/e","n/e","n/e","n/e","n/e","n/e","n/e","1726","n/e","n/e","5","n/e","0","n/e","n/e","1430"
"BZN|SE1","07.08.2022 05:00 - 07.08.2022 06:00 (CET/CEST)","n/e","n/e","n/e","n/e","n/e","n/e","n/e","n/e","n/e","n/e","n/e","n/e","n/e","1823","n/e","n/e","5","n/e","0","n/e","n/e","1306"
"BZN|SE1","07.08.2022 06:00 - 07.08.2022 07:00 (CET/CEST)","n/e","n/e","n/e","n/e","n/e","n/e","n/e","n/e","n/e","n/e","n/e","n/e","n/e","1932","n/e","n/e","5","n/e","0","n/e","n/e","1215"
"BZN|SE1","07.08.2022 07:00 - 07.08.2022 08:00 (CET/CEST)","n/e","n/e","n/e","n/e","n/e","n/e","n/e","n/e","n/e","n/e","n/e","n/e","n/e","1898","n/e","n/e","5","n/e","1","n/e","n/e","1213"
"BZN|SE1","07.08.2022 08:00 - 07.08.2022 09:00 (CET/CEST)","n/e","n/e","n/e","n/e","n/e","n/e","n/e","n/e","n/e","n/e","n/e","n/e","n/e","1890","n/e","n/e","5","n/e","1","n/e","n/e","1079"
"BZN|SE1","07.08.2022 09:00 - 07.08.2022 10:00 (CET/CEST)","n/e","n/e","n/e","n/e","n/e","n/e","n/e","n/e","n/e","n/e","n/e","n/e","n/e","1912","n/e","n/e","5","n/e","2","n/e","n/e","982"
"BZN|SE1","07.08.2022 10:00 - 07.08.2022 11:00 (CET/CEST)","n/e","n/e","n/e","n/e","n/e","n/e","n/e","n/e","n/e","n/e","n/e","n/e","n/e","2145","n/e","n/e","6","n/e","2","n/e","n/e","939"
"BZN|SE1","07.08.2022 11:00 - 07.08.2022 12:00 (CET/CEST)","n/e","n/e","n/e","n/e","n/e","n/e","n/e","n/e","n/e","n/e","n/e","n/e","n/e","2204","n/e","n/e","6","n/e","2","n/e","n/e","926"
"BZN|SE1","07.08.2022 12:00 - 07.08.2022 13:00 (CET/CEST)","n/e","n/e","n/e","n/e","n/e","n/e","n/e","n/e","n/e","n/e","n/e","n/e","n/e","2187","n/e","n/e","6","n/e","2","n/e","n/e","807"
"BZN|SE1","07.08.2022 13:00 - 07.08.2022 14:00 (CET/CEST)","n/e","n/e","n/e","n/e","n/e","n/e","n/e","n/e","n/e","n/e","n/e","n/e","n/e","2169","n/e","n/e","6","n/e","2","n/e","n/e","772"
"BZN|SE1","07.08.2022 14:00 - 07.08.2022 15:00 (CET/CEST)","n/e","n/e","n/e","n/e","n/e","n/e","n/e","n/e","n/e","n/e","n/e","n/e","n/e","2206","n/e","n/e","5","n/e","2","n/e","n/e","753"
"BZN|SE1","07.08.2022 15:00 - 07.08.2022 16:00 (CET/CEST)","n/e","n/e","n/e","n/e","n/e","n/e","n/e","n/e","n/e","n/e","n/e","n/e","n/e","2251","n/e","n/e","6","n/e","2","n/e","n/e","759"
"BZN|SE1","07.08.2022 16:00 - 07.08.2022 17:00 (CET/CEST)","n/e","n/e","n/e","n/e","n/e","n/e","n/e","n/e","n/e","n/e","n/e","n/e","n/e","2278","n/e","n/e","6","n/e","1","n/e","n/e","664"
"BZN|SE1","07.08.2022 17:00 - 07.08.2022 18:00 (CET/CEST)","n/e","n/e","n/e","n/e","n/e","n/e","n/e","n/e","n/e","n/e","n/e","n/e","n/e","2365","n/e","n/e","5","n/e","1","n/e","n/e","701"
"BZN|SE1","07.08.2022 18:00 - 07.08.2022 19:00 (CET/CEST)","n/e","n/e","n/e","n/e","n/e","n/e","n/e","n/e","n/e","n/e","n/e","n/e","n/e","2380","n/e","n/e","5","n/e","0","n/e","n/e","635"
"BZN|SE1","07.08.2022 19:00 - 07.08.2022 20:00 (CET/CEST)","n/e","n/e","n/e","n/e","n/e","n/e","n/e","n/e","n/e","n/e","n/e","n/e","n/e","2562","n/e","n/e","4","n/e","0","n/e","n/e","635"
"BZN|SE1","07.08.2022 20:00 - 07.08.2022 21:00 (CET/CEST)","n/e","n/e","n/e","n/e","n/e","n/e","n/e","n/e","n/e","n/e","n/e","n/e","n/e","2615","n/e","n/e","4","n/e","0","n/e","n/e","690"
"BZN|SE1","07.08.2022 21:00 - 07.08.2022 22:00 (CET/CEST)","n/e","n/e","n/e","n/e","n/e","n/e","n/e","n/e","n/e","n/e","n/e","n/e","n/e","2611","n/e","n/e","4","n/e","0","n/e","n/e","637"
"BZN|SE1","07.08.2022 22:00 - 07.08.2022 23:00 (CET/CEST)","n/e","n/e","n/e","n/e","n/e","n/e","n/e","n/e","n/e","n/e","n/e","n/e","n/e","2613","n/e","n/e","4","n/e","0","n/e","n/e","591"
"BZN|SE1","07.08.2022 23:00 - 08.08.2022 00:00 (CET/CEST)","n/e","n/e","n/e","n/e","n/e","n/e","n/e","n/e","n/e","n/e","n/e","n/e","n/e","2616","n/e","n/e","4","n/e","0","n/e","n/e","545"
"BZN|SE1","08.08.2022 00:00 - 08.08.2022 01:00 (CET/CEST)","n/e","n/e","n/e","n/e","n/e","n/e","n/e","n/e","n/e","n/e","n/e","n/e","n/e","2459","n/e","n/e","4","n/e","0","n/e","n/e","622"
"BZN|SE1","08.08.2022 01:00 - 08.08.2022 02:00 (CET/CEST)","n/e","n/e","n/e","n/e","n/e","n/e","n/e","n/e","n/e","n/e","n/e","n/e","n/e","2467","n/e","n/e","4","n/e","0","n/e","n/e","664"
"BZN|SE1","08.08.2022 02:00 - 08.08.2022 03:00 (CET/CEST)","n/e","n/e","n/e","n/e","n/e","n/e","n/e","n/e","n/e","n/e","n/e","n/e","n/e","2481","n/e","n/e","4","n/e","0","n/e","n/e","672"
"BZN|SE1","08.08.2022 03:00 - 08.08.2022 04:00 (CET/CEST)","n/e","n/e","n/e","n/e","n/e","n/e","n/e","n/e","n/e","n/e","n/e","n/e","n/e","2502","n/e","n/e","4","n/e","0","n/e","n/e","622"
"BZN|SE1","08.08.2022 04:00 - 08.08.2022 05:00 (CET/CEST)","n/e","n/e","n/e","n/e","n/e","n/e","n/e","n/e","n/e","n/e","n/e","n/e","n/e","2519","n/e","n/e","4","n/e","0","n/e","n/e","597"
"BZN|SE1","08.08.2022 05:00 - 08.08.2022 06:00 (CET/CEST)","n/e","n/e","n/e","n/e","n/e","n/e","n/e","n/e","n/e","n/e","n/e","n/e","n/e","2694","n/e","n/e","4","n/e","0","n/e","n/e","423"
"BZN|SE1","08.08.2022 06:00 - 08.08.2022 07:00 (CET/CEST)","n/e","n/e","n/e","n/e","n/e","n/e","n/e","n/e","n/e","n/e","n/e","n/e","n/e","2956","n/e","n/e","5","n/e","0","n/e","n/e","281"
"BZN|SE1","08.08.2022 07:00 - 08.08.2022 08:00 (CET/CEST)","n/e","n/e","n/e","n/e","n/e","n/e","n/e","n/e","n/e","n/e","n/e","n/e","n/e","3134","n/e","n/e","5","n/e","1","n/e","n/e","202"
"BZN|SE1","08.08.2022 08:00 - 08.08.2022 09:00 (CET/CEST)","n/e","n/e","n/e","n/e","n/e","n/e","n/e","n/e","n/e","n/e","n/e","n/e","n/e","3187","n/e","n/e","5","n/e","1","n/e","n/e","99"
"BZN|SE1","08.08.2022 09:00 - 08.08.2022 10:00 (CET/CEST)","n/e","n/e","n/e","n/e","n/e","n/e","n/e","n/e","n/e","n/e","n/e","n/e","n/e","3251","n/e","n/e","5","n/e","2","n/e","n/e","53"
"BZN|SE1","08.08.2022 10:00 - 08.08.2022 11:00 (CET/CEST)","n/e","n/e","n/e","n/e","n/e","n/e","n/e","n/e","n/e","n/e","n/e","n/e","n/e","3259","n/e","n/e","5","n/e","2","n/e","n/e","57"
"BZN|SE1","08.08.2022 11:00 - 08.08.2022 12:00 (CET/CEST)","n/e","n/e","n/e","n/e","n/e","n/e","n/e","n/e","n/e","n/e","n/e","n/e","n/e","3322","n/e","n/e","6","n/e","2","n/e","n/e","45"
"BZN|SE1","08.08.2022 12:00 - 08.08.2022 13:00 (CET/CEST)","n/e","n/e","n/e","n/e","n/e","n/e","n/e","n/e","n/e","n/e","n/e","n/e","n/e","3309","n/e","n/e","6","n/e","2","n/e","n/e","22"
"BZN|SE1","08.08.2022 13:00 - 08.08.2022 14:00 (CET/CEST)","n/e","n/e","n/e","n/e","n/e","n/e","n/e","n/e","n/e","n/e","n/e","n/e","n/e","3303","n/e","n/e","5","n/e","2","n/e","n/e","14"
"BZN|SE1","08.08.2022 14:00 - 08.08.2022 15:00 (CET/CEST)","n/e","n/e","n/e","n/e","n/e","n/e","n/e","n/e","n/e","n/e","n/e","n/e","n/e","3240","n/e","n/e","5","n/e","2","n/e","n/e","15"
"BZN|SE1","08.08.2022 15:00 - 08.08.2022 16:00 (CET/CEST)","n/e","n/e","n/e","n/e","n/e","n/e","n/e","n/e","n/e","n/e","n/e","n/e","n/e","3253","n/e","n/e","5","n/e","2","n/e","n/e","19"
"BZN|SE1","08.08.2022 16:00 - 08.08.2022 17:00 (CET/CEST)","n/e","n/e","n/e","n/e","n/e","n/e","n/e","n/e","n/e","n/e","n/e","n/e","n/e","3226","n/e","n/e","5","n/e","1","n/e","n/e","22"
"BZN|SE1","08.08.2022 17:00 - 08.08.2022 18:00 (CET/CEST)","n/e","n/e","n/e","n/e","n/e","n/e","n/e","n/e","n/e","n/e","n/e","n/e","n/e","3244","n/e","n/e","5","n/e","1","n/e","n/e","31"
"BZN|SE1","08.08.2022 18:00 - 08.08.2022 19:00 (CET/CEST)","n/e","n/e","n/e","n/e","n/e","n/e","n/e","n/e","n/e","n/e","n/e","n/e","n/e","3219","n/e","n/e","5","n/e","0","n/e","n/e","33"
"BZN|SE1","08.08.2022 19:00 - 08.08.2022 20:00 (CET/CEST)","n/e","n/e","n/e","n/e","n/e","n/e","n/e","n/e","n/e","n/e","n/e","n/e","n/e","3127","n/e","n/e","5","n/e","0","n/e","n/e","49"
"BZN|SE1","08.08.2022 20:00 - 08.08.2022 21:00 (CET/CEST)","n/e","n/e","n/e","n/e","n/e","n/e","n/e","n/e","n/e","n/e","n/e","n/e","n/e","3137","n/e","n/e","4","n/e","0","n/e","n/e","107"
"BZN|SE1","08.08.2022 21:00 - 08.08.2022 22:00 (CET/CEST)","n/e","n/e","n/e","n/e","n/e","n/e","n/e","n/e","n/e","n/e","n/e","n/e","n/e","3059","n/e","n/e","4","n/e","0","n/e","n/e","224"
"BZN|SE1","08.08.2022 22:00 - 08.08.2022 23:00 (CET/CEST)","n/e","n/e","n/e","n/e","n/e","n/e","n/e","n/e","n/e","n/e","n/e","n/e","n/e","2881","n/e","n/e","4","n/e","0","n/e","n/e","357"
"BZN|SE1","08.08.2022 23:00 - 09.08.2022 00:00 (CET/CEST)","n/e","n/e","n/e","n/e","n/e","n/e","n/e","n/e","n/e","n/e","n/e","n/e","n/e","2808","n/e","n/e","4","n/e","0","n/e","n/e","482"
"BZN|SE1","09.08.2022 00:00 - 09.08.2022 01:00 (CET/CEST)","n/e","n/e","n/e","n/e","n/e","n/e","n/e","n/e","n/e","n/e","n/e","n/e","n/e","2556","n/e","n/e","4","n/e","0","n/e","n/e","531"
"BZN|SE1","09.08.2022 01:00 - 09.08.2022 02:00 (CET/CEST)","n/e","n/e","n/e","n/e","n/e","n/e","n/e","n/e","n/e","n/e","n/e","n/e","n/e","2510","n/e","n/e","4","n/e","0","n/e","n/e","563"
"BZN|SE1","09.08.2022 02:00 - 09.08.2022 03:00 (CET/CEST)","n/e","n/e","n/e","n/e","n/e","n/e","n/e","n/e","n/e","n/e","n/e","n/e","n/e","2403","n/e","n/e","5","n/e","0","n/e","n/e","591"
"BZN|SE1","09.08.2022 03:00 - 09.08.2022 04:00 (CET/CEST)","n/e","n/e","n/e","n/e","n/e","n/e","n/e","n/e","n/e","n/e","n/e","n/e","n/e","2372","n/e","n/e","4","n/e","0","n/e","n/e","622"
"BZN|SE1","09.08.2022 04:00 - 09.08.2022 05:00 (CET/CEST)","n/e","n/e","n/e","n/e","n/e","n/e","n/e","n/e","n/e","n/e","n/e","n/e","n/e","2396","n/e","n/e","5","n/e","0","n/e","n/e","684"
"BZN|SE1","09.08.2022 05:00 - 09.08.2022 06:00 (CET/CEST)","n/e","n/e","n/e","n/e","n/e","n/e","n/e","n/e","n/e","n/e","n/e","n/e","n/e","2411","n/e","n/e","5","n/e","0","n/e","n/e","679"
"BZN|SE1","09.08.2022 06:00 - 09.08.2022 07:00 (CET/CEST)","n/e","n/e","n/e","n/e","n/e","n/e","n/e","n/e","n/e","n/e","n/e","n/e","n/e","2876","n/e","n/e","5","n/e","0","n/e","n/e","636"
"BZN|SE1","09.08.2022 07:00 - 09.08.2022 08:00 (CET/CEST)","n/e","n/e","n/e","n/e","n/e","n/e","n/e","n/e","n/e","n/e","n/e","n/e","n/e","2648","n/e","n/e","5","n/e","1","n/e","n/e","621"
"BZN|SE1","09.08.2022 08:00 - 09.08.2022 09:00 (CET/CEST)","n/e","n/e","n/e","n/e","n/e","n/e","n/e","n/e","n/e","n/e","n/e","n/e","n/e","2749","n/e","n/e","6","n/e","1","n/e","n/e","569"
"BZN|SE1","09.08.2022 09:00 - 09.08.2022 10:00 (CET/CEST)","n/e","n/e","n/e","n/e","n/e","n/e","n/e","n/e","n/e","n/e","n/e","n/e","n/e","2862","n/e","n/e","5","n/e","2","n/e","n/e","419"
"BZN|SE1","09.08.2022 10:00 - 09.08.2022 11:00 (CET/CEST)","n/e","n/e","n/e","n/e","n/e","n/e","n/e","n/e","n/e","n/e","n/e","n/e","n/e","2851","n/e","n/e","6","n/e","2","n/e","n/e","403"
"BZN|SE1","09.08.2022 11:00 - 09.08.2022 12:00 (CET/CEST)","n/e","n/e","n/e","n/e","n/e","n/e","n/e","n/e","n/e","n/e","n/e","n/e","n/e","2892","n/e","n/e","5","n/e","2","n/e","n/e","469"
"BZN|SE1","09.08.2022 12:00 - 09.08.2022 13:00 (CET/CEST)","n/e","n/e","n/e","n/e","n/e","n/e","n/e","n/e","n/e","n/e","n/e","n/e","n/e","2848","n/e","n/e","5","n/e","2","n/e","n/e","475"
"BZN|SE1","09.08.2022 13:00 - 09.08.2022 14:00 (CET/CEST)","n/e","n/e","n/e","n/e","n/e","n/e","n/e","n/e","n/e","n/e","n/e","n/e","n/e","2755","n/e","n/e","5","n/e","2","n/e","n/e","548"
"BZN|SE1","09.08.2022 14:00 - 09.08.2022 15:00 (CET/CEST)","n/e","n/e","n/e","n/e","n/e","n/e","n/e","n/e","n/e","n/e","n/e","n/e","n/e","2752","n/e","n/e","5","n/e","2","n/e","n/e","582"
"BZN|SE1","09.08.2022 15:00 - 09.08.2022 16:00 (CET/CEST)","n/e","n/e","n/e","n/e","n/e","n/e","n/e","n/e","n/e","n/e","n/e","n/e","n/e","2804","n/e","n/e","5","n/e","1","n/e","n/e","613"
"BZN|SE1","09.08.2022 16:00 - 09.08.2022 17:00 (CET/CEST)","n/e","n/e","n/e","n/e","n/e","n/e","n/e","n/e","n/e","n/e","n/e","n/e","n/e","2715","n/e","n/e","5","n/e","1","n/e","n/e","570"
"BZN|SE1","09.08.2022 17:00 - 09.08.2022 18:00 (CET/CEST)","n/e","n/e","n/e","n/e","n/e","n/e","n/e","n/e","n/e","n/e","n/e","n/e","n/e","2722","n/e","n/e","5","n/e","1","n/e","n/e","523"
"BZN|SE1","09.08.2022 18:00 - 09.08.2022 19:00 (CET/CEST)","n/e","n/e","n/e","n/e","n/e","n/e","n/e","n/e","n/e","n/e","n/e","n/e","n/e","2804","n/e","n/e","5","n/e","0","n/e","n/e","519"
"BZN|SE1","09.08.2022 19:00 - 09.08.2022 20:00 (CET/CEST)","n/e","n/e","n/e","n/e","n/e","n/e","n/e","n/e","n/e","n/e","n/e","n/e","n/e","2879","n/e","n/e","5","n/e","0","n/e","n/e","455"
"BZN|SE1","09.08.2022 20:00 - 09.08.2022 21:00 (CET/CEST)","n/e","n/e","n/e","n/e","n/e","n/e","n/e","n/e","n/e","n/e","n/e","n/e","n/e","2702","n/e","n/e","5","n/e","0","n/e","n/e","498"
"BZN|SE1","09.08.2022 21:00 - 09.08.2022 22:00 (CET/CEST)","n/e","n/e","n/e","n/e","n/e","n/e","n/e","n/e","n/e","n/e","n/e","n/e","n/e","2603","n/e","n/e","5","n/e","0","n/e","n/e","410"
"BZN|SE1","09.08.2022 22:00 - 09.08.2022 23:00 (CET/CEST)","n/e","n/e","n/e","n/e","n/e","n/e","n/e","n/e","n/e","n/e","n/e","n/e","n/e","2512","n/e","n/e","5","n/e","0","n/e","n/e","406"
"BZN|SE1","09.08.2022 23:00 - 10.08.2022 00:00 (CET/CEST)","n/e","n/e","n/e","n/e","n/e","n/e","n/e","n/e","n/e","n/e","n/e","n/e","n/e","2490","n/e","n/e","5","n/e","0","n/e","n/e","522"
"BZN|SE1","10.08.2022 00:00 - 10.08.2022 01:00 (CET/CEST)","n/e","n/e","n/e","n/e","n/e","n/e","n/e","n/e","n/e","n/e","n/e","n/e","n/e","2530","n/e","n/e","5","n/e","0","n/e","n/e","551"
"BZN|SE1","10.08.2022 01:00 - 10.08.2022 02:00 (CET/CEST)","n/e","n/e","n/e","n/e","n/e","n/e","n/e","n/e","n/e","n/e","n/e","n/e","n/e","2474","n/e","n/e","5","n/e","0","n/e","n/e","447"
"BZN|SE1","10.08.2022 02:00 - 10.08.2022 03:00 (CET/CEST)","n/e","n/e","n/e","n/e","n/e","n/e","n/e","n/e","n/e","n/e","n/e","n/e","n/e","2465","n/e","n/e","5","n/e","0","n/e","n/e","392"
"BZN|SE1","10.08.2022 03:00 - 10.08.2022 04:00 (CET/CEST)","n/e","n/e","n/e","n/e","n/e","n/e","n/e","n/e","n/e","n/e","n/e","n/e","n/e","2459","n/e","n/e","5","n/e","0","n/e","n/e","396"
"BZN|SE1","10.08.2022 04:00 - 10.08.2022 05:00 (CET/CEST)","n/e","n/e","n/e","n/e","n/e","n/e","n/e","n/e","n/e","n/e","n/e","n/e","n/e","2418","n/e","n/e","5","n/e","0","n/e","n/e","463"
"BZN|SE1","10.08.2022 05:00 - 10.08.2022 06:00 (CET/CEST)","n/e","n/e","n/e","n/e","n/e","n/e","n/e","n/e","n/e","n/e","n/e","n/e","n/e","2764","n/e","n/e","5","n/e","0","n/e","n/e","508"
"BZN|SE1","10.08.2022 06:00 - 10.08.2022 07:00 (CET/CEST)","n/e","n/e","n/e","n/e","n/e","n/e","n/e","n/e","n/e","n/e","n/e","n/e","n/e","2801","n/e","n/e","6","n/e","0","n/e","n/e","509"
"BZN|SE1","10.08.2022 07:00 - 10.08.2022 08:00 (CET/CEST)","n/e","n/e","n/e","n/e","n/e","n/e","n/e","n/e","n/e","n/e","n/e","n/e","n/e","2792","n/e","n/e","6","n/e","0","n/e","n/e","607"
"BZN|SE1","10.08.2022 08:00 - 10.08.2022 09:00 (CET/CEST)","n/e","n/e","n/e","n/e","n/e","n/e","n/e","n/e","n/e","n/e","n/e","n/e","n/e","2803","n/e","n/e","6","n/e","0","n/e","n/e","627"
"BZN|SE1","10.08.2022 09:00 - 10.08.2022 10:00 (CET/CEST)","n/e","n/e","n/e","n/e","n/e","n/e","n/e","n/e","n/e","n/e","n/e","n/e","n/e","2820","n/e","n/e","6","n/e","1","n/e","n/e","731"
"BZN|SE1","10.08.2022 10:00 - 10.08.2022 11:00 (CET/CEST)","n/e","n/e","n/e","n/e","n/e","n/e","n/e","n/e","n/e","n/e","n/e","n/e","n/e","2669","n/e","n/e","6","n/e","1","n/e","n/e","850"
"BZN|SE1","10.08.2022 11:00 - 10.08.2022 12:00 (CET/CEST)","n/e","n/e","n/e","n/e","n/e","n/e","n/e","n/e","n/e","n/e","n/e","n/e","n/e","2553","n/e","n/e","6","n/e","1","n/e","n/e","958"
"BZN|SE1","10.08.2022 12:00 - 10.08.2022 13:00 (CET/CEST)","n/e","n/e","n/e","n/e","n/e","n/e","n/e","n/e","n/e","n/e","n/e","n/e","n/e","2422","n/e","n/e","6","n/e","1","n/e","n/e","1035"
"BZN|SE1","10.08.2022 13:00 - 10.08.2022 14:00 (CET/CEST)","n/e","n/e","n/e","n/e","n/e","n/e","n/e","n/e","n/e","n/e","n/e","n/e","n/e","2401","n/e","n/e","6","n/e","1","n/e","n/e","1298"
"BZN|SE1","10.08.2022 14:00 - 10.08.2022 15:00 (CET/CEST)","n/e","n/e","n/e","n/e","n/e","n/e","n/e","n/e","n/e","n/e","n/e","n/e","n/e","2276","n/e","n/e","6","n/e","1","n/e","n/e","1457"
"BZN|SE1","10.08.2022 15:00 - 10.08.2022 16:00 (CET/CEST)","n/e","n/e","n/e","n/e","n/e","n/e","n/e","n/e","n/e","n/e","n/e","n/e","n/e","2100","n/e","n/e","6","n/e","1","n/e","n/e","1542"
"BZN|SE1","10.08.2022 16:00 - 10.08.2022 17:00 (CET/CEST)","n/e","n/e","n/e","n/e","n/e","n/e","n/e","n/e","n/e","n/e","n/e","n/e","n/e","2083","n/e","n/e","6","n/e","1","n/e","n/e","1570"
"BZN|SE1","10.08.2022 17:00 - 10.08.2022 18:00 (CET/CEST)","n/e","n/e","n/e","n/e","n/e","n/e","n/e","n/e","n/e","n/e","n/e","n/e","n/e","2012","n/e","n/e","6","n/e","0","n/e","n/e","1600"
"BZN|SE1","10.08.2022 18:00 - 10.08.2022 19:00 (CET/CEST)","n/e","n/e","n/e","n/e","n/e","n/e","n/e","n/e","n/e","n/e","n/e","n/e","n/e","2026","n/e","n/e","6","n/e","0","n/e","n/e","1553"
"BZN|SE1","10.08.2022 19:00 - 10.08.2022 20:00 (CET/CEST)","n/e","n/e","n/e","n/e","n/e","n/e","n/e","n/e","n/e","n/e","n/e","n/e","n/e","1985","n/e","n/e","6","n/e","0","n/e","n/e","1558"
"BZN|SE1","10.08.2022 20:00 - 10.08.2022 21:00 (CET/CEST)","n/e","n/e","n/e","n/e","n/e","n/e","n/e","n/e","n/e","n/e","n/e","n/e","n/e","1847","n/e","n/e","6","n/e","0","n/e","n/e","1548"
"BZN|SE1","10.08.2022 21:00 - 10.08.2022 22:00 (CET/CEST)","n/e","n/e","n/e","n/e","n/e","n/e","n/e","n/e","n/e","n/e","n/e","n/e","n/e","1830","n/e","n/e","6","n/e","0","n/e","n/e","1522"
"BZN|SE1","10.08.2022 22:00 - 10.08.2022 23:00 (CET/CEST)","n/e","n/e","n/e","n/e","n/e","n/e","n/e","n/e","n/e","n/e","n/e","n/e","n/e","1812","n/e","n/e","6","n/e","0","n/e","n/e","1531"
"BZN|SE1","10.08.2022 23:00 - 11.08.2022 00:00 (CET/CEST)","n/e","n/e","n/e","n/e","n/e","n/e","n/e","n/e","n/e","n/e","n/e","n/e","n/e","1451","n/e","n/e","6","n/e","0","n/e","n/e","1455"
"BZN|SE1","11.08.2022 00:00 - 11.08.2022 01:00 (CET/CEST)","n/e","n/e","n/e","n/e","n/e","n/e","n/e","n/e","n/e","n/e","n/e","n/e","n/e","1304","n/e","n/e","6","n/e","0","n/e","n/e","1534"
"BZN|SE1","11.08.2022 01:00 - 11.08.2022 02:00 (CET/CEST)","n/e","n/e","n/e","n/e","n/e","n/e","n/e","n/e","n/e","n/e","n/e","n/e","n/e","1306","n/e","n/e","6","n/e","0","n/e","n/e","1500"
"BZN|SE1","11.08.2022 02:00 - 11.08.2022 03:00 (CET/CEST)","n/e","n/e","n/e","n/e","n/e","n/e","n/e","n/e","n/e","n/e","n/e","n/e","n/e","1228","n/e","n/e","6","n/e","0","n/e","n/e","1445"
"BZN|SE1","11.08.2022 03:00 - 11.08.2022 04:00 (CET/CEST)","n/e","n/e","n/e","n/e","n/e","n/e","n/e","n/e","n/e","n/e","n/e","n/e","n/e","1211","n/e","n/e","6","n/e","0","n/e","n/e","1358"
"BZN|SE1","11.08.2022 04:00 - 11.08.2022 05:00 (CET/CEST)","n/e","n/e","n/e","n/e","n/e","n/e","n/e","n/e","n/e","n/e","n/e","n/e","n/e","1255","n/e","n/e","6","n/e","0","n/e","n/e","1288"
"BZN|SE1","11.08.2022 05:00 - 11.08.2022 06:00 (CET/CEST)","n/e","n/e","n/e","n/e","n/e","n/e","n/e","n/e","n/e","n/e","n/e","n/e","n/e","1463","n/e","n/e","8","n/e","0","n/e","n/e","1295"
"BZN|SE1","11.08.2022 06:00 - 11.08.2022 07:00 (CET/CEST)","n/e","n/e","n/e","n/e","n/e","n/e","n/e","n/e","n/e","n/e","n/e","n/e","n/e","1550","n/e","n/e","8","n/e","0","n/e","n/e","1350"
"BZN|SE1","11.08.2022 07:00 - 11.08.2022 08:00 (CET/CEST)","n/e","n/e","n/e","n/e","n/e","n/e","n/e","n/e","n/e","n/e","n/e","n/e","n/e","1710","n/e","n/e","8","n/e","0","n/e","n/e","1348"
"BZN|SE1","11.08.2022 08:00 - 11.08.2022 09:00 (CET/CEST)","n/e","n/e","n/e","n/e","n/e","n/e","n/e","n/e","n/e","n/e","n/e","n/e","n/e","1721","n/e","n/e","8","n/e","1","n/e","n/e","1384"
"BZN|SE1","11.08.2022 09:00 - 11.08.2022 10:00 (CET/CEST)","n/e","n/e","n/e","n/e","n/e","n/e","n/e","n/e","n/e","n/e","n/e","n/e","n/e","1771","n/e","n/e","8","n/e","1","n/e","n/e","1570"
"BZN|SE1","11.08.2022 10:00 - 11.08.2022 11:00 (CET/CEST)","n/e","n/e","n/e","n/e","n/e","n/e","n/e","n/e","n/e","n/e","n/e","n/e","n/e","1724","n/e","n/e","8","n/e","2","n/e","n/e","1592"
"BZN|SE1","11.08.2022 11:00 - 11.08.2022 12:00 (CET/CEST)","n/e","n/e","n/e","n/e","n/e","n/e","n/e","n/e","n/e","n/e","n/e","n/e","n/e","1780","n/e","n/e","8","n/e","2","n/e","n/e","1586"
"BZN|SE1","11.08.2022 12:00 - 11.08.2022 13:00 (CET/CEST)","n/e","n/e","n/e","n/e","n/e","n/e","n/e","n/e","n/e","n/e","n/e","n/e","n/e","1776","n/e","n/e","8","n/e","2","n/e","n/e","1593"
"BZN|SE1","11.08.2022 13:00 - 11.08.2022 14:00 (CET/CEST)","n/e","n/e","n/e","n/e","n/e","n/e","n/e","n/e","n/e","n/e","n/e","n/e","n/e","1780","n/e","n/e","8","n/e","2","n/e","n/e","1656"
"BZN|SE1","11.08.2022 14:00 - 11.08.2022 15:00 (CET/CEST)","n/e","n/e","n/e","n/e","n/e","n/e","n/e","n/e","n/e","n/e","n/e","n/e","n/e","1786","n/e","n/e","8","n/e","2","n/e","n/e","1605"
"BZN|SE1","11.08.2022 15:00 - 11.08.2022 16:00 (CET/CEST)","n/e","n/e","n/e","n/e","n/e","n/e","n/e","n/e","n/e","n/e","n/e","n/e","n/e","1874","n/e","n/e","8","n/e","2","n/e","n/e","1600"
"BZN|SE1","11.08.2022 16:00 - 11.08.2022 17:00 (CET/CEST)","n/e","n/e","n/e","n/e","n/e","n/e","n/e","n/e","n/e","n/e","n/e","n/e","n/e","1918","n/e","n/e","7","n/e","2","n/e","n/e","1506"
"BZN|SE1","11.08.2022 17:00 - 11.08.2022 18:00 (CET/CEST)","n/e","n/e","n/e","n/e","n/e","n/e","n/e","n/e","n/e","n/e","n/e","n/e","n/e","1951","n/e","n/e","7","n/e","1","n/e","n/e","1472"
"BZN|SE1","11.08.2022 18:00 - 11.08.2022 19:00 (CET/CEST)","n/e","n/e","n/e","n/e","n/e","n/e","n/e","n/e","n/e","n/e","n/e","n/e","n/e","1991","n/e","n/e","7","n/e","0","n/e","n/e","1491"
"BZN|SE1","11.08.2022 19:00 - 11.08.2022 20:00 (CET/CEST)","n/e","n/e","n/e","n/e","n/e","n/e","n/e","n/e","n/e","n/e","n/e","n/e","n/e","2024","n/e","n/e","6","n/e","0","n/e","n/e","1415"
"BZN|SE1","11.08.2022 20:00 - 11.08.2022 21:00 (CET/CEST)","n/e","n/e","n/e","n/e","n/e","n/e","n/e","n/e","n/e","n/e","n/e","n/e","n/e","2085","n/e","n/e","6","n/e","0","n/e","n/e","1327"
"BZN|SE1","11.08.2022 21:00 - 11.08.2022 22:00 (CET/CEST)","n/e","n/e","n/e","n/e","n/e","n/e","n/e","n/e","n/e","n/e","n/e","n/e","n/e","2081","n/e","n/e","5","n/e","0","n/e","n/e","1282"
"BZN|SE1","11.08.2022 22:00 - 11.08.2022 23:00 (CET/CEST)","n/e","n/e","n/e","n/e","n/e","n/e","n/e","n/e","n/e","n/e","n/e","n/e","n/e","2109","n/e","n/e","6","n/e","0","n/e","n/e","1186"
"BZN|SE1","11.08.2022 23:00 - 12.08.2022 00:00 (CET/CEST)","n/e","n/e","n/e","n/e","n/e","n/e","n/e","n/e","n/e","n/e","n/e","n/e","n/e","2060","n/e","n/e","6","n/e","0","n/e","n/e","1193"
"BZN|SE1","12.08.2022 00:00 - 12.08.2022 01:00 (CET/CEST)","n/e","n/e","n/e","n/e","n/e","n/e","n/e","n/e","n/e","n/e","n/e","n/e","n/e","2112","n/e","n/e","6","n/e","0","n/e","n/e","1214"
"BZN|SE1","12.08.2022 01:00 - 12.08.2022 02:00 (CET/CEST)","n/e","n/e","n/e","n/e","n/e","n/e","n/e","n/e","n/e","n/e","n/e","n/e","n/e","2110","n/e","n/e","6","n/e","0","n/e","n/e","1129"
"BZN|SE1","12.08.2022 02:00 - 12.08.2022 03:00 (CET/CEST)","n/e","n/e","n/e","n/e","n/e","n/e","n/e","n/e","n/e","n/e","n/e","n/e","n/e","2127","n/e","n/e","6","n/e","0","n/e","n/e","1100"
"BZN|SE1","12.08.2022 03:00 - 12.08.2022 04:00 (CET/CEST)","n/e","n/e","n/e","n/e","n/e","n/e","n/e","n/e","n/e","n/e","n/e","n/e","n/e","2079","n/e","n/e","6","n/e","0","n/e","n/e","1148"
"BZN|SE1","12.08.2022 04:00 - 12.08.2022 05:00 (CET/CEST)","n/e","n/e","n/e","n/e","n/e","n/e","n/e","n/e","n/e","n/e","n/e","n/e","n/e","2074","n/e","n/e","6","n/e","0","n/e","n/e","1138"
"BZN|SE1","12.08.2022 05:00 - 12.08.2022 06:00 (CET/CEST)","n/e","n/e","n/e","n/e","n/e","n/e","n/e","n/e","n/e","n/e","n/e","n/e","n/e","2100","n/e","n/e","6","n/e","0","n/e","n/e","1155"
"BZN|SE1","12.08.2022 06:00 - 12.08.2022 07:00 (CET/CEST)","n/e","n/e","n/e","n/e","n/e","n/e","n/e","n/e","n/e","n/e","n/e","n/e","n/e","2225","n/e","n/e","6","n/e","0","n/e","n/e","1128"
"BZN|SE1","12.08.2022 07:00 - 12.08.2022 08:00 (CET/CEST)","n/e","n/e","n/e","n/e","n/e","n/e","n/e","n/e","n/e","n/e","n/e","n/e","n/e","2340","n/e","n/e","7","n/e","1","n/e","n/e","1056"
"BZN|SE1","12.08.2022 08:00 - 12.08.2022 09:00 (CET/CEST)","n/e","n/e","n/e","n/e","n/e","n/e","n/e","n/e","n/e","n/e","n/e","n/e","n/e","2331","n/e","n/e","7","n/e","1","n/e","n/e","993"
"BZN|SE1","12.08.2022 09:00 - 12.08.2022 10:00 (CET/CEST)","n/e","n/e","n/e","n/e","n/e","n/e","n/e","n/e","n/e","n/e","n/e","n/e","n/e","2328","n/e","n/e","7","n/e","2","n/e","n/e","994"
"BZN|SE1","12.08.2022 10:00 - 12.08.2022 11:00 (CET/CEST)","n/e","n/e","n/e","n/e","n/e","n/e","n/e","n/e","n/e","n/e","n/e","n/e","n/e","2326","n/e","n/e","8","n/e","2","n/e","n/e","1030"
"BZN|SE1","12.08.2022 11:00 - 12.08.2022 12:00 (CET/CEST)","n/e","n/e","n/e","n/e","n/e","n/e","n/e","n/e","n/e","n/e","n/e","n/e","n/e","2290","n/e","n/e","8","n/e","3","n/e","n/e","1126"
"BZN|SE1","12.08.2022 12:00 - 12.08.2022 13:00 (CET/CEST)","n/e","n/e","n/e","n/e","n/e","n/e","n/e","n/e","n/e","n/e","n/e","n/e","n/e","2388","n/e","n/e","8","n/e","3","n/e","n/e","1176"
"BZN|SE1","12.08.2022 13:00 - 12.08.2022 14:00 (CET/CEST)","n/e","n/e","n/e","n/e","n/e","n/e","n/e","n/e","n/e","n/e","n/e","n/e","n/e","2385","n/e","n/e","8","n/e","3","n/e","n/e","1122"
"BZN|SE1","12.08.2022 14:00 - 12.08.2022 15:00 (CET/CEST)","n/e","n/e","n/e","n/e","n/e","n/e","n/e","n/e","n/e","n/e","n/e","n/e","n/e","2421","n/e","n/e","7","n/e","3","n/e","n/e","1077"
"BZN|SE1","12.08.2022 15:00 - 12.08.2022 16:00 (CET/CEST)","n/e","n/e","n/e","n/e","n/e","n/e","n/e","n/e","n/e","n/e","n/e","n/e","n/e","2467","n/e","n/e","8","n/e","2","n/e","n/e","1006"
"BZN|SE1","12.08.2022 16:00 - 12.08.2022 17:00 (CET/CEST)","n/e","n/e","n/e","n/e","n/e","n/e","n/e","n/e","n/e","n/e","n/e","n/e","n/e","2531","n/e","n/e","7","n/e","2","n/e","n/e","979"
"BZN|SE1","12.08.2022 17:00 - 12.08.2022 18:00 (CET/CEST)","n/e","n/e","n/e","n/e","n/e","n/e","n/e","n/e","n/e","n/e","n/e","n/e","n/e","2663","n/e","n/e","7","n/e","1","n/e","n/e","878"
"BZN|SE1","12.08.2022 18:00 - 12.08.2022 19:00 (CET/CEST)","n/e","n/e","n/e","n/e","n/e","n/e","n/e","n/e","n/e","n/e","n/e","n/e","n/e","2790","n/e","n/e","6","n/e","1","n/e","n/e","675"
"BZN|SE1","12.08.2022 19:00 - 12.08.2022 20:00 (CET/CEST)","n/e","n/e","n/e","n/e","n/e","n/e","n/e","n/e","n/e","n/e","n/e","n/e","n/e","2847","n/e","n/e","6","n/e","0","n/e","n/e","517"
"BZN|SE1","12.08.2022 20:00 - 12.08.2022 21:00 (CET/CEST)","n/e","n/e","n/e","n/e","n/e","n/e","n/e","n/e","n/e","n/e","n/e","n/e","n/e","2935","n/e","n/e","6","n/e","0","n/e","n/e","465"
"BZN|SE1","12.08.2022 21:00 - 12.08.2022 22:00 (CET/CEST)","n/e","n/e","n/e","n/e","n/e","n/e","n/e","n/e","n/e","n/e","n/e","n/e","n/e","2894","n/e","n/e","6","n/e","0","n/e","n/e","486"
"BZN|SE1","12.08.2022 22:00 - 12.08.2022 23:00 (CET/CEST)","n/e","n/e","n/e","n/e","n/e","n/e","n/e","n/e","n/e","n/e","n/e","n/e","n/e","2858","n/e","n/e","6","n/e","0","n/e","n/e","470"
"BZN|SE1","12.08.2022 23:00 - 13.08.2022 00:00 (CET/CEST)","n/e","n/e","n/e","n/e","n/e","n/e","n/e","n/e","n/e","n/e","n/e","n/e","n/e","2815","n/e","n/e","6","n/e","0","n/e","n/e","415"
"BZN|SE1","13.08.2022 00:00 - 13.08.2022 01:00 (CET/CEST)","n/e","n/e","n/e","n/e","n/e","n/e","n/e","n/e","n/e","n/e","n/e","n/e","n/e","2846","n/e","n/e","6","n/e","0","n/e","n/e","401"
"BZN|SE1","13.08.2022 01:00 - 13.08.2022 02:00 (CET/CEST)","n/e","n/e","n/e","n/e","n/e","n/e","n/e","n/e","n/e","n/e","n/e","n/e","n/e","2942","n/e","n/e","6","n/e","0","n/e","n/e","360"
"BZN|SE1","13.08.2022 02:00 - 13.08.2022 03:00 (CET/CEST)","n/e","n/e","n/e","n/e","n/e","n/e","n/e","n/e","n/e","n/e","n/e","n/e","n/e","3041","n/e","n/e","6","n/e","0","n/e","n/e","324"
"BZN|SE1","13.08.2022 03:00 - 13.08.2022 04:00 (CET/CEST)","n/e","n/e","n/e","n/e","n/e","n/e","n/e","n/e","n/e","n/e","n/e","n/e","n/e","3075","n/e","n/e","6","n/e","0","n/e","n/e","254"
"BZN|SE1","13.08.2022 04:00 - 13.08.2022 05:00 (CET/CEST)","n/e","n/e","n/e","n/e","n/e","n/e","n/e","n/e","n/e","n/e","n/e","n/e","n/e","3176","n/e","n/e","6","n/e","0","n/e","n/e","237"
"BZN|SE1","13.08.2022 05:00 - 13.08.2022 06:00 (CET/CEST)","n/e","n/e","n/e","n/e","n/e","n/e","n/e","n/e","n/e","n/e","n/e","n/e","n/e","3180","n/e","n/e","6","n/e","0","n/e","n/e","135"
"BZN|SE1","13.08.2022 06:00 - 13.08.2022 07:00 (CET/CEST)","n/e","n/e","n/e","n/e","n/e","n/e","n/e","n/e","n/e","n/e","n/e","n/e","n/e","3240","n/e","n/e","7","n/e","0","n/e","n/e","87"
"BZN|SE1","13.08.2022 07:00 - 13.08.2022 08:00 (CET/CEST)","n/e","n/e","n/e","n/e","n/e","n/e","n/e","n/e","n/e","n/e","n/e","n/e","n/e","3255","n/e","n/e","7","n/e","1","n/e","n/e","79"
"BZN|SE1","13.08.2022 08:00 - 13.08.2022 09:00 (CET/CEST)","n/e","n/e","n/e","n/e","n/e","n/e","n/e","n/e","n/e","n/e","n/e","n/e","n/e","3252","n/e","n/e","7","n/e","1","n/e","n/e","82"
"BZN|SE1","13.08.2022 09:00 - 13.08.2022 10:00 (CET/CEST)","n/e","n/e","n/e","n/e","n/e","n/e","n/e","n/e","n/e","n/e","n/e","n/e","n/e","3167","n/e","n/e","7","n/e","1","n/e","n/e","134"
"BZN|SE1","13.08.2022 10:00 - 13.08.2022 11:00 (CET/CEST)","n/e","n/e","n/e","n/e","n/e","n/e","n/e","n/e","n/e","n/e","n/e","n/e","n/e","3012","n/e","n/e","7","n/e","2","n/e","n/e","223"
"BZN|SE1","13.08.2022 11:00 - 13.08.2022 12:00 (CET/CEST)","n/e","n/e","n/e","n/e","n/e","n/e","n/e","n/e","n/e","n/e","n/e","n/e","n/e","3000","n/e","n/e","7","n/e","1","n/e","n/e","343"
"BZN|SE1","13.08.2022 12:00 - 13.08.2022 13:00 (CET/CEST)","n/e","n/e","n/e","n/e","n/e","n/e","n/e","n/e","n/e","n/e","n/e","n/e","n/e","2975","n/e","n/e","7","n/e","1","n/e","n/e","465"
"BZN|SE1","13.08.2022 13:00 - 13.08.2022 14:00 (CET/CEST)","n/e","n/e","n/e","n/e","n/e","n/e","n/e","n/e","n/e","n/e","n/e","n/e","n/e","2968","n/e","n/e","6","n/e","1","n/e","n/e","532"
"BZN|SE1","13.08.2022 14:00 - 13.08.2022 15:00 (CET/CEST)","n/e","n/e","n/e","n/e","n/e","n/e","n/e","n/e","n/e","n/e","n/e","n/e","n/e","2914","n/e","n/e","6","n/e","1","n/e","n/e","530"
"BZN|SE1","13.08.2022 15:00 - 13.08.2022 16:00 (CET/CEST)","n/e","n/e","n/e","n/e","n/e","n/e","n/e","n/e","n/e","n/e","n/e","n/e","n/e","2904","n/e","n/e","6","n/e","0","n/e","n/e","537"
"BZN|SE1","13.08.2022 16:00 - 13.08.2022 17:00 (CET/CEST)","n/e","n/e","n/e","n/e","n/e","n/e","n/e","n/e","n/e","n/e","n/e","n/e","n/e","2907","n/e","n/e","6","n/e","0","n/e","n/e","480"
"BZN|SE1","13.08.2022 17:00 - 13.08.2022 18:00 (CET/CEST)","n/e","n/e","n/e","n/e","n/e","n/e","n/e","n/e","n/e","n/e","n/e","n/e","n/e","2953","n/e","n/e","6","n/e","0","n/e","n/e","483"
"BZN|SE1","13.08.2022 18:00 - 13.08.2022 19:00 (CET/CEST)","n/e","n/e","n/e","n/e","n/e","n/e","n/e","n/e","n/e","n/e","n/e","n/e","n/e","2994","n/e","n/e","6","n/e","0","n/e","n/e","423"
"BZN|SE1","13.08.2022 19:00 - 13.08.2022 20:00 (CET/CEST)","n/e","n/e","n/e","n/e","n/e","n/e","n/e","n/e","n/e","n/e","n/e","n/e","n/e","2992","n/e","n/e","6","n/e","0","n/e","n/e","438"
"BZN|SE1","13.08.2022 20:00 - 13.08.2022 21:00 (CET/CEST)","n/e","n/e","n/e","n/e","n/e","n/e","n/e","n/e","n/e","n/e","n/e","n/e","n/e","2905","n/e","n/e","6","n/e","0","n/e","n/e","536"
"BZN|SE1","13.08.2022 21:00 - 13.08.2022 22:00 (CET/CEST)","n/e","n/e","n/e","n/e","n/e","n/e","n/e","n/e","n/e","n/e","n/e","n/e","n/e","2712","n/e","n/e","6","n/e","0","n/e","n/e","624"
"BZN|SE1","13.08.2022 22:00 - 13.08.2022 23:00 (CET/CEST)","n/e","n/e","n/e","n/e","n/e","n/e","n/e","n/e","n/e","n/e","n/e","n/e","n/e","2631","n/e","n/e","6","n/e","0","n/e","n/e","718"
"BZN|SE1","13.08.2022 23:00 - 14.08.2022 00:00 (CET/CEST)","n/e","n/e","n/e","n/e","n/e","n/e","n/e","n/e","n/e","n/e","n/e","n/e","n/e","2626","n/e","n/e","6","n/e","0","n/e","n/e","801"
"BZN|SE1","14.08.2022 00:00 - 14.08.2022 01:00 (CET/CEST)","n/e","n/e","n/e","n/e","n/e","n/e","n/e","n/e","n/e","n/e","n/e","n/e","n/e","2573","n/e","n/e","6","n/e","0","n/e","n/e","735"
"BZN|SE1","14.08.2022 01:00 - 14.08.2022 02:00 (CET/CEST)","n/e","n/e","n/e","n/e","n/e","n/e","n/e","n/e","n/e","n/e","n/e","n/e","n/e","2641","n/e","n/e","6","n/e","0","n/e","n/e","693"
"BZN|SE1","14.08.2022 02:00 - 14.08.2022 03:00 (CET/CEST)","n/e","n/e","n/e","n/e","n/e","n/e","n/e","n/e","n/e","n/e","n/e","n/e","n/e","2712","n/e","n/e","6","n/e","0","n/e","n/e","598"
"BZN|SE1","14.08.2022 03:00 - 14.08.2022 04:00 (CET/CEST)","n/e","n/e","n/e","n/e","n/e","n/e","n/e","n/e","n/e","n/e","n/e","n/e","n/e","2710","n/e","n/e","6","n/e","0","n/e","n/e","461"
"BZN|SE1","14.08.2022 04:00 - 14.08.2022 05:00 (CET/CEST)","n/e","n/e","n/e","n/e","n/e","n/e","n/e","n/e","n/e","n/e","n/e","n/e","n/e","2711","n/e","n/e","6","n/e","0","n/e","n/e","429"
"BZN|SE1","14.08.2022 05:00 - 14.08.2022 06:00 (CET/CEST)","n/e","n/e","n/e","n/e","n/e","n/e","n/e","n/e","n/e","n/e","n/e","n/e","n/e","2718","n/e","n/e","6","n/e","0","n/e","n/e","311"
"BZN|SE1","14.08.2022 06:00 - 14.08.2022 07:00 (CET/CEST)","n/e","n/e","n/e","n/e","n/e","n/e","n/e","n/e","n/e","n/e","n/e","n/e","n/e","3004","n/e","n/e","6","n/e","0","n/e","n/e","192"
"BZN|SE1","14.08.2022 07:00 - 14.08.2022 08:00 (CET/CEST)","n/e","n/e","n/e","n/e","n/e","n/e","n/e","n/e","n/e","n/e","n/e","n/e","n/e","3183","n/e","n/e","6","n/e","1","n/e","n/e","124"
"BZN|SE1","14.08.2022 08:00 - 14.08.2022 09:00 (CET/CEST)","n/e","n/e","n/e","n/e","n/e","n/e","n/e","n/e","n/e","n/e","n/e","n/e","n/e","3297","n/e","n/e","7","n/e","1","n/e","n/e","65"
"BZN|SE1","14.08.2022 09:00 - 14.08.2022 10:00 (CET/CEST)","n/e","n/e","n/e","n/e","n/e","n/e","n/e","n/e","n/e","n/e","n/e","n/e","n/e","3313","n/e","n/e","6","n/e","2","n/e","n/e","45"
"BZN|SE1","14.08.2022 10:00 - 14.08.2022 11:00 (CET/CEST)","n/e","n/e","n/e","n/e","n/e","n/e","n/e","n/e","n/e","n/e","n/e","n/e","n/e","3326","n/e","n/e","7","n/e","2","n/e","n/e","26"
"BZN|SE1","14.08.2022 11:00 - 14.08.2022 12:00 (CET/CEST)","n/e","n/e","n/e","n/e","n/e","n/e","n/e","n/e","n/e","n/e","n/e","n/e","n/e","3358","n/e","n/e","6","n/e","3","n/e","n/e","26"
"BZN|SE1","14.08.2022 12:00 - 14.08.2022 13:00 (CET/CEST)","n/e","n/e","n/e","n/e","n/e","n/e","n/e","n/e","n/e","n/e","n/e","n/e","n/e","3387","n/e","n/e","6","n/e","3","n/e","n/e","37"
"BZN|SE1","14.08.2022 13:00 - 14.08.2022 14:00 (CET/CEST)","n/e","n/e","n/e","n/e","n/e","n/e","n/e","n/e","n/e","n/e","n/e","n/e","n/e","3373","n/e","n/e","6","n/e","3","n/e","n/e","41"
"BZN|SE1","14.08.2022 14:00 - 14.08.2022 15:00 (CET/CEST)","n/e","n/e","n/e","n/e","n/e","n/e","n/e","n/e","n/e","n/e","n/e","n/e","n/e","3394","n/e","n/e","7","n/e","3","n/e","n/e","43"
"BZN|SE1","14.08.2022 15:00 - 14.08.2022 16:00 (CET/CEST)","n/e","n/e","n/e","n/e","n/e","n/e","n/e","n/e","n/e","n/e","n/e","n/e","n/e","3412","n/e","n/e","7","n/e","2","n/e","n/e","52"
"BZN|SE1","14.08.2022 16:00 - 14.08.2022 17:00 (CET/CEST)","n/e","n/e","n/e","n/e","n/e","n/e","n/e","n/e","n/e","n/e","n/e","n/e","n/e","3359","n/e","n/e","6","n/e","2","n/e","n/e","65"
"BZN|SE1","14.08.2022 17:00 - 14.08.2022 18:00 (CET/CEST)","n/e","n/e","n/e","n/e","n/e","n/e","n/e","n/e","n/e","n/e","n/e","n/e","n/e","3391","n/e","n/e","6","n/e","1","n/e","n/e","73"
"BZN|SE1","14.08.2022 18:00 - 14.08.2022 19:00 (CET/CEST)","n/e","n/e","n/e","n/e","n/e","n/e","n/e","n/e","n/e","n/e","n/e","n/e","n/e","3375","n/e","n/e","6","n/e","0","n/e","n/e","82"
"BZN|SE1","14.08.2022 19:00 - 14.08.2022 20:00 (CET/CEST)","n/e","n/e","n/e","n/e","n/e","n/e","n/e","n/e","n/e","n/e","n/e","n/e","n/e","3306","n/e","n/e","6","n/e","0","n/e","n/e","121"
"BZN|SE1","14.08.2022 20:00 - 14.08.2022 21:00 (CET/CEST)","n/e","n/e","n/e","n/e","n/e","n/e","n/e","n/e","n/e","n/e","n/e","n/e","n/e","3203","n/e","n/e","6","n/e","0","n/e","n/e","168"
"BZN|SE1","14.08.2022 21:00 - 14.08.2022 22:00 (CET/CEST)","n/e","n/e","n/e","n/e","n/e","n/e","n/e","n/e","n/e","n/e","n/e","n/e","n/e","3132","n/e","n/e","5","n/e","0","n/e","n/e","237"
"BZN|SE1","14.08.2022 22:00 - 14.08.2022 23:00 (CET/CEST)","n/e","n/e","n/e","n/e","n/e","n/e","n/e","n/e","n/e","n/e","n/e","n/e","n/e","2948","n/e","n/e","6","n/e","0","n/e","n/e","324"
"BZN|SE1","14.08.2022 23:00 - 15.08.2022 00:00 (CET/CEST)","n/e","n/e","n/e","n/e","n/e","n/e","n/e","n/e","n/e","n/e","n/e","n/e","n/e","2891","n/e","n/e","6","n/e","0","n/e","n/e","454"
"BZN|SE1","15.08.2022 00:00 - 15.08.2022 01:00 (CET/CEST)","n/e","n/e","n/e","n/e","n/e","n/e","n/e","n/e","n/e","n/e","n/e","n/e","n/e","2718","n/e","n/e","6","n/e","0","n/e","n/e","514"
"BZN|SE1","15.08.2022 01:00 - 15.08.2022 02:00 (CET/CEST)","n/e","n/e","n/e","n/e","n/e","n/e","n/e","n/e","n/e","n/e","n/e","n/e","n/e","2652","n/e","n/e","6","n/e","0","n/e","n/e","535"
"BZN|SE1","15.08.2022 02:00 - 15.08.2022 03:00 (CET/CEST)","n/e","n/e","n/e","n/e","n/e","n/e","n/e","n/e","n/e","n/e","n/e","n/e","n/e","2769","n/e","n/e","6","n/e","0","n/e","n/e","516"
"BZN|SE1","15.08.2022 03:00 - 15.08.2022 04:00 (CET/CEST)","n/e","n/e","n/e","n/e","n/e","n/e","n/e","n/e","n/e","n/e","n/e","n/e","n/e","2872","n/e","n/e","6","n/e","0","n/e","n/e","406"
"BZN|SE1","15.08.2022 04:00 - 15.08.2022 05:00 (CET/CEST)","n/e","n/e","n/e","n/e","n/e","n/e","n/e","n/e","n/e","n/e","n/e","n/e","n/e","2837","n/e","n/e","5","n/e","0","n/e","n/e","328"
"BZN|SE1","15.08.2022 05:00 - 15.08.2022 06:00 (CET/CEST)","n/e","n/e","n/e","n/e","n/e","n/e","n/e","n/e","n/e","n/e","n/e","n/e","n/e","2898","n/e","n/e","6","n/e","0","n/e","n/e","267"
"BZN|SE1","15.08.2022 06:00 - 15.08.2022 07:00 (CET/CEST)","n/e","n/e","n/e","n/e","n/e","n/e","n/e","n/e","n/e","n/e","n/e","n/e","n/e","2956","n/e","n/e","6","n/e","0","n/e","n/e","233"
"BZN|SE1","15.08.2022 07:00 - 15.08.2022 08:00 (CET/CEST)","n/e","n/e","n/e","n/e","n/e","n/e","n/e","n/e","n/e","n/e","n/e","n/e","n/e","3125","n/e","n/e","6","n/e","0","n/e","n/e","182"
"BZN|SE1","15.08.2022 08:00 - 15.08.2022 09:00 (CET/CEST)","n/e","n/e","n/e","n/e","n/e","n/e","n/e","n/e","n/e","n/e","n/e","n/e","n/e","3177","n/e","n/e","6","n/e","1","n/e","n/e","140"
"BZN|SE1","15.08.2022 09:00 - 15.08.2022 10:00 (CET/CEST)","n/e","n/e","n/e","n/e","n/e","n/e","n/e","n/e","n/e","n/e","n/e","n/e","n/e","3241","n/e","n/e","6","n/e","1","n/e","n/e","144"
"BZN|SE1","15.08.2022 10:00 - 15.08.2022 11:00 (CET/CEST)","n/e","n/e","n/e","n/e","n/e","n/e","n/e","n/e","n/e","n/e","n/e","n/e","n/e","3229","n/e","n/e","6","n/e","1","n/e","n/e","112"
"BZN|SE1","15.08.2022 11:00 - 15.08.2022 12:00 (CET/CEST)","n/e","n/e","n/e","n/e","n/e","n/e","n/e","n/e","n/e","n/e","n/e","n/e","n/e","3234","n/e","n/e","6","n/e","1","n/e","n/e","109"
"BZN|SE1","15.08.2022 12:00 - 15.08.2022 13:00 (CET/CEST)","n/e","n/e","n/e","n/e","n/e","n/e","n/e","n/e","n/e","n/e","n/e","n/e","n/e","3215","n/e","n/e","6","n/e","2","n/e","n/e","132"
"BZN|SE1","15.08.2022 13:00 - 15.08.2022 14:00 (CET/CEST)","n/e","n/e","n/e","n/e","n/e","n/e","n/e","n/e","n/e","n/e","n/e","n/e","n/e","3180","n/e","n/e","6","n/e","2","n/e","n/e","167"
"BZN|SE1","15.08.2022 14:00 - 15.08.2022 15:00 (CET/CEST)","n/e","n/e","n/e","n/e","n/e","n/e","n/e","n/e","n/e","n/e","n/e","n/e","n/e","3172","n/e","n/e","6","n/e","2","n/e","n/e","212"
"BZN|SE1","15.08.2022 15:00 - 15.08.2022 16:00 (CET/CEST)","n/e","n/e","n/e","n/e","n/e","n/e","n/e","n/e","n/e","n/e","n/e","n/e","n/e","3236","n/e","n/e","6","n/e","2","n/e","n/e","239"
"BZN|SE1","15.08.2022 16:00 - 15.08.2022 17:00 (CET/CEST)","n/e","n/e","n/e","n/e","n/e","n/e","n/e","n/e","n/e","n/e","n/e","n/e","n/e","3203","n/e","n/e","7","n/e","1","n/e","n/e","269"
"BZN|SE1","15.08.2022 17:00 - 15.08.2022 18:00 (CET/CEST)","n/e","n/e","n/e","n/e","n/e","n/e","n/e","n/e","n/e","n/e","n/e","n/e","n/e","3203","n/e","n/e","7","n/e","1","n/e","n/e","283"
"BZN|SE1","15.08.2022 18:00 - 15.08.2022 19:00 (CET/CEST)","n/e","n/e","n/e","n/e","n/e","n/e","n/e","n/e","n/e","n/e","n/e","n/e","n/e","3004","n/e","n/e","7","n/e","0","n/e","n/e","344"
"BZN|SE1","15.08.2022 19:00 - 15.08.2022 20:00 (CET/CEST)","n/e","n/e","n/e","n/e","n/e","n/e","n/e","n/e","n/e","n/e","n/e","n/e","n/e","2852","n/e","n/e","6","n/e","0","n/e","n/e","437"
"BZN|SE1","15.08.2022 20:00 - 15.08.2022 21:00 (CET/CEST)","n/e","n/e","n/e","n/e","n/e","n/e","n/e","n/e","n/e","n/e","n/e","n/e","n/e","2657","n/e","n/e","6","n/e","0","n/e","n/e","663"
"BZN|SE1","15.08.2022 21:00 - 15.08.2022 22:00 (CET/CEST)","n/e","n/e","n/e","n/e","n/e","n/e","n/e","n/e","n/e","n/e","n/e","n/e","n/e","2418","n/e","n/e","6","n/e","0","n/e","n/e","818"
"BZN|SE1","15.08.2022 22:00 - 15.08.2022 23:00 (CET/CEST)","n/e","n/e","n/e","n/e","n/e","n/e","n/e","n/e","n/e","n/e","n/e","n/e","n/e","2304","n/e","n/e","6","n/e","0","n/e","n/e","981"
"BZN|SE1","15.08.2022 23:00 - 16.08.2022 00:00 (CET/CEST)","n/e","n/e","n/e","n/e","n/e","n/e","n/e","n/e","n/e","n/e","n/e","n/e","n/e","2318","n/e","n/e","7","n/e","0","n/e","n/e","1033"
"BZN|SE1","16.08.2022 00:00 - 16.08.2022 01:00 (CET/CEST)","n/e","n/e","n/e","n/e","n/e","n/e","n/e","n/e","n/e","n/e","n/e","n/e","n/e","2324","n/e","n/e","5","n/e","0","n/e","n/e","973"
"BZN|SE1","16.08.2022 01:00 - 16.08.2022 02:00 (CET/CEST)","n/e","n/e","n/e","n/e","n/e","n/e","n/e","n/e","n/e","n/e","n/e","n/e","n/e","2466","n/e","n/e","5","n/e","0","n/e","n/e","873"
"BZN|SE1","16.08.2022 02:00 - 16.08.2022 03:00 (CET/CEST)","n/e","n/e","n/e","n/e","n/e","n/e","n/e","n/e","n/e","n/e","n/e","n/e","n/e","2531","n/e","n/e","5","n/e","0","n/e","n/e","815"
"BZN|SE1","16.08.2022 03:00 - 16.08.2022 04:00 (CET/CEST)","n/e","n/e","n/e","n/e","n/e","n/e","n/e","n/e","n/e","n/e","n/e","n/e","n/e","2569","n/e","n/e","5","n/e","0","n/e","n/e","795"
"BZN|SE1","16.08.2022 04:00 - 16.08.2022 05:00 (CET/CEST)","n/e","n/e","n/e","n/e","n/e","n/e","n/e","n/e","n/e","n/e","n/e","n/e","n/e","2642","n/e","n/e","6","n/e","0","n/e","n/e","745"
"BZN|SE1","16.08.2022 05:00 - 16.08.2022 06:00 (CET/CEST)","n/e","n/e","n/e","n/e","n/e","n/e","n/e","n/e","n/e","n/e","n/e","n/e","n/e","2780","n/e","n/e","6","n/e","0","n/e","n/e","667"
"BZN|SE1","16.08.2022 06:00 - 16.08.2022 07:00 (CET/CEST)","n/e","n/e","n/e","n/e","n/e","n/e","n/e","n/e","n/e","n/e","n/e","n/e","n/e","2943","n/e","n/e","6","n/e","0","n/e","n/e","610"
"BZN|SE1","16.08.2022 07:00 - 16.08.2022 08:00 (CET/CEST)","n/e","n/e","n/e","n/e","n/e","n/e","n/e","n/e","n/e","n/e","n/e","n/e","n/e","3047","n/e","n/e","6","n/e","0","n/e","n/e","560"
"BZN|SE1","16.08.2022 08:00 - 16.08.2022 09:00 (CET/CEST)","n/e","n/e","n/e","n/e","n/e","n/e","n/e","n/e","n/e","n/e","n/e","n/e","n/e","3240","n/e","n/e","6","n/e","1","n/e","n/e","513"
"BZN|SE1","16.08.2022 09:00 - 16.08.2022 10:00 (CET/CEST)","n/e","n/e","n/e","n/e","n/e","n/e","n/e","n/e","n/e","n/e","n/e","n/e","n/e","3271","n/e","n/e","6","n/e","1","n/e","n/e","356"
"BZN|SE1","16.08.2022 10:00 - 16.08.2022 11:00 (CET/CEST)","n/e","n/e","n/e","n/e","n/e","n/e","n/e","n/e","n/e","n/e","n/e","n/e","n/e","3282","n/e","n/e","7","n/e","2","n/e","n/e","377"
"BZN|SE1","16.08.2022 11:00 - 16.08.2022 12:00 (CET/CEST)","n/e","n/e","n/e","n/e","n/e","n/e","n/e","n/e","n/e","n/e","n/e","n/e","n/e","3148","n/e","n/e","7","n/e","2","n/e","n/e","502"
"BZN|SE1","16.08.2022 12:00 - 16.08.2022 13:00 (CET/CEST)","n/e","n/e","n/e","n/e","n/e","n/e","n/e","n/e","n/e","n/e","n/e","n/e","n/e","3019","n/e","n/e","7","n/e","2","n/e","n/e","702"
"BZN|SE1","16.08.2022 13:00 - 16.08.2022 14:00 (CET/CEST)","n/e","n/e","n/e","n/e","n/e","n/e","n/e","n/e","n/e","n/e","n/e","n/e","n/e","2880","n/e","n/e","7","n/e","2","n/e","n/e","762"
"BZN|SE1","16.08.2022 14:00 - 16.08.2022 15:00 (CET/CEST)","n/e","n/e","n/e","n/e","n/e","n/e","n/e","n/e","n/e","n/e","n/e","n/e","n/e","2761","n/e","n/e","7","n/e","2","n/e","n/e","858"
"BZN|SE1","16.08.2022 15:00 - 16.08.2022 16:00 (CET/CEST)","n/e","n/e","n/e","n/e","n/e","n/e","n/e","n/e","n/e","n/e","n/e","n/e","n/e","2741","n/e","n/e","7","n/e","2","n/e","n/e","812"
"BZN|SE1","16.08.2022 16:00 - 16.08.2022 17:00 (CET/CEST)","n/e","n/e","n/e","n/e","n/e","n/e","n/e","n/e","n/e","n/e","n/e","n/e","n/e","2777","n/e","n/e","7","n/e","1","n/e","n/e","813"
"BZN|SE1","16.08.2022 17:00 - 16.08.2022 18:00 (CET/CEST)","n/e","n/e","n/e","n/e","n/e","n/e","n/e","n/e","n/e","n/e","n/e","n/e","n/e","2760","n/e","n/e","7","n/e","1","n/e","n/e","865"
"BZN|SE1","16.08.2022 18:00 - 16.08.2022 19:00 (CET/CEST)","n/e","n/e","n/e","n/e","n/e","n/e","n/e","n/e","n/e","n/e","n/e","n/e","n/e","2726","n/e","n/e","6","n/e","0","n/e","n/e","897"
"BZN|SE1","16.08.2022 19:00 - 16.08.2022 20:00 (CET/CEST)","n/e","n/e","n/e","n/e","n/e","n/e","n/e","n/e","n/e","n/e","n/e","n/e","n/e","2401","n/e","n/e","6","n/e","0","n/e","n/e","943"
"BZN|SE1","16.08.2022 20:00 - 16.08.2022 21:00 (CET/CEST)","n/e","n/e","n/e","n/e","n/e","n/e","n/e","n/e","n/e","n/e","n/e","n/e","n/e","2409","n/e","n/e","6","n/e","0","n/e","n/e","1093"
"BZN|SE1","16.08.2022 21:00 - 16.08.2022 22:00 (CET/CEST)","n/e","n/e","n/e","n/e","n/e","n/e","n/e","n/e","n/e","n/e","n/e","n/e","n/e","2296","n/e","n/e","6","n/e","0","n/e","n/e","1177"
"BZN|SE1","16.08.2022 22:00 - 16.08.2022 23:00 (CET/CEST)","n/e","n/e","n/e","n/e","n/e","n/e","n/e","n/e","n/e","n/e","n/e","n/e","n/e","2193","n/e","n/e","6","n/e","0","n/e","n/e","1305"
"BZN|SE1","16.08.2022 23:00 - 17.08.2022 00:00 (CET/CEST)","n/e","n/e","n/e","n/e","n/e","n/e","n/e","n/e","n/e","n/e","n/e","n/e","n/e","2229","n/e","n/e","6","n/e","0","n/e","n/e","1303"
"BZN|SE1","17.08.2022 00:00 - 17.08.2022 01:00 (CET/CEST)","n/e","n/e","n/e","n/e","n/e","n/e","n/e","n/e","n/e","n/e","n/e","n/e","n/e","2142","n/e","n/e","6","n/e","0","n/e","n/e","1235"
"BZN|SE1","17.08.2022 01:00 - 17.08.2022 02:00 (CET/CEST)","n/e","n/e","n/e","n/e","n/e","n/e","n/e","n/e","n/e","n/e","n/e","n/e","n/e","1989","n/e","n/e","6","n/e","0","n/e","n/e","1344"
"BZN|SE1","17.08.2022 02:00 - 17.08.2022 03:00 (CET/CEST)","n/e","n/e","n/e","n/e","n/e","n/e","n/e","n/e","n/e","n/e","n/e","n/e","n/e","1993","n/e","n/e","6","n/e","0","n/e","n/e","1279"
"BZN|SE1","17.08.2022 03:00 - 17.08.2022 04:00 (CET/CEST)","n/e","n/e","n/e","n/e","n/e","n/e","n/e","n/e","n/e","n/e","n/e","n/e","n/e","1961","n/e","n/e","6","n/e","0","n/e","n/e","1348"
"BZN|SE1","17.08.2022 04:00 - 17.08.2022 05:00 (CET/CEST)","n/e","n/e","n/e","n/e","n/e","n/e","n/e","n/e","n/e","n/e","n/e","n/e","n/e","1944","n/e","n/e","5","n/e","0","n/e","n/e","1345"
"BZN|SE1","17.08.2022 05:00 - 17.08.2022 06:00 (CET/CEST)","n/e","n/e","n/e","n/e","n/e","n/e","n/e","n/e","n/e","n/e","n/e","n/e","n/e","2070","n/e","n/e","5","n/e","0","n/e","n/e","1356"
"BZN|SE1","17.08.2022 06:00 - 17.08.2022 07:00 (CET/CEST)","n/e","n/e","n/e","n/e","n/e","n/e","n/e","n/e","n/e","n/e","n/e","n/e","n/e","2109","n/e","n/e","5","n/e","0","n/e","n/e","1282"
"BZN|SE1","17.08.2022 07:00 - 17.08.2022 08:00 (CET/CEST)","n/e","n/e","n/e","n/e","n/e","n/e","n/e","n/e","n/e","n/e","n/e","n/e","n/e","2160","n/e","n/e","5","n/e","0","n/e","n/e","1225"
"BZN|SE1","17.08.2022 08:00 - 17.08.2022 09:00 (CET/CEST)","n/e","n/e","n/e","n/e","n/e","n/e","n/e","n/e","n/e","n/e","n/e","n/e","n/e","2310","n/e","n/e","5","n/e","1","n/e","n/e","1277"
"BZN|SE1","17.08.2022 09:00 - 17.08.2022 10:00 (CET/CEST)","n/e","n/e","n/e","n/e","n/e","n/e","n/e","n/e","n/e","n/e","n/e","n/e","n/e","2267","n/e","n/e","5","n/e","1","n/e","n/e","1320"
"BZN|SE1","17.08.2022 10:00 - 17.08.2022 11:00 (CET/CEST)","n/e","n/e","n/e","n/e","n/e","n/e","n/e","n/e","n/e","n/e","n/e","n/e","n/e","2220","n/e","n/e","5","n/e","1","n/e","n/e","1213"
"BZN|SE1","17.08.2022 11:00 - 17.08.2022 12:00 (CET/CEST)","n/e","n/e","n/e","n/e","n/e","n/e","n/e","n/e","n/e","n/e","n/e","n/e","n/e","2235","n/e","n/e","5","n/e","2","n/e","n/e","1309"
"BZN|SE1","17.08.2022 12:00 - 17.08.2022 13:00 (CET/CEST)","n/e","n/e","n/e","n/e","n/e","n/e","n/e","n/e","n/e","n/e","n/e","n/e","n/e","2222","n/e","n/e","6","n/e","2","n/e","n/e","1285"
"BZN|SE1","17.08.2022 13:00 - 17.08.2022 14:00 (CET/CEST)","n/e","n/e","n/e","n/e","n/e","n/e","n/e","n/e","n/e","n/e","n/e","n/e","n/e","2328","n/e","n/e","6","n/e","1","n/e","n/e","1231"
"BZN|SE1","17.08.2022 14:00 - 17.08.2022 15:00 (CET/CEST)","n/e","n/e","n/e","n/e","n/e","n/e","n/e","n/e","n/e","n/e","n/e","n/e","n/e","2291","n/e","n/e","6","n/e","1","n/e","n/e","1118"
"BZN|SE1","17.08.2022 15:00 - 17.08.2022 16:00 (CET/CEST)","n/e","n/e","n/e","n/e","n/e","n/e","n/e","n/e","n/e","n/e","n/e","n/e","n/e","2310","n/e","n/e","6","n/e","1","n/e","n/e","1112"
"BZN|SE1","17.08.2022 16:00 - 17.08.2022 17:00 (CET/CEST)","n/e","n/e","n/e","n/e","n/e","n/e","n/e","n/e","n/e","n/e","n/e","n/e","n/e","2392","n/e","n/e","5","n/e","1","n/e","n/e","1170"
"BZN|SE1","17.08.2022 17:00 - 17.08.2022 18:00 (CET/CEST)","n/e","n/e","n/e","n/e","n/e","n/e","n/e","n/e","n/e","n/e","n/e","n/e","n/e","2514","n/e","n/e","5","n/e","0","n/e","n/e","1151"
"BZN|SE1","17.08.2022 18:00 - 17.08.2022 19:00 (CET/CEST)","n/e","n/e","n/e","n/e","n/e","n/e","n/e","n/e","n/e","n/e","n/e","n/e","n/e","2612","n/e","n/e","5","n/e","0","n/e","n/e","1085"
"BZN|SE1","17.08.2022 19:00 - 17.08.2022 20:00 (CET/CEST)","n/e","n/e","n/e","n/e","n/e","n/e","n/e","n/e","n/e","n/e","n/e","n/e","n/e","2612","n/e","n/e","5","n/e","0","n/e","n/e","812"
"BZN|SE1","17.08.2022 20:00 - 17.08.2022 21:00 (CET/CEST)","n/e","n/e","n/e","n/e","n/e","n/e","n/e","n/e","n/e","n/e","n/e","n/e","n/e","2709","n/e","n/e","5","n/e","0","n/e","n/e","724"
"BZN|SE1","17.08.2022 21:00 - 17.08.2022 22:00 (CET/CEST)","n/e","n/e","n/e","n/e","n/e","n/e","n/e","n/e","n/e","n/e","n/e","n/e","n/e","2701","n/e","n/e","4","n/e","0","n/e","n/e","785"
"BZN|SE1","17.08.2022 22:00 - 17.08.2022 23:00 (CET/CEST)","n/e","n/e","n/e","n/e","n/e","n/e","n/e","n/e","n/e","n/e","n/e","n/e","n/e","2610","n/e","n/e","5","n/e","0","n/e","n/e","863"
"BZN|SE1","17.08.2022 23:00 - 18.08.2022 00:00 (CET/CEST)","n/e","n/e","n/e","n/e","n/e","n/e","n/e","n/e","n/e","n/e","n/e","n/e","n/e","2535","n/e","n/e","5","n/e","0","n/e","n/e","957"
"BZN|SE1","18.08.2022 00:00 - 18.08.2022 01:00 (CET/CEST)","n/e","n/e","n/e","n/e","n/e","n/e","n/e","n/e","n/e","n/e","n/e","n/e","n/e","2497","n/e","n/e","6","n/e","0","n/e","n/e","975"
"BZN|SE1","18.08.2022 01:00 - 18.08.2022 02:00 (CET/CEST)","n/e","n/e","n/e","n/e","n/e","n/e","n/e","n/e","n/e","n/e","n/e","n/e","n/e","2497","n/e","n/e","6","n/e","0","n/e","n/e","1030"
"BZN|SE1","18.08.2022 02:00 - 18.08.2022 03:00 (CET/CEST)","n/e","n/e","n/e","n/e","n/e","n/e","n/e","n/e","n/e","n/e","n/e","n/e","n/e","2497","n/e","n/e","6","n/e","0","n/e","n/e","905"
"BZN|SE1","18.08.2022 03:00 - 18.08.2022 04:00 (CET/CEST)","n/e","n/e","n/e","n/e","n/e","n/e","n/e","n/e","n/e","n/e","n/e","n/e","n/e","2499","n/e","n/e","6","n/e","0","n/e","n/e","853"
"BZN|SE1","18.08.2022 04:00 - 18.08.2022 05:00 (CET/CEST)","n/e","n/e","n/e","n/e","n/e","n/e","n/e","n/e","n/e","n/e","n/e","n/e","n/e","2580","n/e","n/e","6","n/e","0","n/e","n/e","708"
"BZN|SE1","18.08.2022 05:00 - 18.08.2022 06:00 (CET/CEST)","n/e","n/e","n/e","n/e","n/e","n/e","n/e","n/e","n/e","n/e","n/e","n/e","n/e","2714","n/e","n/e","6","n/e","0","n/e","n/e","528"
"BZN|SE1","18.08.2022 06:00 - 18.08.2022 07:00 (CET/CEST)","n/e","n/e","n/e","n/e","n/e","n/e","n/e","n/e","n/e","n/e","n/e","n/e","n/e","2992","n/e","n/e","6","n/e","0","n/e","n/e","332"
"BZN|SE1","18.08.2022 07:00 - 18.08.2022 08:00 (CET/CEST)","n/e","n/e","n/e","n/e","n/e","n/e","n/e","n/e","n/e","n/e","n/e","n/e","n/e","3189","n/e","n/e","6","n/e","0","n/e","n/e","215"
"BZN|SE1","18.08.2022 08:00 - 18.08.2022 09:00 (CET/CEST)","n/e","n/e","n/e","n/e","n/e","n/e","n/e","n/e","n/e","n/e","n/e","n/e","n/e","3360","n/e","n/e","7","n/e","1","n/e","n/e","168"
"BZN|SE1","18.08.2022 09:00 - 18.08.2022 10:00 (CET/CEST)","n/e","n/e","n/e","n/e","n/e","n/e","n/e","n/e","n/e","n/e","n/e","n/e","n/e","3422","n/e","n/e","7","n/e","1","n/e","n/e","71"
"BZN|SE1","18.08.2022 10:00 - 18.08.2022 11:00 (CET/CEST)","n/e","n/e","n/e","n/e","n/e","n/e","n/e","n/e","n/e","n/e","n/e","n/e","n/e","3423","n/e","n/e","7","n/e","2","n/e","n/e","41"
"BZN|SE1","18.08.2022 11:00 - 18.08.2022 12:00 (CET/CEST)","n/e","n/e","n/e","n/e","n/e","n/e","n/e","n/e","n/e","n/e","n/e","n/e","n/e","3433","n/e","n/e","7","n/e","3","n/e","n/e","42"
"BZN|SE1","18.08.2022 12:00 - 18.08.2022 13:00 (CET/CEST)","n/e","n/e","n/e","n/e","n/e","n/e","n/e","n/e","n/e","n/e","n/e","n/e","n/e","3459","n/e","n/e","7","n/e","3","n/e","n/e","33"
"BZN|SE1","18.08.2022 13:00 - 18.08.2022 14:00 (CET/CEST)","n/e","n/e","n/e","n/e","n/e","n/e","n/e","n/e","n/e","n/e","n/e","n/e","n/e","3474","n/e","n/e","7","n/e","3","n/e","n/e","43"
"BZN|SE1","18.08.2022 14:00 - 18.08.2022 15:00 (CET/CEST)","n/e","n/e","n/e","n/e","n/e","n/e","n/e","n/e","n/e","n/e","n/e","n/e","n/e","3471","n/e","n/e","7","n/e","2","n/e","n/e","64"
"BZN|SE1","18.08.2022 15:00 - 18.08.2022 16:00 (CET/CEST)","n/e","n/e","n/e","n/e","n/e","n/e","n/e","n/e","n/e","n/e","n/e","n/e","n/e","3483","n/e","n/e","7","n/e","2","n/e","n/e","107"
"BZN|SE1","18.08.2022 16:00 - 18.08.2022 17:00 (CET/CEST)","n/e","n/e","n/e","n/e","n/e","n/e","n/e","n/e","n/e","n/e","n/e","n/e","n/e","3347","n/e","n/e","6","n/e","1","n/e","n/e","149"
"BZN|SE1","18.08.2022 17:00 - 18.08.2022 18:00 (CET/CEST)","n/e","n/e","n/e","n/e","n/e","n/e","n/e","n/e","n/e","n/e","n/e","n/e","n/e","3322","n/e","n/e","6","n/e","1","n/e","n/e","155"
"BZN|SE1","18.08.2022 18:00 - 18.08.2022 19:00 (CET/CEST)","n/e","n/e","n/e","n/e","n/e","n/e","n/e","n/e","n/e","n/e","n/e","n/e","n/e","3339","n/e","n/e","6","n/e","0","n/e","n/e","130"
"BZN|SE1","18.08.2022 19:00 - 18.08.2022 20:00 (CET/CEST)","n/e","n/e","n/e","n/e","n/e","n/e","n/e","n/e","n/e","n/e","n/e","n/e","n/e","3323","n/e","n/e","6","n/e","0","n/e","n/e","152"
"BZN|SE1","18.08.2022 20:00 - 18.08.2022 21:00 (CET/CEST)","n/e","n/e","n/e","n/e","n/e","n/e","n/e","n/e","n/e","n/e","n/e","n/e","n/e","3301","n/e","n/e","6","n/e","0","n/e","n/e","160"
"BZN|SE1","18.08.2022 21:00 - 18.08.2022 22:00 (CET/CEST)","n/e","n/e","n/e","n/e","n/e","n/e","n/e","n/e","n/e","n/e","n/e","n/e","n/e","3256","n/e","n/e","5","n/e","0","n/e","n/e","189"
"BZN|SE1","18.08.2022 22:00 - 18.08.2022 23:00 (CET/CEST)","n/e","n/e","n/e","n/e","n/e","n/e","n/e","n/e","n/e","n/e","n/e","n/e","n/e","3181","n/e","n/e","6","n/e","0","n/e","n/e","198"
"BZN|SE1","18.08.2022 23:00 - 19.08.2022 00:00 (CET/CEST)","n/e","n/e","n/e","n/e","n/e","n/e","n/e","n/e","n/e","n/e","n/e","n/e","n/e","3203","n/e","n/e","6","n/e","0","n/e","n/e","195"
"BZN|SE1","19.08.2022 00:00 - 19.08.2022 01:00 (CET/CEST)","n/e","n/e","n/e","n/e","n/e","n/e","n/e","n/e","n/e","n/e","n/e","n/e","n/e","3244","n/e","n/e","6","n/e","0","n/e","n/e","184"
"BZN|SE1","19.08.2022 01:00 - 19.08.2022 02:00 (CET/CEST)","n/e","n/e","n/e","n/e","n/e","n/e","n/e","n/e","n/e","n/e","n/e","n/e","n/e","3218","n/e","n/e","6","n/e","0","n/e","n/e","165"
"BZN|SE1","19.08.2022 02:00 - 19.08.2022 03:00 (CET/CEST)","n/e","n/e","n/e","n/e","n/e","n/e","n/e","n/e","n/e","n/e","n/e","n/e","n/e","3223","n/e","n/e","6","n/e","0","n/e","n/e","144"
"BZN|SE1","19.08.2022 03:00 - 19.08.2022 04:00 (CET/CEST)","n/e","n/e","n/e","n/e","n/e","n/e","n/e","n/e","n/e","n/e","n/e","n/e","n/e","3209","n/e","n/e","6","n/e","0","n/e","n/e","116"
"BZN|SE1","19.08.2022 04:00 - 19.08.2022 05:00 (CET/CEST)","n/e","n/e","n/e","n/e","n/e","n/e","n/e","n/e","n/e","n/e","n/e","n/e","n/e","3221","n/e","n/e","6","n/e","0","n/e","n/e","84"
"BZN|SE1","19.08.2022 05:00 - 19.08.2022 06:00 (CET/CEST)","n/e","n/e","n/e","n/e","n/e","n/e","n/e","n/e","n/e","n/e","n/e","n/e","n/e","3258","n/e","n/e","6","n/e","0","n/e","n/e","71"
"BZN|SE1","19.08.2022 06:00 - 19.08.2022 07:00 (CET/CEST)","n/e","n/e","n/e","n/e","n/e","n/e","n/e","n/e","n/e","n/e","n/e","n/e","n/e","3309","n/e","n/e","6","n/e","0","n/e","n/e","62"
"BZN|SE1","19.08.2022 07:00 - 19.08.2022 08:00 (CET/CEST)","n/e","n/e","n/e","n/e","n/e","n/e","n/e","n/e","n/e","n/e","n/e","n/e","n/e","3440","n/e","n/e","7","n/e","0","n/e","n/e","48"
"BZN|SE1","19.08.2022 08:00 - 19.08.2022 09:00 (CET/CEST)","n/e","n/e","n/e","n/e","n/e","n/e","n/e","n/e","n/e","n/e","n/e","n/e","n/e","3522","n/e","n/e","7","n/e","1","n/e","n/e","45"
"BZN|SE1","19.08.2022 09:00 - 19.08.2022 10:00 (CET/CEST)","n/e","n/e","n/e","n/e","n/e","n/e","n/e","n/e","n/e","n/e","n/e","n/e","n/e","3446","n/e","n/e","6","n/e","1","n/e","n/e","58"
"BZN|SE1","19.08.2022 10:00 - 19.08.2022 11:00 (CET/CEST)","n/e","n/e","n/e","n/e","n/e","n/e","n/e","n/e","n/e","n/e","n/e","n/e","n/e","3395","n/e","n/e","7","n/e","1","n/e","n/e","84"
"BZN|SE1","19.08.2022 11:00 - 19.08.2022 12:00 (CET/CEST)","n/e","n/e","n/e","n/e","n/e","n/e","n/e","n/e","n/e","n/e","n/e","n/e","n/e","3366","n/e","n/e","7","n/e","1","n/e","n/e","114"
"BZN|SE1","19.08.2022 12:00 - 19.08.2022 13:00 (CET/CEST)","n/e","n/e","n/e","n/e","n/e","n/e","n/e","n/e","n/e","n/e","n/e","n/e","n/e","3335","n/e","n/e","7","n/e","1","n/e","n/e","159"
"BZN|SE1","19.08.2022 13:00 - 19.08.2022 14:00 (CET/CEST)","n/e","n/e","n/e","n/e","n/e","n/e","n/e","n/e","n/e","n/e","n/e","n/e","n/e","3199","n/e","n/e","7","n/e","1","n/e","n/e","208"
"BZN|SE1","19.08.2022 14:00 - 19.08.2022 15:00 (CET/CEST)","n/e","n/e","n/e","n/e","n/e","n/e","n/e","n/e","n/e","n/e","n/e","n/e","n/e","3123","n/e","n/e","7","n/e","1","n/e","n/e","270"
"BZN|SE1","19.08.2022 15:00 - 19.08.2022 16:00 (CET/CEST)","n/e","n/e","n/e","n/e","n/e","n/e","n/e","n/e","n/e","n/e","n/e","n/e","n/e","3148","n/e","n/e","7","n/e","2","n/e","n/e","310"
"BZN|SE1","19.08.2022 16:00 - 19.08.2022 17:00 (CET/CEST)","n/e","n/e","n/e","n/e","n/e","n/e","n/e","n/e","n/e","n/e","n/e","n/e","n/e","3152","n/e","n/e","7","n/e","1","n/e","n/e","377"
"BZN|SE1","19.08.2022 17:00 - 19.08.2022 18:00 (CET/CEST)","n/e","n/e","n/e","n/e","n/e","n/e","n/e","n/e","n/e","n/e","n/e","n/e","n/e","3165","n/e","n/e","7","n/e","1","n/e","n/e","406"
"BZN|SE1","19.08.2022 18:00 - 19.08.2022 19:00 (CET/CEST)","n/e","n/e","n/e","n/e","n/e","n/e","n/e","n/e","n/e","n/e","n/e","n/e","n/e","3087","n/e","n/e","6","n/e","0","n/e","n/e","339"
"BZN|SE1","19.08.2022 19:00 - 19.08.2022 20:00 (CET/CEST)","n/e","n/e","n/e","n/e","n/e","n/e","n/e","n/e","n/e","n/e","n/e","n/e","n/e","3047","n/e","n/e","6","n/e","0","n/e","n/e","353"
"BZN|SE1","19.08.2022 20:00 - 19.08.2022 21:00 (CET/CEST)","n/e","n/e","n/e","n/e","n/e","n/e","n/e","n/e","n/e","n/e","n/e","n/e","n/e","2974","n/e","n/e","6","n/e","0","n/e","n/e","456"
"BZN|SE1","19.08.2022 21:00 - 19.08.2022 22:00 (CET/CEST)","n/e","n/e","n/e","n/e","n/e","n/e","n/e","n/e","n/e","n/e","n/e","n/e","n/e","2871","n/e","n/e","6","n/e","0","n/e","n/e","599"
"BZN|SE1","19.08.2022 22:00 - 19.08.2022 23:00 (CET/CEST)","n/e","n/e","n/e","n/e","n/e","n/e","n/e","n/e","n/e","n/e","n/e","n/e","n/e","2840","n/e","n/e","6","n/e","0","n/e","n/e","625"
"BZN|SE1","19.08.2022 23:00 - 20.08.2022 00:00 (CET/CEST)","n/e","n/e","n/e","n/e","n/e","n/e","n/e","n/e","n/e","n/e","n/e","n/e","n/e","2862","n/e","n/e","6","n/e","0","n/e","n/e","643"
"BZN|SE1","20.08.2022 00:00 - 20.08.2022 01:00 (CET/CEST)","n/e","n/e","n/e","n/e","n/e","n/e","n/e","n/e","n/e","n/e","n/e","n/e","n/e","2945","n/e","n/e","6","n/e","0","n/e","n/e","530"
"BZN|SE1","20.08.2022 01:00 - 20.08.2022 02:00 (CET/CEST)","n/e","n/e","n/e","n/e","n/e","n/e","n/e","n/e","n/e","n/e","n/e","n/e","n/e","2949","n/e","n/e","6","n/e","0","n/e","n/e","445"
"BZN|SE1","20.08.2022 02:00 - 20.08.2022 03:00 (CET/CEST)","n/e","n/e","n/e","n/e","n/e","n/e","n/e","n/e","n/e","n/e","n/e","n/e","n/e","2928","n/e","n/e","6","n/e","0","n/e","n/e","309"
"BZN|SE1","20.08.2022 03:00 - 20.08.2022 04:00 (CET/CEST)","n/e","n/e","n/e","n/e","n/e","n/e","n/e","n/e","n/e","n/e","n/e","n/e","n/e","2937","n/e","n/e","6","n/e","0","n/e","n/e","210"
"BZN|SE1","20.08.2022 04:00 - 20.08.2022 05:00 (CET/CEST)","n/e","n/e","n/e","n/e","n/e","n/e","n/e","n/e","n/e","n/e","n/e","n/e","n/e","2920","n/e","n/e","6","n/e","0","n/e","n/e","179"
"BZN|SE1","20.08.2022 05:00 - 20.08.2022 06:00 (CET/CEST)","n/e","n/e","n/e","n/e","n/e","n/e","n/e","n/e","n/e","n/e","n/e","n/e","n/e","3022","n/e","n/e","6","n/e","0","n/e","n/e","169"
"BZN|SE1","20.08.2022 06:00 - 20.08.2022 07:00 (CET/CEST)","n/e","n/e","n/e","n/e","n/e","n/e","n/e","n/e","n/e","n/e","n/e","n/e","n/e","3071","n/e","n/e","6","n/e","0","n/e","n/e","189"
"BZN|SE1","20.08.2022 07:00 - 20.08.2022 08:00 (CET/CEST)","n/e","n/e","n/e","n/e","n/e","n/e","n/e","n/e","n/e","n/e","n/e","n/e","n/e","3214","n/e","n/e","6","n/e","0","n/e","n/e","176"
"BZN|SE1","20.08.2022 08:00 - 20.08.2022 09:00 (CET/CEST)","n/e","n/e","n/e","n/e","n/e","n/e","n/e","n/e","n/e","n/e","n/e","n/e","n/e","3158","n/e","n/e","6","n/e","0","n/e","n/e","237"
"BZN|SE1","20.08.2022 09:00 - 20.08.2022 10:00 (CET/CEST)","n/e","n/e","n/e","n/e","n/e","n/e","n/e","n/e","n/e","n/e","n/e","n/e","n/e","3175","n/e","n/e","6","n/e","0","n/e","n/e","320"
"BZN|SE1","20.08.2022 10:00 - 20.08.2022 11:00 (CET/CEST)","n/e","n/e","n/e","n/e","n/e","n/e","n/e","n/e","n/e","n/e","n/e","n/e","n/e","3119","n/e","n/e","6","n/e","1","n/e","n/e","480"
"BZN|SE1","20.08.2022 11:00 - 20.08.2022 12:00 (CET/CEST)","n/e","n/e","n/e","n/e","n/e","n/e","n/e","n/e","n/e","n/e","n/e","n/e","n/e","3090","n/e","n/e","7","n/e","1","n/e","n/e","680"
"BZN|SE1","20.08.2022 12:00 - 20.08.2022 13:00 (CET/CEST)","n/e","n/e","n/e","n/e","n/e","n/e","n/e","n/e","n/e","n/e","n/e","n/e","n/e","3003","n/e","n/e","7","n/e","2","n/e","n/e","791"
"BZN|SE1","20.08.2022 13:00 - 20.08.2022 14:00 (CET/CEST)","n/e","n/e","n/e","n/e","n/e","n/e","n/e","n/e","n/e","n/e","n/e","n/e","n/e","2876","n/e","n/e","7","n/e","2","n/e","n/e","850"
"BZN|SE1","20.08.2022 14:00 - 20.08.2022 15:00 (CET/CEST)","n/e","n/e","n/e","n/e","n/e","n/e","n/e","n/e","n/e","n/e","n/e","n/e","n/e","2490","n/e","n/e","7","n/e","2","n/e","n/e","987"
"BZN|SE1","20.08.2022 15:00 - 20.08.2022 16:00 (CET/CEST)","n/e","n/e","n/e","n/e","n/e","n/e","n/e","n/e","n/e","n/e","n/e","n/e","n/e","2280","n/e","n/e","7","n/e","2","n/e","n/e","1187"
"BZN|SE1","20.08.2022 16:00 - 20.08.2022 17:00 (CET/CEST)","n/e","n/e","n/e","n/e","n/e","n/e","n/e","n/e","n/e","n/e","n/e","n/e","n/e","2280","n/e","n/e","7","n/e","1","n/e","n/e","1233"
"BZN|SE1","20.08.2022 17:00 - 20.08.2022 18:00 (CET/CEST)","n/e","n/e","n/e","n/e","n/e","n/e","n/e","n/e","n/e","n/e","n/e","n/e","n/e","2205","n/e","n/e","7","n/e","0","n/e","n/e","1182"
"BZN|SE1","20.08.2022 18:00 - 20.08.2022 19:00 (CET/CEST)","n/e","n/e","n/e","n/e","n/e","n/e","n/e","n/e","n/e","n/e","n/e","n/e","n/e","2191","n/e","n/e","7","n/e","0","n/e","n/e","1156"
"BZN|SE1","20.08.2022 19:00 - 20.08.2022 20:00 (CET/CEST)","n/e","n/e","n/e","n/e","n/e","n/e","n/e","n/e","n/e","n/e","n/e","n/e","n/e","2137","n/e","n/e","6","n/e","0","n/e","n/e","1113"
"BZN|SE1","20.08.2022 20:00 - 20.08.2022 21:00 (CET/CEST)","n/e","n/e","n/e","n/e","n/e","n/e","n/e","n/e","n/e","n/e","n/e","n/e","n/e","2138","n/e","n/e","6","n/e","0","n/e","n/e","1172"
"BZN|SE1","20.08.2022 21:00 - 20.08.2022 22:00 (CET/CEST)","n/e","n/e","n/e","n/e","n/e","n/e","n/e","n/e","n/e","n/e","n/e","n/e","n/e","2142","n/e","n/e","6","n/e","0","n/e","n/e","1096"
"BZN|SE1","20.08.2022 22:00 - 20.08.2022 23:00 (CET/CEST)","n/e","n/e","n/e","n/e","n/e","n/e","n/e","n/e","n/e","n/e","n/e","n/e","n/e","2104","n/e","n/e","6","n/e","0","n/e","n/e","1213"
"BZN|SE1","20.08.2022 23:00 - 21.08.2022 00:00 (CET/CEST)","n/e","n/e","n/e","n/e","n/e","n/e","n/e","n/e","n/e","n/e","n/e","n/e","n/e","2127","n/e","n/e","6","n/e","0","n/e","n/e","1246"
"BZN|SE1","21.08.2022 00:00 - 21.08.2022 01:00 (CET/CEST)","n/e","n/e","n/e","n/e","n/e","n/e","n/e","n/e","n/e","n/e","n/e","n/e","n/e","1940","n/e","n/e","5","n/e","0","n/e","n/e","1270"
"BZN|SE1","21.08.2022 01:00 - 21.08.2022 02:00 (CET/CEST)","n/e","n/e","n/e","n/e","n/e","n/e","n/e","n/e","n/e","n/e","n/e","n/e","n/e","1820","n/e","n/e","5","n/e","0","n/e","n/e","1279"
"BZN|SE1","21.08.2022 02:00 - 21.08.2022 03:00 (CET/CEST)","n/e","n/e","n/e","n/e","n/e","n/e","n/e","n/e","n/e","n/e","n/e","n/e","n/e","1820","n/e","n/e","5","n/e","0","n/e","n/e","1236"
"BZN|SE1","21.08.2022 03:00 - 21.08.2022 04:00 (CET/CEST)","n/e","n/e","n/e","n/e","n/e","n/e","n/e","n/e","n/e","n/e","n/e","n/e","n/e","1817","n/e","n/e","5","n/e","0","n/e","n/e","1130"
"BZN|SE1","21.08.2022 04:00 - 21.08.2022 05:00 (CET/CEST)","n/e","n/e","n/e","n/e","n/e","n/e","n/e","n/e","n/e","n/e","n/e","n/e","n/e","1866","n/e","n/e","5","n/e","0","n/e","n/e","1038"
"BZN|SE1","21.08.2022 05:00 - 21.08.2022 06:00 (CET/CEST)","n/e","n/e","n/e","n/e","n/e","n/e","n/e","n/e","n/e","n/e","n/e","n/e","n/e","1987","n/e","n/e","5","n/e","0","n/e","n/e","904"
"BZN|SE1","21.08.2022 06:00 - 21.08.2022 07:00 (CET/CEST)","n/e","n/e","n/e","n/e","n/e","n/e","n/e","n/e","n/e","n/e","n/e","n/e","n/e","2172","n/e","n/e","5","n/e","0","n/e","n/e","850"
"BZN|SE1","21.08.2022 07:00 - 21.08.2022 08:00 (CET/CEST)","n/e","n/e","n/e","n/e","n/e","n/e","n/e","n/e","n/e","n/e","n/e","n/e","n/e","2327","n/e","n/e","5","n/e","0","n/e","n/e","769"
"BZN|SE1","21.08.2022 08:00 - 21.08.2022 09:00 (CET/CEST)","n/e","n/e","n/e","n/e","n/e","n/e","n/e","n/e","n/e","n/e","n/e","n/e","n/e","2421","n/e","n/e","6","n/e","0","n/e","n/e","732"
"BZN|SE1","21.08.2022 09:00 - 21.08.2022 10:00 (CET/CEST)","n/e","n/e","n/e","n/e","n/e","n/e","n/e","n/e","n/e","n/e","n/e","n/e","n/e","2446","n/e","n/e","5","n/e","0","n/e","n/e","696"
"BZN|SE1","21.08.2022 10:00 - 21.08.2022 11:00 (CET/CEST)","n/e","n/e","n/e","n/e","n/e","n/e","n/e","n/e","n/e","n/e","n/e","n/e","n/e","2451","n/e","n/e","6","n/e","0","n/e","n/e","573"
"BZN|SE1","21.08.2022 11:00 - 21.08.2022 12:00 (CET/CEST)","n/e","n/e","n/e","n/e","n/e","n/e","n/e","n/e","n/e","n/e","n/e","n/e","n/e","2485","n/e","n/e","6","n/e","0","n/e","n/e","519"
"BZN|SE1","21.08.2022 12:00 - 21.08.2022 13:00 (CET/CEST)","n/e","n/e","n/e","n/e","n/e","n/e","n/e","n/e","n/e","n/e","n/e","n/e","n/e","2485","n/e","n/e","6","n/e","0","n/e","n/e","482"
"BZN|SE1","21.08.2022 13:00 - 21.08.2022 14:00 (CET/CEST)","n/e","n/e","n/e","n/e","n/e","n/e","n/e","n/e","n/e","n/e","n/e","n/e","n/e","2526","n/e","n/e","6","n/e","0","n/e","n/e","513"
"BZN|SE1","21.08.2022 14:00 - 21.08.2022 15:00 (CET/CEST)","n/e","n/e","n/e","n/e","n/e","n/e","n/e","n/e","n/e","n/e","n/e","n/e","n/e","2680","n/e","n/e","6","n/e","0","n/e","n/e","560"
"BZN|SE1","21.08.2022 15:00 - 21.08.2022 16:00 (CET/CEST)","n/e","n/e","n/e","n/e","n/e","n/e","n/e","n/e","n/e","n/e","n/e","n/e","n/e","2698","n/e","n/e","6","n/e","0","n/e","n/e","638"
"BZN|SE1","21.08.2022 16:00 - 21.08.2022 17:00 (CET/CEST)","n/e","n/e","n/e","n/e","n/e","n/e","n/e","n/e","n/e","n/e","n/e","n/e","n/e","2753","n/e","n/e","6","n/e","0","n/e","n/e","626"
"BZN|SE1","21.08.2022 17:00 - 21.08.2022 18:00 (CET/CEST)","n/e","n/e","n/e","n/e","n/e","n/e","n/e","n/e","n/e","n/e","n/e","n/e","n/e","3240","n/e","n/e","6","n/e","0","n/e","n/e","700"
"BZN|SE1","21.08.2022 18:00 - 21.08.2022 19:00 (CET/CEST)","n/e","n/e","n/e","n/e","n/e","n/e","n/e","n/e","n/e","n/e","n/e","n/e","n/e","3422","n/e","n/e","5","n/e","0","n/e","n/e","727"
"BZN|SE1","21.08.2022 19:00 - 21.08.2022 20:00 (CET/CEST)","n/e","n/e","n/e","n/e","n/e","n/e","n/e","n/e","n/e","n/e","n/e","n/e","n/e","3327","n/e","n/e","5","n/e","0","n/e","n/e","697"
"BZN|SE1","21.08.2022 20:00 - 21.08.2022 21:00 (CET/CEST)","n/e","n/e","n/e","n/e","n/e","n/e","n/e","n/e","n/e","n/e","n/e","n/e","n/e","3274","n/e","n/e","5","n/e","0","n/e","n/e","760"
"BZN|SE1","21.08.2022 21:00 - 21.08.2022 22:00 (CET/CEST)","n/e","n/e","n/e","n/e","n/e","n/e","n/e","n/e","n/e","n/e","n/e","n/e","n/e","3252","n/e","n/e","5","n/e","0","n/e","n/e","797"
"BZN|SE1","21.08.2022 22:00 - 21.08.2022 23:00 (CET/CEST)","n/e","n/e","n/e","n/e","n/e","n/e","n/e","n/e","n/e","n/e","n/e","n/e","n/e","3139","n/e","n/e","6","n/e","0","n/e","n/e","809"
"BZN|SE1","21.08.2022 23:00 - 22.08.2022 00:00 (CET/CEST)","n/e","n/e","n/e","n/e","n/e","n/e","n/e","n/e","n/e","n/e","n/e","n/e","n/e","2531","n/e","n/e","6","n/e","0","n/e","n/e","640"
"BZN|SE1","22.08.2022 00:00 - 22.08.2022 01:00 (CET/CEST)","n/e","n/e","n/e","n/e","n/e","n/e","n/e","n/e","n/e","n/e","n/e","n/e","n/e","2893","n/e","n/e","5","n/e","0","n/e","n/e","676"
"BZN|SE1","22.08.2022 01:00 - 22.08.2022 02:00 (CET/CEST)","n/e","n/e","n/e","n/e","n/e","n/e","n/e","n/e","n/e","n/e","n/e","n/e","n/e","2747","n/e","n/e","5","n/e","0","n/e","n/e","646"
"BZN|SE1","22.08.2022 02:00 - 22.08.2022 03:00 (CET/CEST)","n/e","n/e","n/e","n/e","n/e","n/e","n/e","n/e","n/e","n/e","n/e","n/e","n/e","2731","n/e","n/e","5","n/e","0","n/e","n/e","600"
"BZN|SE1","22.08.2022 03:00 - 22.08.2022 04:00 (CET/CEST)","n/e","n/e","n/e","n/e","n/e","n/e","n/e","n/e","n/e","n/e","n/e","n/e","n/e","2721","n/e","n/e","5","n/e","0","n/e","n/e","515"
"BZN|SE1","22.08.2022 04:00 - 22.08.2022 05:00 (CET/CEST)","n/e","n/e","n/e","n/e","n/e","n/e","n/e","n/e","n/e","n/e","n/e","n/e","n/e","2703","n/e","n/e","5","n/e","0","n/e","n/e","527"
"BZN|SE1","22.08.2022 05:00 - 22.08.2022 06:00 (CET/CEST)","n/e","n/e","n/e","n/e","n/e","n/e","n/e","n/e","n/e","n/e","n/e","n/e","n/e","2966","n/e","n/e","5","n/e","0","n/e","n/e","557"
"BZN|SE1","22.08.2022 06:00 - 22.08.2022 07:00 (CET/CEST)","n/e","n/e","n/e","n/e","n/e","n/e","n/e","n/e","n/e","n/e","n/e","n/e","n/e","2990","n/e","n/e","5","n/e","0","n/e","n/e","603"
"BZN|SE1","22.08.2022 07:00 - 22.08.2022 08:00 (CET/CEST)","n/e","n/e","n/e","n/e","n/e","n/e","n/e","n/e","n/e","n/e","n/e","n/e","n/e","3195","n/e","n/e","5","n/e","0","n/e","n/e","661"
"BZN|SE1","22.08.2022 08:00 - 22.08.2022 09:00 (CET/CEST)","n/e","n/e","n/e","n/e","n/e","n/e","n/e","n/e","n/e","n/e","n/e","n/e","n/e","3298","n/e","n/e","6","n/e","1","n/e","n/e","665"
"BZN|SE1","22.08.2022 09:00 - 22.08.2022 10:00 (CET/CEST)","n/e","n/e","n/e","n/e","n/e","n/e","n/e","n/e","n/e","n/e","n/e","n/e","n/e","3373","n/e","n/e","6","n/e","1","n/e","n/e","820"
"BZN|SE1","22.08.2022 10:00 - 22.08.2022 11:00 (CET/CEST)","n/e","n/e","n/e","n/e","n/e","n/e","n/e","n/e","n/e","n/e","n/e","n/e","n/e","3259","n/e","n/e","6","n/e","2","n/e","n/e","904"
"BZN|SE1","22.08.2022 11:00 - 22.08.2022 12:00 (CET/CEST)","n/e","n/e","n/e","n/e","n/e","n/e","n/e","n/e","n/e","n/e","n/e","n/e","n/e","3134","n/e","n/e","6","n/e","2","n/e","n/e","1111"
"BZN|SE1","22.08.2022 12:00 - 22.08.2022 13:00 (CET/CEST)","n/e","n/e","n/e","n/e","n/e","n/e","n/e","n/e","n/e","n/e","n/e","n/e","n/e","3025","n/e","n/e","6","n/e","2","n/e","n/e","1163"
"BZN|SE1","22.08.2022 13:00 - 22.08.2022 14:00 (CET/CEST)","n/e","n/e","n/e","n/e","n/e","n/e","n/e","n/e","n/e","n/e","n/e","n/e","n/e","3024","n/e","n/e","6","n/e","3","n/e","n/e","1246"
"BZN|SE1","22.08.2022 14:00 - 22.08.2022 15:00 (CET/CEST)","n/e","n/e","n/e","n/e","n/e","n/e","n/e","n/e","n/e","n/e","n/e","n/e","n/e","2968","n/e","n/e","6","n/e","3","n/e","n/e","1267"
"BZN|SE1","22.08.2022 15:00 - 22.08.2022 16:00 (CET/CEST)","n/e","n/e","n/e","n/e","n/e","n/e","n/e","n/e","n/e","n/e","n/e","n/e","n/e","3068","n/e","n/e","6","n/e","2","n/e","n/e","1328"
"BZN|SE1","22.08.2022 16:00 - 22.08.2022 17:00 (CET/CEST)","n/e","n/e","n/e","n/e","n/e","n/e","n/e","n/e","n/e","n/e","n/e","n/e","n/e","3031","n/e","n/e","6","n/e","2","n/e","n/e","1353"
"BZN|SE1","22.08.2022 17:00 - 22.08.2022 18:00 (CET/CEST)","n/e","n/e","n/e","n/e","n/e","n/e","n/e","n/e","n/e","n/e","n/e","n/e","n/e","3156","n/e","n/e","6","n/e","1","n/e","n/e","1378"
"BZN|SE1","22.08.2022 18:00 - 22.08.2022 19:00 (CET/CEST)","n/e","n/e","n/e","n/e","n/e","n/e","n/e","n/e","n/e","n/e","n/e","n/e","n/e","3226","n/e","n/e","5","n/e","0","n/e","n/e","1366"
"BZN|SE1","22.08.2022 19:00 - 22.08.2022 20:00 (CET/CEST)","n/e","n/e","n/e","n/e","n/e","n/e","n/e","n/e","n/e","n/e","n/e","n/e","n/e","3281","n/e","n/e","5","n/e","0","n/e","n/e","1406"
"BZN|SE1","22.08.2022 20:00 - 22.08.2022 21:00 (CET/CEST)","n/e","n/e","n/e","n/e","n/e","n/e","n/e","n/e","n/e","n/e","n/e","n/e","n/e","3289","n/e","n/e","5","n/e","0","n/e","n/e","1376"
"BZN|SE1","22.08.2022 21:00 - 22.08.2022 22:00 (CET/CEST)","n/e","n/e","n/e","n/e","n/e","n/e","n/e","n/e","n/e","n/e","n/e","n/e","n/e","3300","n/e","n/e","4","n/e","0","n/e","n/e","1418"
"BZN|SE1","22.08.2022 22:00 - 22.08.2022 23:00 (CET/CEST)","n/e","n/e","n/e","n/e","n/e","n/e","n/e","n/e","n/e","n/e","n/e","n/e","n/e","3324","n/e","n/e","5","n/e","0","n/e","n/e","1299"
"BZN|SE1","22.08.2022 23:00 - 23.08.2022 00:00 (CET/CEST)","n/e","n/e","n/e","n/e","n/e","n/e","n/e","n/e","n/e","n/e","n/e","n/e","n/e","3337","n/e","n/e","5","n/e","0","n/e","n/e","1398"
"BZN|SE1","23.08.2022 00:00 - 23.08.2022 01:00 (CET/CEST)","n/e","n/e","n/e","n/e","n/e","n/e","n/e","n/e","n/e","n/e","n/e","n/e","n/e","3501","n/e","n/e","5","n/e","0","n/e","n/e","1288"
"BZN|SE1","23.08.2022 01:00 - 23.08.2022 02:00 (CET/CEST)","n/e","n/e","n/e","n/e","n/e","n/e","n/e","n/e","n/e","n/e","n/e","n/e","n/e","3488","n/e","n/e","5","n/e","0","n/e","n/e","1227"
"BZN|SE1","23.08.2022 02:00 - 23.08.2022 03:00 (CET/CEST)","n/e","n/e","n/e","n/e","n/e","n/e","n/e","n/e","n/e","n/e","n/e","n/e","n/e","3490","n/e","n/e","5","n/e","0","n/e","n/e","1181"
"BZN|SE1","23.08.2022 03:00 - 23.08.2022 04:00 (CET/CEST)","n/e","n/e","n/e","n/e","n/e","n/e","n/e","n/e","n/e","n/e","n/e","n/e","n/e","3487","n/e","n/e","5","n/e","0","n/e","n/e","1190"
"BZN|SE1","23.08.2022 04:00 - 23.08.2022 05:00 (CET/CEST)","n/e","n/e","n/e","n/e","n/e","n/e","n/e","n/e","n/e","n/e","n/e","n/e","n/e","3496","n/e","n/e","5","n/e","0","n/e","n/e","1177"
"BZN|SE1","23.08.2022 05:00 - 23.08.2022 06:00 (CET/CEST)","n/e","n/e","n/e","n/e","n/e","n/e","n/e","n/e","n/e","n/e","n/e","n/e","n/e","3518","n/e","n/e","5","n/e","0","n/e","n/e","1134"
"BZN|SE1","23.08.2022 06:00 - 23.08.2022 07:00 (CET/CEST)","n/e","n/e","n/e","n/e","n/e","n/e","n/e","n/e","n/e","n/e","n/e","n/e","n/e","3653","n/e","n/e","5","n/e","0","n/e","n/e","1028"
"BZN|SE1","23.08.2022 07:00 - 23.08.2022 08:00 (CET/CEST)","n/e","n/e","n/e","n/e","n/e","n/e","n/e","n/e","n/e","n/e","n/e","n/e","n/e","3632","n/e","n/e","5","n/e","0","n/e","n/e","788"
"BZN|SE1","23.08.2022 08:00 - 23.08.2022 09:00 (CET/CEST)","n/e","n/e","n/e","n/e","n/e","n/e","n/e","n/e","n/e","n/e","n/e","n/e","n/e","3766","n/e","n/e","6","n/e","1","n/e","n/e","509"
"BZN|SE1","23.08.2022 09:00 - 23.08.2022 10:00 (CET/CEST)","n/e","n/e","n/e","n/e","n/e","n/e","n/e","n/e","n/e","n/e","n/e","n/e","n/e","3613","n/e","n/e","6","n/e","2","n/e","n/e","460"
"BZN|SE1","23.08.2022 10:00 - 23.08.2022 11:00 (CET/CEST)","n/e","n/e","n/e","n/e","n/e","n/e","n/e","n/e","n/e","n/e","n/e","n/e","n/e","3634","n/e","n/e","6","n/e","2","n/e","n/e","474"
"BZN|SE1","23.08.2022 11:00 - 23.08.2022 12:00 (CET/CEST)","n/e","n/e","n/e","n/e","n/e","n/e","n/e","n/e","n/e","n/e","n/e","n/e","n/e","3654","n/e","n/e","6","n/e","3","n/e","n/e","560"
"BZN|SE1","23.08.2022 12:00 - 23.08.2022 13:00 (CET/CEST)","n/e","n/e","n/e","n/e","n/e","n/e","n/e","n/e","n/e","n/e","n/e","n/e","n/e","3642","n/e","n/e","7","n/e","3","n/e","n/e","622"
"BZN|SE1","23.08.2022 13:00 - 23.08.2022 14:00 (CET/CEST)","n/e","n/e","n/e","n/e","n/e","n/e","n/e","n/e","n/e","n/e","n/e","n/e","n/e","3568","n/e","n/e","7","n/e","3","n/e","n/e","690"
"BZN|SE1","23.08.2022 14:00 - 23.08.2022 15:00 (CET/CEST)","n/e","n/e","n/e","n/e","n/e","n/e","n/e","n/e","n/e","n/e","n/e","n/e","n/e","3581","n/e","n/e","7","n/e","3","n/e","n/e","784"
"BZN|SE1","23.08.2022 15:00 - 23.08.2022 16:00 (CET/CEST)","n/e","n/e","n/e","n/e","n/e","n/e","n/e","n/e","n/e","n/e","n/e","n/e","n/e","3565","n/e","n/e","6","n/e","2","n/e","n/e","777"
"BZN|SE1","23.08.2022 16:00 - 23.08.2022 17:00 (CET/CEST)","n/e","n/e","n/e","n/e","n/e","n/e","n/e","n/e","n/e","n/e","n/e","n/e","n/e","3613","n/e","n/e","6","n/e","1","n/e","n/e","626"
"BZN|SE1","23.08.2022 17:00 - 23.08.2022 18:00 (CET/CEST)","n/e","n/e","n/e","n/e","n/e","n/e","n/e","n/e","n/e","n/e","n/e","n/e","n/e","3592","n/e","n/e","6","n/e","1","n/e","n/e","496"
"BZN|SE1","23.08.2022 18:00 - 23.08.2022 19:00 (CET/CEST)","n/e","n/e","n/e","n/e","n/e","n/e","n/e","n/e","n/e","n/e","n/e","n/e","n/e","3596","n/e","n/e","6","n/e","0","n/e","n/e","357"
"BZN|SE1","23.08.2022 19:00 - 23.08.2022 20:00 (CET/CEST)","n/e","n/e","n/e","n/e","n/e","n/e","n/e","n/e","n/e","n/e","n/e","n/e","n/e","3591","n/e","n/e","5","n/e","0","n/e","n/e","293"
"BZN|SE1","23.08.2022 20:00 - 23.08.2022 21:00 (CET/CEST)","n/e","n/e","n/e","n/e","n/e","n/e","n/e","n/e","n/e","n/e","n/e","n/e","n/e","3629","n/e","n/e","5","n/e","0","n/e","n/e","239"
"BZN|SE1","23.08.2022 21:00 - 23.08.2022 22:00 (CET/CEST)","n/e","n/e","n/e","n/e","n/e","n/e","n/e","n/e","n/e","n/e","n/e","n/e","n/e","3611","n/e","n/e","5","n/e","0","n/e","n/e","214"
"BZN|SE1","23.08.2022 22:00 - 23.08.2022 23:00 (CET/CEST)","n/e","n/e","n/e","n/e","n/e","n/e","n/e","n/e","n/e","n/e","n/e","n/e","n/e","3544","n/e","n/e","5","n/e","0","n/e","n/e","199"
"BZN|SE1","23.08.2022 23:00 - 24.08.2022 00:00 (CET/CEST)","n/e","n/e","n/e","n/e","n/e","n/e","n/e","n/e","n/e","n/e","n/e","n/e","n/e","3499","n/e","n/e","5","n/e","0","n/e","n/e","151"
"BZN|SE1","24.08.2022 00:00 - 24.08.2022 01:00 (CET/CEST)","n/e","n/e","n/e","n/e","n/e","n/e","n/e","n/e","n/e","n/e","n/e","n/e","n/e","3547","n/e","n/e","5","n/e","0","n/e","n/e","119"
"BZN|SE1","24.08.2022 01:00 - 24.08.2022 02:00 (CET/CEST)","n/e","n/e","n/e","n/e","n/e","n/e","n/e","n/e","n/e","n/e","n/e","n/e","n/e","3595","n/e","n/e","5","n/e","0","n/e","n/e","70"
"BZN|SE1","24.08.2022 02:00 - 24.08.2022 03:00 (CET/CEST)","n/e","n/e","n/e","n/e","n/e","n/e","n/e","n/e","n/e","n/e","n/e","n/e","n/e","3582","n/e","n/e","5","n/e","0","n/e","n/e","61"
"BZN|SE1","24.08.2022 03:00 - 24.08.2022 04:00 (CET/CEST)","n/e","n/e","n/e","n/e","n/e","n/e","n/e","n/e","n/e","n/e","n/e","n/e","n/e","3579","n/e","n/e","5","n/e","0","n/e","n/e","67"
"BZN|SE1","24.08.2022 04:00 - 24.08.2022 05:00 (CET/CEST)","n/e","n/e","n/e","n/e","n/e","n/e","n/e","n/e","n/e","n/e","n/e","n/e","n/e","3563","n/e","n/e","5","n/e","0","n/e","n/e","90"
"BZN|SE1","24.08.2022 05:00 - 24.08.2022 06:00 (CET/CEST)","n/e","n/e","n/e","n/e","n/e","n/e","n/e","n/e","n/e","n/e","n/e","n/e","n/e","3573","n/e","n/e","5","n/e","0","n/e","n/e","110"
"BZN|SE1","24.08.2022 06:00 - 24.08.2022 07:00 (CET/CEST)","n/e","n/e","n/e","n/e","n/e","n/e","n/e","n/e","n/e","n/e","n/e","n/e","n/e","3566","n/e","n/e","5","n/e","0","n/e","n/e","119"
"BZN|SE1","24.08.2022 07:00 - 24.08.2022 08:00 (CET/CEST)","n/e","n/e","n/e","n/e","n/e","n/e","n/e","n/e","n/e","n/e","n/e","n/e","n/e","3575","n/e","n/e","5","n/e","0","n/e","n/e","123"
"BZN|SE1","24.08.2022 08:00 - 24.08.2022 09:00 (CET/CEST)","n/e","n/e","n/e","n/e","n/e","n/e","n/e","n/e","n/e","n/e","n/e","n/e","n/e","3607","n/e","n/e","5","n/e","1","n/e","n/e","84"
"BZN|SE1","24.08.2022 09:00 - 24.08.2022 10:00 (CET/CEST)","n/e","n/e","n/e","n/e","n/e","n/e","n/e","n/e","n/e","n/e","n/e","n/e","n/e","3761","n/e","n/e","5","n/e","1","n/e","n/e","53"
"BZN|SE1","24.08.2022 10:00 - 24.08.2022 11:00 (CET/CEST)","n/e","n/e","n/e","n/e","n/e","n/e","n/e","n/e","n/e","n/e","n/e","n/e","n/e","3672","n/e","n/e","6","n/e","1","n/e","n/e","35"
"BZN|SE1","24.08.2022 11:00 - 24.08.2022 12:00 (CET/CEST)","n/e","n/e","n/e","n/e","n/e","n/e","n/e","n/e","n/e","n/e","n/e","n/e","n/e","3699","n/e","n/e","6","n/e","2","n/e","n/e","30"
"BZN|SE1","24.08.2022 12:00 - 24.08.2022 13:00 (CET/CEST)","n/e","n/e","n/e","n/e","n/e","n/e","n/e","n/e","n/e","n/e","n/e","n/e","n/e","3748","n/e","n/e","6","n/e","2","n/e","n/e","26"
"BZN|SE1","24.08.2022 13:00 - 24.08.2022 14:00 (CET/CEST)","n/e","n/e","n/e","n/e","n/e","n/e","n/e","n/e","n/e","n/e","n/e","n/e","n/e","3639","n/e","n/e","6","n/e","2","n/e","n/e","23"
"BZN|SE1","24.08.2022 14:00 - 24.08.2022 15:00 (CET/CEST)","n/e","n/e","n/e","n/e","n/e","n/e","n/e","n/e","n/e","n/e","n/e","n/e","n/e","3618","n/e","n/e","6","n/e","2","n/e","n/e","16"
"BZN|SE1","24.08.2022 15:00 - 24.08.2022 16:00 (CET/CEST)","n/e","n/e","n/e","n/e","n/e","n/e","n/e","n/e","n/e","n/e","n/e","n/e","n/e","3587","n/e","n/e","6","n/e","1","n/e","n/e","20"
"BZN|SE1","24.08.2022 16:00 - 24.08.2022 17:00 (CET/CEST)","n/e","n/e","n/e","n/e","n/e","n/e","n/e","n/e","n/e","n/e","n/e","n/e","n/e","3614","n/e","n/e","5","n/e","1","n/e","n/e","21"
"BZN|SE1","24.08.2022 17:00 - 24.08.2022 18:00 (CET/CEST)","n/e","n/e","n/e","n/e","n/e","n/e","n/e","n/e","n/e","n/e","n/e","n/e","n/e","3606","n/e","n/e","5","n/e","1","n/e","n/e","30"
"BZN|SE1","24.08.2022 18:00 - 24.08.2022 19:00 (CET/CEST)","n/e","n/e","n/e","n/e","n/e","n/e","n/e","n/e","n/e","n/e","n/e","n/e","n/e","3498","n/e","n/e","5","n/e","0","n/e","n/e","53"
"BZN|SE1","24.08.2022 19:00 - 24.08.2022 20:00 (CET/CEST)","n/e","n/e","n/e","n/e","n/e","n/e","n/e","n/e","n/e","n/e","n/e","n/e","n/e","3465","n/e","n/e","5","n/e","0","n/e","n/e","112"
"BZN|SE1","24.08.2022 20:00 - 24.08.2022 21:00 (CET/CEST)","n/e","n/e","n/e","n/e","n/e","n/e","n/e","n/e","n/e","n/e","n/e","n/e","n/e","3455","n/e","n/e","5","n/e","0","n/e","n/e","196"
"BZN|SE1","24.08.2022 21:00 - 24.08.2022 22:00 (CET/CEST)","n/e","n/e","n/e","n/e","n/e","n/e","n/e","n/e","n/e","n/e","n/e","n/e","n/e","2690","n/e","n/e","5","n/e","0","n/e","n/e","244"
"BZN|SE1","24.08.2022 22:00 - 24.08.2022 23:00 (CET/CEST)","n/e","n/e","n/e","n/e","n/e","n/e","n/e","n/e","n/e","n/e","n/e","n/e","n/e","2684","n/e","n/e","5","n/e","0","n/e","n/e","338"
"BZN|SE1","24.08.2022 23:00 - 25.08.2022 00:00 (CET/CEST)","n/e","n/e","n/e","n/e","n/e","n/e","n/e","n/e","n/e","n/e","n/e","n/e","n/e","2629","n/e","n/e","5","n/e","0","n/e","n/e","470"
"BZN|SE1","25.08.2022 00:00 - 25.08.2022 01:00 (CET/CEST)","n/e","n/e","n/e","n/e","n/e","n/e","n/e","n/e","n/e","n/e","n/e","n/e","n/e","2565","n/e","n/e","6","n/e","0","n/e","n/e","591"
"BZN|SE1","25.08.2022 01:00 - 25.08.2022 02:00 (CET/CEST)","n/e","n/e","n/e","n/e","n/e","n/e","n/e","n/e","n/e","n/e","n/e","n/e","n/e","2558","n/e","n/e","6","n/e","0","n/e","n/e","720"
"BZN|SE1","25.08.2022 02:00 - 25.08.2022 03:00 (CET/CEST)","n/e","n/e","n/e","n/e","n/e","n/e","n/e","n/e","n/e","n/e","n/e","n/e","n/e","2559","n/e","n/e","6","n/e","0","n/e","n/e","818"
"BZN|SE1","25.08.2022 03:00 - 25.08.2022 04:00 (CET/CEST)","n/e","n/e","n/e","n/e","n/e","n/e","n/e","n/e","n/e","n/e","n/e","n/e","n/e","2561","n/e","n/e","6","n/e","0","n/e","n/e","828"
"BZN|SE1","25.08.2022 04:00 - 25.08.2022 05:00 (CET/CEST)","n/e","n/e","n/e","n/e","n/e","n/e","n/e","n/e","n/e","n/e","n/e","n/e","n/e","2540","n/e","n/e","6","n/e","0","n/e","n/e","868"
"BZN|SE1","25.08.2022 05:00 - 25.08.2022 06:00 (CET/CEST)","n/e","n/e","n/e","n/e","n/e","n/e","n/e","n/e","n/e","n/e","n/e","n/e","n/e","3122","n/e","n/e","6","n/e","0","n/e","n/e","883"
"BZN|SE1","25.08.2022 06:00 - 25.08.2022 07:00 (CET/CEST)","n/e","n/e","n/e","n/e","n/e","n/e","n/e","n/e","n/e","n/e","n/e","n/e","n/e","3158","n/e","n/e","6","n/e","0","n/e","n/e","752"
"BZN|SE1","25.08.2022 07:00 - 25.08.2022 08:00 (CET/CEST)","n/e","n/e","n/e","n/e","n/e","n/e","n/e","n/e","n/e","n/e","n/e","n/e","n/e","3220","n/e","n/e","6","n/e","0","n/e","n/e","647"
"BZN|SE1","25.08.2022 08:00 - 25.08.2022 09:00 (CET/CEST)","n/e","n/e","n/e","n/e","n/e","n/e","n/e","n/e","n/e","n/e","n/e","n/e","n/e","3325","n/e","n/e","6","n/e","1","n/e","n/e","373"
"BZN|SE1","25.08.2022 09:00 - 25.08.2022 10:00 (CET/CEST)","n/e","n/e","n/e","n/e","n/e","n/e","n/e","n/e","n/e","n/e","n/e","n/e","n/e","3545","n/e","n/e","6","n/e","2","n/e","n/e","231"
"BZN|SE1","25.08.2022 10:00 - 25.08.2022 11:00 (CET/CEST)","n/e","n/e","n/e","n/e","n/e","n/e","n/e","n/e","n/e","n/e","n/e","n/e","n/e","3445","n/e","n/e","7","n/e","2","n/e","n/e","226"
"BZN|SE1","25.08.2022 11:00 - 25.08.2022 12:00 (CET/CEST)","n/e","n/e","n/e","n/e","n/e","n/e","n/e","n/e","n/e","n/e","n/e","n/e","n/e","3478","n/e","n/e","7","n/e","3","n/e","n/e","203"
"BZN|SE1","25.08.2022 12:00 - 25.08.2022 13:00 (CET/CEST)","n/e","n/e","n/e","n/e","n/e","n/e","n/e","n/e","n/e","n/e","n/e","n/e","n/e","3518","n/e","n/e","7","n/e","3","n/e","n/e","252"
"BZN|SE1","25.08.2022 13:00 - 25.08.2022 14:00 (CET/CEST)","n/e","n/e","n/e","n/e","n/e","n/e","n/e","n/e","n/e","n/e","n/e","n/e","n/e","3517","n/e","n/e","7","n/e","3","n/e","n/e","297"
"BZN|SE1","25.08.2022 14:00 - 25.08.2022 15:00 (CET/CEST)","n/e","n/e","n/e","n/e","n/e","n/e","n/e","n/e","n/e","n/e","n/e","n/e","n/e","3461","n/e","n/e","7","n/e","3","n/e","n/e","281"
"BZN|SE1","25.08.2022 15:00 - 25.08.2022 16:00 (CET/CEST)","n/e","n/e","n/e","n/e","n/e","n/e","n/e","n/e","n/e","n/e","n/e","n/e","n/e","3412","n/e","n/e","7","n/e","2","n/e","n/e","252"
"BZN|SE1","25.08.2022 16:00 - 25.08.2022 17:00 (CET/CEST)","n/e","n/e","n/e","n/e","n/e","n/e","n/e","n/e","n/e","n/e","n/e","n/e","n/e","3427","n/e","n/e","6","n/e","2","n/e","n/e","240"
"BZN|SE1","25.08.2022 17:00 - 25.08.2022 18:00 (CET/CEST)","n/e","n/e","n/e","n/e","n/e","n/e","n/e","n/e","n/e","n/e","n/e","n/e","n/e","3378","n/e","n/e","6","n/e","1","n/e","n/e","219"
"BZN|SE1","25.08.2022 18:00 - 25.08.2022 19:00 (CET/CEST)","n/e","n/e","n/e","n/e","n/e","n/e","n/e","n/e","n/e","n/e","n/e","n/e","n/e","3447","n/e","n/e","6","n/e","0","n/e","n/e","266"
"BZN|SE1","25.08.2022 19:00 - 25.08.2022 20:00 (CET/CEST)","n/e","n/e","n/e","n/e","n/e","n/e","n/e","n/e","n/e","n/e","n/e","n/e","n/e","3428","n/e","n/e","6","n/e","0","n/e","n/e","363"
"BZN|SE1","25.08.2022 20:00 - 25.08.2022 21:00 (CET/CEST)","n/e","n/e","n/e","n/e","n/e","n/e","n/e","n/e","n/e","n/e","n/e","n/e","n/e","3190","n/e","n/e","6","n/e","0","n/e","n/e","497"
"BZN|SE1","25.08.2022 21:00 - 25.08.2022 22:00 (CET/CEST)","n/e","n/e","n/e","n/e","n/e","n/e","n/e","n/e","n/e","n/e","n/e","n/e","n/e","3241","n/e","n/e","5","n/e","0","n/e","n/e","579"
"BZN|SE1","25.08.2022 22:00 - 25.08.2022 23:00 (CET/CEST)","n/e","n/e","n/e","n/e","n/e","n/e","n/e","n/e","n/e","n/e","n/e","n/e","n/e","3162","n/e","n/e","6","n/e","0","n/e","n/e","626"
"BZN|SE1","25.08.2022 23:00 - 26.08.2022 00:00 (CET/CEST)","n/e","n/e","n/e","n/e","n/e","n/e","n/e","n/e","n/e","n/e","n/e","n/e","n/e","2928","n/e","n/e","6","n/e","0","n/e","n/e","600"
"BZN|SE1","26.08.2022 00:00 - 26.08.2022 01:00 (CET/CEST)","n/e","n/e","n/e","n/e","n/e","n/e","n/e","n/e","n/e","n/e","n/e","n/e","n/e","2893","n/e","n/e","6","n/e","0","n/e","n/e","669"
"BZN|SE1","26.08.2022 01:00 - 26.08.2022 02:00 (CET/CEST)","n/e","n/e","n/e","n/e","n/e","n/e","n/e","n/e","n/e","n/e","n/e","n/e","n/e","2852","n/e","n/e","6","n/e","0","n/e","n/e","692"
"BZN|SE1","26.08.2022 02:00 - 26.08.2022 03:00 (CET/CEST)","n/e","n/e","n/e","n/e","n/e","n/e","n/e","n/e","n/e","n/e","n/e","n/e","n/e","2855","n/e","n/e","6","n/e","0","n/e","n/e","718"
"BZN|SE1","26.08.2022 03:00 - 26.08.2022 04:00 (CET/CEST)","n/e","n/e","n/e","n/e","n/e","n/e","n/e","n/e","n/e","n/e","n/e","n/e","n/e","2859","n/e","n/e","6","n/e","0","n/e","n/e","770"
"BZN|SE1","26.08.2022 04:00 - 26.08.2022 05:00 (CET/CEST)","n/e","n/e","n/e","n/e","n/e","n/e","n/e","n/e","n/e","n/e","n/e","n/e","n/e","2910","n/e","n/e","6","n/e","0","n/e","n/e","775"
"BZN|SE1","26.08.2022 05:00 - 26.08.2022 06:00 (CET/CEST)","n/e","n/e","n/e","n/e","n/e","n/e","n/e","n/e","n/e","n/e","n/e","n/e","n/e","2947","n/e","n/e","6","n/e","0","n/e","n/e","810"
"BZN|SE1","26.08.2022 06:00 - 26.08.2022 07:00 (CET/CEST)","n/e","n/e","n/e","n/e","n/e","n/e","n/e","n/e","n/e","n/e","n/e","n/e","n/e","2984","n/e","n/e","6","n/e","0","n/e","n/e","798"
"BZN|SE1","26.08.2022 07:00 - 26.08.2022 08:00 (CET/CEST)","n/e","n/e","n/e","n/e","n/e","n/e","n/e","n/e","n/e","n/e","n/e","n/e","n/e","3170","n/e","n/e","7","n/e","0","n/e","n/e","713"
"BZN|SE1","26.08.2022 08:00 - 26.08.2022 09:00 (CET/CEST)","n/e","n/e","n/e","n/e","n/e","n/e","n/e","n/e","n/e","n/e","n/e","n/e","n/e","3238","n/e","n/e","7","n/e","1","n/e","n/e","592"
"BZN|SE1","26.08.2022 09:00 - 26.08.2022 10:00 (CET/CEST)","n/e","n/e","n/e","n/e","n/e","n/e","n/e","n/e","n/e","n/e","n/e","n/e","n/e","3560","n/e","n/e","7","n/e","1","n/e","n/e","515"
"BZN|SE1","26.08.2022 10:00 - 26.08.2022 11:00 (CET/CEST)","n/e","n/e","n/e","n/e","n/e","n/e","n/e","n/e","n/e","n/e","n/e","n/e","n/e","3585","n/e","n/e","7","n/e","2","n/e","n/e","519"
"BZN|SE1","26.08.2022 11:00 - 26.08.2022 12:00 (CET/CEST)","n/e","n/e","n/e","n/e","n/e","n/e","n/e","n/e","n/e","n/e","n/e","n/e","n/e","3326","n/e","n/e","8","n/e","2","n/e","n/e","577"
"BZN|SE1","26.08.2022 12:00 - 26.08.2022 13:00 (CET/CEST)","n/e","n/e","n/e","n/e","n/e","n/e","n/e","n/e","n/e","n/e","n/e","n/e","n/e","3328","n/e","n/e","8","n/e","3","n/e","n/e","628"
"BZN|SE1","26.08.2022 13:00 - 26.08.2022 14:00 (CET/CEST)","n/e","n/e","n/e","n/e","n/e","n/e","n/e","n/e","n/e","n/e","n/e","n/e","n/e","3300","n/e","n/e","8","n/e","3","n/e","n/e","672"
"BZN|SE1","26.08.2022 14:00 - 26.08.2022 15:00 (CET/CEST)","n/e","n/e","n/e","n/e","n/e","n/e","n/e","n/e","n/e","n/e","n/e","n/e","n/e","3296","n/e","n/e","7","n/e","2","n/e","n/e","726"
"BZN|SE1","26.08.2022 15:00 - 26.08.2022 16:00 (CET/CEST)","n/e","n/e","n/e","n/e","n/e","n/e","n/e","n/e","n/e","n/e","n/e","n/e","n/e","3571","n/e","n/e","7","n/e","2","n/e","n/e","708"
"BZN|SE1","26.08.2022 16:00 - 26.08.2022 17:00 (CET/CEST)","n/e","n/e","n/e","n/e","n/e","n/e","n/e","n/e","n/e","n/e","n/e","n/e","n/e","3596","n/e","n/e","7","n/e","2","n/e","n/e","767"
"BZN|SE1","26.08.2022 17:00 - 26.08.2022 18:00 (CET/CEST)","n/e","n/e","n/e","n/e","n/e","n/e","n/e","n/e","n/e","n/e","n/e","n/e","n/e","3612","n/e","n/e","7","n/e","1","n/e","n/e","788"
"BZN|SE1","26.08.2022 18:00 - 26.08.2022 19:00 (CET/CEST)","n/e","n/e","n/e","n/e","n/e","n/e","n/e","n/e","n/e","n/e","n/e","n/e","n/e","3650","n/e","n/e","6","n/e","0","n/e","n/e","792"
"BZN|SE1","26.08.2022 19:00 - 26.08.2022 20:00 (CET/CEST)","n/e","n/e","n/e","n/e","n/e","n/e","n/e","n/e","n/e","n/e","n/e","n/e","n/e","3614","n/e","n/e","6","n/e","0","n/e","n/e","831"
"BZN|SE1","26.08.2022 20:00 - 26.08.2022 21:00 (CET/CEST)","n/e","n/e","n/e","n/e","n/e","n/e","n/e","n/e","n/e","n/e","n/e","n/e","n/e","3603","n/e","n/e","6","n/e","0","n/e","n/e","917"
"BZN|SE1","26.08.2022 21:00 - 26.08.2022 22:00 (CET/CEST)","n/e","n/e","n/e","n/e","n/e","n/e","n/e","n/e","n/e","n/e","n/e","n/e","n/e","3452","n/e","n/e","6","n/e","0","n/e","n/e","958"
"BZN|SE1","26.08.2022 22:00 - 26.08.2022 23:00 (CET/CEST)","n/e","n/e","n/e","n/e","n/e","n/e","n/e","n/e","n/e","n/e","n/e","n/e","n/e","3588","n/e","n/e","6","n/e","0","n/e","n/e","980"
"BZN|SE1","26.08.2022 23:00 - 27.08.2022 00:00 (CET/CEST)","n/e","n/e","n/e","n/e","n/e","n/e","n/e","n/e","n/e","n/e","n/e","n/e","n/e","3574","n/e","n/e","6","n/e","0","n/e","n/e","999"
"BZN|SE1","27.08.2022 00:00 - 27.08.2022 01:00 (CET/CEST)","n/e","n/e","n/e","n/e","n/e","n/e","n/e","n/e","n/e","n/e","n/e","n/e","n/e","3378","n/e","n/e","6","n/e","0","n/e","n/e","959"
"BZN|SE1","27.08.2022 01:00 - 27.08.2022 02:00 (CET/CEST)","n/e","n/e","n/e","n/e","n/e","n/e","n/e","n/e","n/e","n/e","n/e","n/e","n/e","3330","n/e","n/e","6","n/e","0","n/e","n/e","966"
"BZN|SE1","27.08.2022 02:00 - 27.08.2022 03:00 (CET/CEST)","n/e","n/e","n/e","n/e","n/e","n/e","n/e","n/e","n/e","n/e","n/e","n/e","n/e","3337","n/e","n/e","6","n/e","0","n/e","n/e","924"
"BZN|SE1","27.08.2022 03:00 - 27.08.2022 04:00 (CET/CEST)","n/e","n/e","n/e","n/e","n/e","n/e","n/e","n/e","n/e","n/e","n/e","n/e","n/e","3285","n/e","n/e","6","n/e","0","n/e","n/e","814"
"BZN|SE1","27.08.2022 04:00 - 27.08.2022 05:00 (CET/CEST)","n/e","n/e","n/e","n/e","n/e","n/e","n/e","n/e","n/e","n/e","n/e","n/e","n/e","3285","n/e","n/e","6","n/e","0","n/e","n/e","838"
"BZN|SE1","27.08.2022 05:00 - 27.08.2022 06:00 (CET/CEST)","n/e","n/e","n/e","n/e","n/e","n/e","n/e","n/e","n/e","n/e","n/e","n/e","n/e","3294","n/e","n/e","6","n/e","0","n/e","n/e","717"
"BZN|SE1","27.08.2022 06:00 - 27.08.2022 07:00 (CET/CEST)","n/e","n/e","n/e","n/e","n/e","n/e","n/e","n/e","n/e","n/e","n/e","n/e","n/e","3265","n/e","n/e","7","n/e","0","n/e","n/e","639"
"BZN|SE1","27.08.2022 07:00 - 27.08.2022 08:00 (CET/CEST)","n/e","n/e","n/e","n/e","n/e","n/e","n/e","n/e","n/e","n/e","n/e","n/e","n/e","3419","n/e","n/e","7","n/e","0","n/e","n/e","644"
"BZN|SE1","27.08.2022 08:00 - 27.08.2022 09:00 (CET/CEST)","n/e","n/e","n/e","n/e","n/e","n/e","n/e","n/e","n/e","n/e","n/e","n/e","n/e","3743","n/e","n/e","7","n/e","0","n/e","n/e","681"
"BZN|SE1","27.08.2022 09:00 - 27.08.2022 10:00 (CET/CEST)","n/e","n/e","n/e","n/e","n/e","n/e","n/e","n/e","n/e","n/e","n/e","n/e","n/e","3681","n/e","n/e","6","n/e","0","n/e","n/e","749"
"BZN|SE1","27.08.2022 10:00 - 27.08.2022 11:00 (CET/CEST)","n/e","n/e","n/e","n/e","n/e","n/e","n/e","n/e","n/e","n/e","n/e","n/e","n/e","3681","n/e","n/e","7","n/e","0","n/e","n/e","795"
"BZN|SE1","27.08.2022 11:00 - 27.08.2022 12:00 (CET/CEST)","n/e","n/e","n/e","n/e","n/e","n/e","n/e","n/e","n/e","n/e","n/e","n/e","n/e","3659","n/e","n/e","7","n/e","1","n/e","n/e","791"
"BZN|SE1","27.08.2022 12:00 - 27.08.2022 13:00 (CET/CEST)","n/e","n/e","n/e","n/e","n/e","n/e","n/e","n/e","n/e","n/e","n/e","n/e","n/e","3676","n/e","n/e","7","n/e","1","n/e","n/e","803"
"BZN|SE1","27.08.2022 13:00 - 27.08.2022 14:00 (CET/CEST)","n/e","n/e","n/e","n/e","n/e","n/e","n/e","n/e","n/e","n/e","n/e","n/e","n/e","3669","n/e","n/e","7","n/e","0","n/e","n/e","776"
"BZN|SE1","27.08.2022 14:00 - 27.08.2022 15:00 (CET/CEST)","n/e","n/e","n/e","n/e","n/e","n/e","n/e","n/e","n/e","n/e","n/e","n/e","n/e","3656","n/e","n/e","7","n/e","0","n/e","n/e","592"
"BZN|SE1","27.08.2022 15:00 - 27.08.2022 16:00 (CET/CEST)","n/e","n/e","n/e","n/e","n/e","n/e","n/e","n/e","n/e","n/e","n/e","n/e","n/e","3778","n/e","n/e","7","n/e","1","n/e","n/e","483"
"BZN|SE1","27.08.2022 16:00 - 27.08.2022 17:00 (CET/CEST)","n/e","n/e","n/e","n/e","n/e","n/e","n/e","n/e","n/e","n/e","n/e","n/e","n/e","3751","n/e","n/e","7","n/e","1","n/e","n/e","381"
"BZN|SE1","27.08.2022 17:00 - 27.08.2022 18:00 (CET/CEST)","n/e","n/e","n/e","n/e","n/e","n/e","n/e","n/e","n/e","n/e","n/e","n/e","n/e","3760","n/e","n/e","7","n/e","0","n/e","n/e","374"
"BZN|SE1","27.08.2022 18:00 - 27.08.2022 19:00 (CET/CEST)","n/e","n/e","n/e","n/e","n/e","n/e","n/e","n/e","n/e","n/e","n/e","n/e","n/e","3762","n/e","n/e","7","n/e","0","n/e","n/e","407"
"BZN|SE1","27.08.2022 19:00 - 27.08.2022 20:00 (CET/CEST)","n/e","n/e","n/e","n/e","n/e","n/e","n/e","n/e","n/e","n/e","n/e","n/e","n/e","3784","n/e","n/e","7","n/e","0","n/e","n/e","466"
"BZN|SE1","27.08.2022 20:00 - 27.08.2022 21:00 (CET/CEST)","n/e","n/e","n/e","n/e","n/e","n/e","n/e","n/e","n/e","n/e","n/e","n/e","n/e","3783","n/e","n/e","7","n/e","0","n/e","n/e","589"
"BZN|SE1","27.08.2022 21:00 - 27.08.2022 22:00 (CET/CEST)","n/e","n/e","n/e","n/e","n/e","n/e","n/e","n/e","n/e","n/e","n/e","n/e","n/e","3519","n/e","n/e","6","n/e","0","n/e","n/e","759"
"BZN|SE1","27.08.2022 22:00 - 27.08.2022 23:00 (CET/CEST)","n/e","n/e","n/e","n/e","n/e","n/e","n/e","n/e","n/e","n/e","n/e","n/e","n/e","3462","n/e","n/e","7","n/e","0","n/e","n/e","979"
"BZN|SE1","27.08.2022 23:00 - 28.08.2022 00:00 (CET/CEST)","n/e","n/e","n/e","n/e","n/e","n/e","n/e","n/e","n/e","n/e","n/e","n/e","n/e","3350","n/e","n/e","7","n/e","0","n/e","n/e","994"
"BZN|SE1","28.08.2022 00:00 - 28.08.2022 01:00 (CET/CEST)","n/e","n/e","n/e","n/e","n/e","n/e","n/e","n/e","n/e","n/e","n/e","n/e","n/e","3347","n/e","n/e","7","n/e","0","n/e","n/e","1007"
"BZN|SE1","28.08.2022 01:00 - 28.08.2022 02:00 (CET/CEST)","n/e","n/e","n/e","n/e","n/e","n/e","n/e","n/e","n/e","n/e","n/e","n/e","n/e","3435","n/e","n/e","7","n/e","0","n/e","n/e","1043"
"BZN|SE1","28.08.2022 02:00 - 28.08.2022 03:00 (CET/CEST)","n/e","n/e","n/e","n/e","n/e","n/e","n/e","n/e","n/e","n/e","n/e","n/e","n/e","3377","n/e","n/e","7","n/e","0","n/e","n/e","1017"
"BZN|SE1","28.08.2022 03:00 - 28.08.2022 04:00 (CET/CEST)","n/e","n/e","n/e","n/e","n/e","n/e","n/e","n/e","n/e","n/e","n/e","n/e","n/e","3564","n/e","n/e","7","n/e","0","n/e","n/e","974"
"BZN|SE1","28.08.2022 04:00 - 28.08.2022 05:00 (CET/CEST)","n/e","n/e","n/e","n/e","n/e","n/e","n/e","n/e","n/e","n/e","n/e","n/e","n/e","3566","n/e","n/e","6","n/e","0","n/e","n/e","1126"
"BZN|SE1","28.08.2022 05:00 - 28.08.2022 06:00 (CET/CEST)","n/e","n/e","n/e","n/e","n/e","n/e","n/e","n/e","n/e","n/e","n/e","n/e","n/e","3526","n/e","n/e","7","n/e","0","n/e","n/e","1175"
"BZN|SE1","28.08.2022 06:00 - 28.08.2022 07:00 (CET/CEST)","n/e","n/e","n/e","n/e","n/e","n/e","n/e","n/e","n/e","n/e","n/e","n/e","n/e","3598","n/e","n/e","7","n/e","0","n/e","n/e","1168"
"BZN|SE1","28.08.2022 07:00 - 28.08.2022 08:00 (CET/CEST)","n/e","n/e","n/e","n/e","n/e","n/e","n/e","n/e","n/e","n/e","n/e","n/e","n/e","3684","n/e","n/e","7","n/e","0","n/e","n/e","969"
"BZN|SE1","28.08.2022 08:00 - 28.08.2022 09:00 (CET/CEST)","n/e","n/e","n/e","n/e","n/e","n/e","n/e","n/e","n/e","n/e","n/e","n/e","n/e","3823","n/e","n/e","7","n/e","1","n/e","n/e","844"
"BZN|SE1","28.08.2022 09:00 - 28.08.2022 10:00 (CET/CEST)","n/e","n/e","n/e","n/e","n/e","n/e","n/e","n/e","n/e","n/e","n/e","n/e","n/e","3821","n/e","n/e","7","n/e","2","n/e","n/e","728"
"BZN|SE1","28.08.2022 10:00 - 28.08.2022 11:00 (CET/CEST)","n/e","n/e","n/e","n/e","n/e","n/e","n/e","n/e","n/e","n/e","n/e","n/e","n/e","3829","n/e","n/e","7","n/e","2","n/e","n/e","660"
"BZN|SE1","28.08.2022 11:00 - 28.08.2022 12:00 (CET/CEST)","n/e","n/e","n/e","n/e","n/e","n/e","n/e","n/e","n/e","n/e","n/e","n/e","n/e","3813","n/e","n/e","8","n/e","3","n/e","n/e","678"
"BZN|SE1","28.08.2022 12:00 - 28.08.2022 13:00 (CET/CEST)","n/e","n/e","n/e","n/e","n/e","n/e","n/e","n/e","n/e","n/e","n/e","n/e","n/e","3752","n/e","n/e","8","n/e","3","n/e","n/e","769"
"BZN|SE1","28.08.2022 13:00 - 28.08.2022 14:00 (CET/CEST)","n/e","n/e","n/e","n/e","n/e","n/e","n/e","n/e","n/e","n/e","n/e","n/e","n/e","3784","n/e","n/e","8","n/e","3","n/e","n/e","807"
"BZN|SE1","28.08.2022 14:00 - 28.08.2022 15:00 (CET/CEST)","n/e","n/e","n/e","n/e","n/e","n/e","n/e","n/e","n/e","n/e","n/e","n/e","n/e","3789","n/e","n/e","7","n/e","2","n/e","n/e","814"
"BZN|SE1","28.08.2022 15:00 - 28.08.2022 16:00 (CET/CEST)","n/e","n/e","n/e","n/e","n/e","n/e","n/e","n/e","n/e","n/e","n/e","n/e","n/e","3796","n/e","n/e","7","n/e","2","n/e","n/e","779"
"BZN|SE1","28.08.2022 16:00 - 28.08.2022 17:00 (CET/CEST)","n/e","n/e","n/e","n/e","n/e","n/e","n/e","n/e","n/e","n/e","n/e","n/e","n/e","3816","n/e","n/e","7","n/e","1","n/e","n/e","739"
"BZN|SE1","28.08.2022 17:00 - 28.08.2022 18:00 (CET/CEST)","n/e","n/e","n/e","n/e","n/e","n/e","n/e","n/e","n/e","n/e","n/e","n/e","n/e","3795","n/e","n/e","7","n/e","1","n/e","n/e","717"
"BZN|SE1","28.08.2022 18:00 - 28.08.2022 19:00 (CET/CEST)","n/e","n/e","n/e","n/e","n/e","n/e","n/e","n/e","n/e","n/e","n/e","n/e","n/e","3777","n/e","n/e","6","n/e","0","n/e","n/e","725"
"BZN|SE1","28.08.2022 19:00 - 28.08.2022 20:00 (CET/CEST)","n/e","n/e","n/e","n/e","n/e","n/e","n/e","n/e","n/e","n/e","n/e","n/e","n/e","3773","n/e","n/e","6","n/e","0","n/e","n/e","761"
"BZN|SE1","28.08.2022 20:00 - 28.08.2022 21:00 (CET/CEST)","n/e","n/e","n/e","n/e","n/e","n/e","n/e","n/e","n/e","n/e","n/e","n/e","n/e","3483","n/e","n/e","6","n/e","0","n/e","n/e","898"
"BZN|SE1","28.08.2022 21:00 - 28.08.2022 22:00 (CET/CEST)","n/e","n/e","n/e","n/e","n/e","n/e","n/e","n/e","n/e","n/e","n/e","n/e","n/e","3386","n/e","n/e","6","n/e","0","n/e","n/e","1039"
"BZN|SE1","28.08.2022 22:00 - 28.08.2022 23:00 (CET/CEST)","n/e","n/e","n/e","n/e","n/e","n/e","n/e","n/e","n/e","n/e","n/e","n/e","n/e","3123","n/e","n/e","6","n/e","0","n/e","n/e","1160"
"BZN|SE1","28.08.2022 23:00 - 29.08.2022 00:00 (CET/CEST)","n/e","n/e","n/e","n/e","n/e","n/e","n/e","n/e","n/e","n/e","n/e","n/e","n/e","3191","n/e","n/e","6","n/e","0","n/e","n/e","1238"
"BZN|SE1","29.08.2022 00:00 - 29.08.2022 01:00 (CET/CEST)","n/e","n/e","n/e","n/e","n/e","n/e","n/e","n/e","n/e","n/e","n/e","n/e","n/e","3304","n/e","n/e","6","n/e","0","n/e","n/e","1179"
"BZN|SE1","29.08.2022 01:00 - 29.08.2022 02:00 (CET/CEST)","n/e","n/e","n/e","n/e","n/e","n/e","n/e","n/e","n/e","n/e","n/e","n/e","n/e","3185","n/e","n/e","6","n/e","0","n/e","n/e","1164"
"BZN|SE1","29.08.2022 02:00 - 29.08.2022 03:00 (CET/CEST)","n/e","n/e","n/e","n/e","n/e","n/e","n/e","n/e","n/e","n/e","n/e","n/e","n/e","3181","n/e","n/e","6","n/e","0","n/e","n/e","1110"
"BZN|SE1","29.08.2022 03:00 - 29.08.2022 04:00 (CET/CEST)","n/e","n/e","n/e","n/e","n/e","n/e","n/e","n/e","n/e","n/e","n/e","n/e","n/e","3172","n/e","n/e","6","n/e","0","n/e","n/e","1093"
"BZN|SE1","29.08.2022 04:00 - 29.08.2022 05:00 (CET/CEST)","n/e","n/e","n/e","n/e","n/e","n/e","n/e","n/e","n/e","n/e","n/e","n/e","n/e","3241","n/e","n/e","6","n/e","0","n/e","n/e","1071"
"BZN|SE1","29.08.2022 05:00 - 29.08.2022 06:00 (CET/CEST)","n/e","n/e","n/e","n/e","n/e","n/e","n/e","n/e","n/e","n/e","n/e","n/e","n/e","3328","n/e","n/e","6","n/e","0","n/e","n/e","1016"
"BZN|SE1","29.08.2022 06:00 - 29.08.2022 07:00 (CET/CEST)","n/e","n/e","n/e","n/e","n/e","n/e","n/e","n/e","n/e","n/e","n/e","n/e","n/e","3442","n/e","n/e","6","n/e","0","n/e","n/e","890"
"BZN|SE1","29.08.2022 07:00 - 29.08.2022 08:00 (CET/CEST)","n/e","n/e","n/e","n/e","n/e","n/e","n/e","n/e","n/e","n/e","n/e","n/e","n/e","3803","n/e","n/e","7","n/e","0","n/e","n/e","706"
"BZN|SE1","29.08.2022 08:00 - 29.08.2022 09:00 (CET/CEST)","n/e","n/e","n/e","n/e","n/e","n/e","n/e","n/e","n/e","n/e","n/e","n/e","n/e","3819","n/e","n/e","7","n/e","1","n/e","n/e","487"
"BZN|SE1","29.08.2022 09:00 - 29.08.2022 10:00 (CET/CEST)","n/e","n/e","n/e","n/e","n/e","n/e","n/e","n/e","n/e","n/e","n/e","n/e","n/e","3889","n/e","n/e","7","n/e","2","n/e","n/e","386"
"BZN|SE1","29.08.2022 10:00 - 29.08.2022 11:00 (CET/CEST)","n/e","n/e","n/e","n/e","n/e","n/e","n/e","n/e","n/e","n/e","n/e","n/e","n/e","3899","n/e","n/e","7","n/e","2","n/e","n/e","236"
"BZN|SE1","29.08.2022 11:00 - 29.08.2022 12:00 (CET/CEST)","n/e","n/e","n/e","n/e","n/e","n/e","n/e","n/e","n/e","n/e","n/e","n/e","n/e","3903","n/e","n/e","8","n/e","2","n/e","n/e","177"
"BZN|SE1","29.08.2022 12:00 - 29.08.2022 13:00 (CET/CEST)","n/e","n/e","n/e","n/e","n/e","n/e","n/e","n/e","n/e","n/e","n/e","n/e","n/e","3919","n/e","n/e","8","n/e","2","n/e","n/e","161"
"BZN|SE1","29.08.2022 13:00 - 29.08.2022 14:00 (CET/CEST)","n/e","n/e","n/e","n/e","n/e","n/e","n/e","n/e","n/e","n/e","n/e","n/e","n/e","3890","n/e","n/e","7","n/e","2","n/e","n/e","166"
"BZN|SE1","29.08.2022 14:00 - 29.08.2022 15:00 (CET/CEST)","n/e","n/e","n/e","n/e","n/e","n/e","n/e","n/e","n/e","n/e","n/e","n/e","n/e","3885","n/e","n/e","7","n/e","2","n/e","n/e","151"
"BZN|SE1","29.08.2022 15:00 - 29.08.2022 16:00 (CET/CEST)","n/e","n/e","n/e","n/e","n/e","n/e","n/e","n/e","n/e","n/e","n/e","n/e","n/e","3909","n/e","n/e","7","n/e","1","n/e","n/e","151"
"BZN|SE1","29.08.2022 16:00 - 29.08.2022 17:00 (CET/CEST)","n/e","n/e","n/e","n/e","n/e","n/e","n/e","n/e","n/e","n/e","n/e","n/e","n/e","3909","n/e","n/e","7","n/e","1","n/e","n/e","148"
"BZN|SE1","29.08.2022 17:00 - 29.08.2022 18:00 (CET/CEST)","n/e","n/e","n/e","n/e","n/e","n/e","n/e","n/e","n/e","n/e","n/e","n/e","n/e","3909","n/e","n/e","6","n/e","0","n/e","n/e","149"
"BZN|SE1","29.08.2022 18:00 - 29.08.2022 19:00 (CET/CEST)","n/e","n/e","n/e","n/e","n/e","n/e","n/e","n/e","n/e","n/e","n/e","n/e","n/e","3861","n/e","n/e","6","n/e","0","n/e","n/e","176"
"BZN|SE1","29.08.2022 19:00 - 29.08.2022 20:00 (CET/CEST)","n/e","n/e","n/e","n/e","n/e","n/e","n/e","n/e","n/e","n/e","n/e","n/e","n/e","3681","n/e","n/e","6","n/e","0","n/e","n/e","220"
"BZN|SE1","29.08.2022 20:00 - 29.08.2022 21:00 (CET/CEST)","n/e","n/e","n/e","n/e","n/e","n/e","n/e","n/e","n/e","n/e","n/e","n/e","n/e","3627","n/e","n/e","6","n/e","0","n/e","n/e","284"
"BZN|SE1","29.08.2022 21:00 - 29.08.2022 22:00 (CET/CEST)","n/e","n/e","n/e","n/e","n/e","n/e","n/e","n/e","n/e","n/e","n/e","n/e","n/e","3579","n/e","n/e","6","n/e","0","n/e","n/e","310"
"BZN|SE1","29.08.2022 22:00 - 29.08.2022 23:00 (CET/CEST)","n/e","n/e","n/e","n/e","n/e","n/e","n/e","n/e","n/e","n/e","n/e","n/e","n/e","3529","n/e","n/e","6","n/e","0","n/e","n/e","340"
"BZN|SE1","29.08.2022 23:00 - 30.08.2022 00:00 (CET/CEST)","n/e","n/e","n/e","n/e","n/e","n/e","n/e","n/e","n/e","n/e","n/e","n/e","n/e","3485","n/e","n/e","6","n/e","0","n/e","n/e","374"
"BZN|SE1","30.08.2022 00:00 - 30.08.2022 01:00 (CET/CEST)","n/e","n/e","n/e","n/e","n/e","n/e","n/e","n/e","n/e","n/e","n/e","n/e","n/e","3540","n/e","n/e","6","n/e","0","n/e","n/e","397"
"BZN|SE1","30.08.2022 01:00 - 30.08.2022 02:00 (CET/CEST)","n/e","n/e","n/e","n/e","n/e","n/e","n/e","n/e","n/e","n/e","n/e","n/e","n/e","3462","n/e","n/e","6","n/e","0","n/e","n/e","401"
"BZN|SE1","30.08.2022 02:00 - 30.08.2022 03:00 (CET/CEST)","n/e","n/e","n/e","n/e","n/e","n/e","n/e","n/e","n/e","n/e","n/e","n/e","n/e","3423","n/e","n/e","6","n/e","0","n/e","n/e","423"
"BZN|SE1","30.08.2022 03:00 - 30.08.2022 04:00 (CET/CEST)","n/e","n/e","n/e","n/e","n/e","n/e","n/e","n/e","n/e","n/e","n/e","n/e","n/e","3437","n/e","n/e","6","n/e","0","n/e","n/e","418"
"BZN|SE1","30.08.2022 04:00 - 30.08.2022 05:00 (CET/CEST)","n/e","n/e","n/e","n/e","n/e","n/e","n/e","n/e","n/e","n/e","n/e","n/e","n/e","3501","n/e","n/e","6","n/e","0","n/e","n/e","428"
"BZN|SE1","30.08.2022 05:00 - 30.08.2022 06:00 (CET/CEST)","n/e","n/e","n/e","n/e","n/e","n/e","n/e","n/e","n/e","n/e","n/e","n/e","n/e","3475","n/e","n/e","6","n/e","0","n/e","n/e","396"
"BZN|SE1","30.08.2022 06:00 - 30.08.2022 07:00 (CET/CEST)","n/e","n/e","n/e","n/e","n/e","n/e","n/e","n/e","n/e","n/e","n/e","n/e","n/e","3557","n/e","n/e","6","n/e","0","n/e","n/e","361"
"BZN|SE1","30.08.2022 07:00 - 30.08.2022 08:00 (CET/CEST)","n/e","n/e","n/e","n/e","n/e","n/e","n/e","n/e","n/e","n/e","n/e","n/e","n/e","3591","n/e","n/e","6","n/e","0","n/e","n/e","322"
"BZN|SE1","30.08.2022 08:00 - 30.08.2022 09:00 (CET/CEST)","n/e","n/e","n/e","n/e","n/e","n/e","n/e","n/e","n/e","n/e","n/e","n/e","n/e","3881","n/e","n/e","6","n/e","0","n/e","n/e","254"
"BZN|SE1","30.08.2022 09:00 - 30.08.2022 10:00 (CET/CEST)","n/e","n/e","n/e","n/e","n/e","n/e","n/e","n/e","n/e","n/e","n/e","n/e","n/e","3886","n/e","n/e","6","n/e","1","n/e","n/e","220"
"BZN|SE1","30.08.2022 10:00 - 30.08.2022 11:00 (CET/CEST)","n/e","n/e","n/e","n/e","n/e","n/e","n/e","n/e","n/e","n/e","n/e","n/e","n/e","3895","n/e","n/e","6","n/e","1","n/e","n/e","166"
"BZN|SE1","30.08.2022 11:00 - 30.08.2022 12:00 (CET/CEST)","n/e","n/e","n/e","n/e","n/e","n/e","n/e","n/e","n/e","n/e","n/e","n/e","n/e","3900","n/e","n/e","6","n/e","2","n/e","n/e","155"
"BZN|SE1","30.08.2022 12:00 - 30.08.2022 13:00 (CET/CEST)","n/e","n/e","n/e","n/e","n/e","n/e","n/e","n/e","n/e","n/e","n/e","n/e","n/e","3848","n/e","n/e","7","n/e","2","n/e","n/e","153"
"BZN|SE1","30.08.2022 13:00 - 30.08.2022 14:00 (CET/CEST)","n/e","n/e","n/e","n/e","n/e","n/e","n/e","n/e","n/e","n/e","n/e","n/e","n/e","3833","n/e","n/e","7","n/e","2","n/e","n/e","135"
"BZN|SE1","30.08.2022 14:00 - 30.08.2022 15:00 (CET/CEST)","n/e","n/e","n/e","n/e","n/e","n/e","n/e","n/e","n/e","n/e","n/e","n/e","n/e","3805","n/e","n/e","7","n/e","1","n/e","n/e","149"
"BZN|SE1","30.08.2022 15:00 - 30.08.2022 16:00 (CET/CEST)","n/e","n/e","n/e","n/e","n/e","n/e","n/e","n/e","n/e","n/e","n/e","n/e","n/e","3888","n/e","n/e","7","n/e","1","n/e","n/e","145"
"BZN|SE1","30.08.2022 16:00 - 30.08.2022 17:00 (CET/CEST)","n/e","n/e","n/e","n/e","n/e","n/e","n/e","n/e","n/e","n/e","n/e","n/e","n/e","3888","n/e","n/e","7","n/e","1","n/e","n/e","120"
"BZN|SE1","30.08.2022 17:00 - 30.08.2022 18:00 (CET/CEST)","n/e","n/e","n/e","n/e","n/e","n/e","n/e","n/e","n/e","n/e","n/e","n/e","n/e","3905","n/e","n/e","6","n/e","0","n/e","n/e","107"
"BZN|SE1","30.08.2022 18:00 - 30.08.2022 19:00 (CET/CEST)","n/e","n/e","n/e","n/e","n/e","n/e","n/e","n/e","n/e","n/e","n/e","n/e","n/e","3627","n/e","n/e","6","n/e","0","n/e","n/e","97"
"BZN|SE1","30.08.2022 19:00 - 30.08.2022 20:00 (CET/CEST)","n/e","n/e","n/e","n/e","n/e","n/e","n/e","n/e","n/e","n/e","n/e","n/e","n/e","3707","n/e","n/e","6","n/e","0","n/e","n/e","95"
"BZN|SE1","30.08.2022 20:00 - 30.08.2022 21:00 (CET/CEST)","n/e","n/e","n/e","n/e","n/e","n/e","n/e","n/e","n/e","n/e","n/e","n/e","n/e","3673","n/e","n/e","6","n/e","0","n/e","n/e","102"
"BZN|SE1","30.08.2022 21:00 - 30.08.2022 22:00 (CET/CEST)","n/e","n/e","n/e","n/e","n/e","n/e","n/e","n/e","n/e","n/e","n/e","n/e","n/e","3745","n/e","n/e","5","n/e","0","n/e","n/e","135"
"BZN|SE1","30.08.2022 22:00 - 30.08.2022 23:00 (CET/CEST)","n/e","n/e","n/e","n/e","n/e","n/e","n/e","n/e","n/e","n/e","n/e","n/e","n/e","3777","n/e","n/e","6","n/e","0","n/e","n/e","171"
"BZN|SE1","30.08.2022 23:00 - 31.08.2022 00:00 (CET/CEST)","n/e","n/e","n/e","n/e","n/e","n/e","n/e","n/e","n/e","n/e","n/e","n/e","n/e","3744","n/e","n/e","6","n/e","0","n/e","n/e","158"
"BZN|SE1","31.08.2022 00:00 - 31.08.2022 01:00 (CET/CEST)","n/e","n/e","n/e","n/e","n/e","n/e","n/e","n/e","n/e","n/e","n/e","n/e","n/e","3552","n/e","n/e","6","n/e","0","n/e","n/e","226"
"BZN|SE1","31.08.2022 01:00 - 31.08.2022 02:00 (CET/CEST)","n/e","n/e","n/e","n/e","n/e","n/e","n/e","n/e","n/e","n/e","n/e","n/e","n/e","3548","n/e","n/e","6","n/e","0","n/e","n/e","317"
"BZN|SE1","31.08.2022 02:00 - 31.08.2022 03:00 (CET/CEST)","n/e","n/e","n/e","n/e","n/e","n/e","n/e","n/e","n/e","n/e","n/e","n/e","n/e","3495","n/e","n/e","6","n/e","0","n/e","n/e","320"
"BZN|SE1","31.08.2022 03:00 - 31.08.2022 04:00 (CET/CEST)","n/e","n/e","n/e","n/e","n/e","n/e","n/e","n/e","n/e","n/e","n/e","n/e","n/e","3443","n/e","n/e","6","n/e","0","n/e","n/e","413"
"BZN|SE1","31.08.2022 04:00 - 31.08.2022 05:00 (CET/CEST)","n/e","n/e","n/e","n/e","n/e","n/e","n/e","n/e","n/e","n/e","n/e","n/e","n/e","3445","n/e","n/e","6","n/e","0","n/e","n/e","456"
"BZN|SE1","31.08.2022 05:00 - 31.08.2022 06:00 (CET/CEST)","n/e","n/e","n/e","n/e","n/e","n/e","n/e","n/e","n/e","n/e","n/e","n/e","n/e","3470","n/e","n/e","6","n/e","0","n/e","n/e","496"
"BZN|SE1","31.08.2022 06:00 - 31.08.2022 07:00 (CET/CEST)","n/e","n/e","n/e","n/e","n/e","n/e","n/e","n/e","n/e","n/e","n/e","n/e","n/e","3555","n/e","n/e","6","n/e","0","n/e","n/e","487"
"BZN|SE1","31.08.2022 07:00 - 31.08.2022 08:00 (CET/CEST)","n/e","n/e","n/e","n/e","n/e","n/e","n/e","n/e","n/e","n/e","n/e","n/e","n/e","3772","n/e","n/e","6","n/e","0","n/e","n/e","377"
"BZN|SE1","31.08.2022 08:00 - 31.08.2022 09:00 (CET/CEST)","n/e","n/e","n/e","n/e","n/e","n/e","n/e","n/e","n/e","n/e","n/e","n/e","n/e","3778","n/e","n/e","6","n/e","1","n/e","n/e","324"
"BZN|SE1","31.08.2022 09:00 - 31.08.2022 10:00 (CET/CEST)","n/e","n/e","n/e","n/e","n/e","n/e","n/e","n/e","n/e","n/e","n/e","n/e","n/e","3744","n/e","n/e","6","n/e","1","n/e","n/e","342"
"BZN|SE1","31.08.2022 10:00 - 31.08.2022 11:00 (CET/CEST)","n/e","n/e","n/e","n/e","n/e","n/e","n/e","n/e","n/e","n/e","n/e","n/e","n/e","3681","n/e","n/e","6","n/e","1","n/e","n/e","366"
"BZN|SE1","31.08.2022 11:00 - 31.08.2022 12:00 (CET/CEST)","n/e","n/e","n/e","n/e","n/e","n/e","n/e","n/e","n/e","n/e","n/e","n/e","n/e","3867","n/e","n/e","7","n/e","1","n/e","n/e","350"
"BZN|SE1","31.08.2022 12:00 - 31.08.2022 13:00 (CET/CEST)","n/e","n/e","n/e","n/e","n/e","n/e","n/e","n/e","n/e","n/e","n/e","n/e","n/e","3826","n/e","n/e","7","n/e","1","n/e","n/e","346"
"BZN|SE1","31.08.2022 13:00 - 31.08.2022 14:00 (CET/CEST)","n/e","n/e","n/e","n/e","n/e","n/e","n/e","n/e","n/e","n/e","n/e","n/e","n/e","3826","n/e","n/e","7","n/e","1","n/e","n/e","349"
"BZN|SE1","31.08.2022 14:00 - 31.08.2022 15:00 (CET/CEST)","n/e","n/e","n/e","n/e","n/e","n/e","n/e","n/e","n/e","n/e","n/e","n/e","n/e","3830","n/e","n/e","7","n/e","1","n/e","n/e","387"
"BZN|SE1","31.08.2022 15:00 - 31.08.2022 16:00 (CET/CEST)","n/e","n/e","n/e","n/e","n/e","n/e","n/e","n/e","n/e","n/e","n/e","n/e","n/e","3770","n/e","n/e","7","n/e","1","n/e","n/e","416"
"BZN|SE1","31.08.2022 16:00 - 31.08.2022 17:00 (CET/CEST)","n/e","n/e","n/e","n/e","n/e","n/e","n/e","n/e","n/e","n/e","n/e","n/e","n/e","3857","n/e","n/e","7","n/e","1","n/e","n/e","404"
"BZN|SE1","31.08.2022 17:00 - 31.08.2022 18:00 (CET/CEST)","n/e","n/e","n/e","n/e","n/e","n/e","n/e","n/e","n/e","n/e","n/e","n/e","n/e","3840","n/e","n/e","6","n/e","0","n/e","n/e","428"
"BZN|SE1","31.08.2022 18:00 - 31.08.2022 19:00 (CET/CEST)","n/e","n/e","n/e","n/e","n/e","n/e","n/e","n/e","n/e","n/e","n/e","n/e","n/e","3820","n/e","n/e","6","n/e","0","n/e","n/e","466"
"BZN|SE1","31.08.2022 19:00 - 31.08.2022 20:00 (CET/CEST)","n/e","n/e","n/e","n/e","n/e","n/e","n/e","n/e","n/e","n/e","n/e","n/e","n/e","3879","n/e","n/e","6","n/e","0","n/e","n/e","496"
"BZN|SE1","31.08.2022 20:00 - 31.08.2022 21:00 (CET/CEST)","n/e","n/e","n/e","n/e","n/e","n/e","n/e","n/e","n/e","n/e","n/e","n/e","n/e","3862","n/e","n/e","6","n/e","0","n/e","n/e","604"
"BZN|SE1","31.08.2022 21:00 - 31.08.2022 22:00 (CET/CEST)","n/e","n/e","n/e","n/e","n/e","n/e","n/e","n/e","n/e","n/e","n/e","n/e","n/e","3543","n/e","n/e","6","n/e","0","n/e","n/e","655"
"BZN|SE1","31.08.2022 22:00 - 31.08.2022 23:00 (CET/CEST)","n/e","n/e","n/e","n/e","n/e","n/e","n/e","n/e","n/e","n/e","n/e","n/e","n/e","3535","n/e","n/e","6","n/e","0","n/e","n/e","809"
"BZN|SE1","31.08.2022 23:00 - 01.09.2022 00:00 (CET/CEST)","n/e","n/e","n/e","n/e","n/e","n/e","n/e","n/e","n/e","n/e","n/e","n/e","n/e","3500","n/e","n/e","6","n/e","0","n/e","n/e","879"
"BZN|SE1","01.09.2022 00:00 - 01.09.2022 01:00 (CET/CEST)","n/e","n/e","n/e","n/e","n/e","n/e","n/e","n/e","n/e","n/e","n/e","n/e","n/e","3672","n/e","n/e","6","n/e","0","n/e","n/e","834"
"BZN|SE1","01.09.2022 01:00 - 01.09.2022 02:00 (CET/CEST)","n/e","n/e","n/e","n/e","n/e","n/e","n/e","n/e","n/e","n/e","n/e","n/e","n/e","3612","n/e","n/e","6","n/e","0","n/e","n/e","891"
"BZN|SE1","01.09.2022 02:00 - 01.09.2022 03:00 (CET/CEST)","n/e","n/e","n/e","n/e","n/e","n/e","n/e","n/e","n/e","n/e","n/e","n/e","n/e","3616","n/e","n/e","6","n/e","0","n/e","n/e","918"
"BZN|SE1","01.09.2022 03:00 - 01.09.2022 04:00 (CET/CEST)","n/e","n/e","n/e","n/e","n/e","n/e","n/e","n/e","n/e","n/e","n/e","n/e","n/e","3713","n/e","n/e","6","n/e","0","n/e","n/e","943"
"BZN|SE1","01.09.2022 04:00 - 01.09.2022 05:00 (CET/CEST)","n/e","n/e","n/e","n/e","n/e","n/e","n/e","n/e","n/e","n/e","n/e","n/e","n/e","3770","n/e","n/e","6","n/e","0","n/e","n/e","908"
"BZN|SE1","01.09.2022 05:00 - 01.09.2022 06:00 (CET/CEST)","n/e","n/e","n/e","n/e","n/e","n/e","n/e","n/e","n/e","n/e","n/e","n/e","n/e","3830","n/e","n/e","6","n/e","0","n/e","n/e","826"
"BZN|SE1","01.09.2022 06:00 - 01.09.2022 07:00 (CET/CEST)","n/e","n/e","n/e","n/e","n/e","n/e","n/e","n/e","n/e","n/e","n/e","n/e","n/e","3889","n/e","n/e","6","n/e","0","n/e","n/e","806"
"BZN|SE1","01.09.2022 07:00 - 01.09.2022 08:00 (CET/CEST)","n/e","n/e","n/e","n/e","n/e","n/e","n/e","n/e","n/e","n/e","n/e","n/e","n/e","3891","n/e","n/e","6","n/e","0","n/e","n/e","756"
"BZN|SE1","01.09.2022 08:00 - 01.09.2022 09:00 (CET/CEST)","n/e","n/e","n/e","n/e","n/e","n/e","n/e","n/e","n/e","n/e","n/e","n/e","n/e","3873","n/e","n/e","7","n/e","1","n/e","n/e","644"
"BZN|SE1","01.09.2022 09:00 - 01.09.2022 10:00 (CET/CEST)","n/e","n/e","n/e","n/e","n/e","n/e","n/e","n/e","n/e","n/e","n/e","n/e","n/e","3870","n/e","n/e","7","n/e","1","n/e","n/e","715"
"BZN|SE1","01.09.2022 10:00 - 01.09.2022 11:00 (CET/CEST)","n/e","n/e","n/e","n/e","n/e","n/e","n/e","n/e","n/e","n/e","n/e","n/e","n/e","3899","n/e","n/e","7","n/e","2","n/e","n/e","721"
"BZN|SE1","01.09.2022 11:00 - 01.09.2022 12:00 (CET/CEST)","n/e","n/e","n/e","n/e","n/e","n/e","n/e","n/e","n/e","n/e","n/e","n/e","n/e","3875","n/e","n/e","7","n/e","2","n/e","n/e","672"
"BZN|SE1","01.09.2022 12:00 - 01.09.2022 13:00 (CET/CEST)","n/e","n/e","n/e","n/e","n/e","n/e","n/e","n/e","n/e","n/e","n/e","n/e","n/e","3894","n/e","n/e","7","n/e","2","n/e","n/e","701"
"BZN|SE1","01.09.2022 13:00 - 01.09.2022 14:00 (CET/CEST)","n/e","n/e","n/e","n/e","n/e","n/e","n/e","n/e","n/e","n/e","n/e","n/e","n/e","3873","n/e","n/e","7","n/e","2","n/e","n/e","723"
"BZN|SE1","01.09.2022 14:00 - 01.09.2022 15:00 (CET/CEST)","n/e","n/e","n/e","n/e","n/e","n/e","n/e","n/e","n/e","n/e","n/e","n/e","n/e","3855","n/e","n/e","7","n/e","2","n/e","n/e","713"
"BZN|SE1","01.09.2022 15:00 - 01.09.2022 16:00 (CET/CEST)","n/e","n/e","n/e","n/e","n/e","n/e","n/e","n/e","n/e","n/e","n/e","n/e","n/e","3864","n/e","n/e","7","n/e","1","n/e","n/e","658"
"BZN|SE1","01.09.2022 16:00 - 01.09.2022 17:00 (CET/CEST)","n/e","n/e","n/e","n/e","n/e","n/e","n/e","n/e","n/e","n/e","n/e","n/e","n/e","3803","n/e","n/e","7","n/e","1","n/e","n/e","604"
"BZN|SE1","01.09.2022 17:00 - 01.09.2022 18:00 (CET/CEST)","n/e","n/e","n/e","n/e","n/e","n/e","n/e","n/e","n/e","n/e","n/e","n/e","n/e","3821","n/e","n/e","6","n/e","0","n/e","n/e","646"
"BZN|SE1","01.09.2022 18:00 - 01.09.2022 19:00 (CET/CEST)","n/e","n/e","n/e","n/e","n/e","n/e","n/e","n/e","n/e","n/e","n/e","n/e","n/e","3877","n/e","n/e","7","n/e","0","n/e","n/e","609"
"BZN|SE1","01.09.2022 19:00 - 01.09.2022 20:00 (CET/CEST)","n/e","n/e","n/e","n/e","n/e","n/e","n/e","n/e","n/e","n/e","n/e","n/e","n/e","3883","n/e","n/e","7","n/e","0","n/e","n/e","537"
"BZN|SE1","01.09.2022 20:00 - 01.09.2022 21:00 (CET/CEST)","n/e","n/e","n/e","n/e","n/e","n/e","n/e","n/e","n/e","n/e","n/e","n/e","n/e","3858","n/e","n/e","7","n/e","0","n/e","n/e","650"
"BZN|SE1","01.09.2022 21:00 - 01.09.2022 22:00 (CET/CEST)","n/e","n/e","n/e","n/e","n/e","n/e","n/e","n/e","n/e","n/e","n/e","n/e","n/e","3851","n/e","n/e","7","n/e","0","n/e","n/e","786"
"BZN|SE1","01.09.2022 22:00 - 01.09.2022 23:00 (CET/CEST)","n/e","n/e","n/e","n/e","n/e","n/e","n/e","n/e","n/e","n/e","n/e","n/e","n/e","3821","n/e","n/e","6","n/e","0","n/e","n/e","977"
"BZN|SE1","01.09.2022 23:00 - 02.09.2022 00:00 (CET/CEST)","n/e","n/e","n/e","n/e","n/e","n/e","n/e","n/e","n/e","n/e","n/e","n/e","n/e","3835","n/e","n/e","6","n/e","0","n/e","n/e","1067"
"BZN|SE1","02.09.2022 00:00 - 02.09.2022 01:00 (CET/CEST)","n/e","n/e","n/e","n/e","n/e","n/e","n/e","n/e","n/e","n/e","n/e","n/e","n/e","3780","n/e","n/e","7","n/e","0","n/e","n/e","1100"
"BZN|SE1","02.09.2022 01:00 - 02.09.2022 02:00 (CET/CEST)","n/e","n/e","n/e","n/e","n/e","n/e","n/e","n/e","n/e","n/e","n/e","n/e","n/e","3795","n/e","n/e","7","n/e","0","n/e","n/e","1052"
"BZN|SE1","02.09.2022 02:00 - 02.09.2022 03:00 (CET/CEST)","n/e","n/e","n/e","n/e","n/e","n/e","n/e","n/e","n/e","n/e","n/e","n/e","n/e","3797","n/e","n/e","7","n/e","0","n/e","n/e","974"
"BZN|SE1","02.09.2022 03:00 - 02.09.2022 04:00 (CET/CEST)","n/e","n/e","n/e","n/e","n/e","n/e","n/e","n/e","n/e","n/e","n/e","n/e","n/e","3792","n/e","n/e","7","n/e","0","n/e","n/e","957"
"BZN|SE1","02.09.2022 04:00 - 02.09.2022 05:00 (CET/CEST)","n/e","n/e","n/e","n/e","n/e","n/e","n/e","n/e","n/e","n/e","n/e","n/e","n/e","3784","n/e","n/e","6","n/e","0","n/e","n/e","867"
"BZN|SE1","02.09.2022 05:00 - 02.09.2022 06:00 (CET/CEST)","n/e","n/e","n/e","n/e","n/e","n/e","n/e","n/e","n/e","n/e","n/e","n/e","n/e","3829","n/e","n/e","6","n/e","0","n/e","n/e","844"
"BZN|SE1","02.09.2022 06:00 - 02.09.2022 07:00 (CET/CEST)","n/e","n/e","n/e","n/e","n/e","n/e","n/e","n/e","n/e","n/e","n/e","n/e","n/e","3829","n/e","n/e","6","n/e","0","n/e","n/e","790"
"BZN|SE1","02.09.2022 07:00 - 02.09.2022 08:00 (CET/CEST)","n/e","n/e","n/e","n/e","n/e","n/e","n/e","n/e","n/e","n/e","n/e","n/e","n/e","3853","n/e","n/e","8","n/e","0","n/e","n/e","705"
"BZN|SE1","02.09.2022 08:00 - 02.09.2022 09:00 (CET/CEST)","n/e","n/e","n/e","n/e","n/e","n/e","n/e","n/e","n/e","n/e","n/e","n/e","n/e","3896","n/e","n/e","8","n/e","1","n/e","n/e","591"
"BZN|SE1","02.09.2022 09:00 - 02.09.2022 10:00 (CET/CEST)","n/e","n/e","n/e","n/e","n/e","n/e","n/e","n/e","n/e","n/e","n/e","n/e","n/e","3885","n/e","n/e","7","n/e","1","n/e","n/e","586"
"BZN|SE1","02.09.2022 10:00 - 02.09.2022 11:00 (CET/CEST)","n/e","n/e","n/e","n/e","n/e","n/e","n/e","n/e","n/e","n/e","n/e","n/e","n/e","3881","n/e","n/e","8","n/e","2","n/e","n/e","574"
"BZN|SE1","02.09.2022 11:00 - 02.09.2022 12:00 (CET/CEST)","n/e","n/e","n/e","n/e","n/e","n/e","n/e","n/e","n/e","n/e","n/e","n/e","n/e","3883","n/e","n/e","8","n/e","2","n/e","n/e","566"
"BZN|SE1","02.09.2022 12:00 - 02.09.2022 13:00 (CET/CEST)","n/e","n/e","n/e","n/e","n/e","n/e","n/e","n/e","n/e","n/e","n/e","n/e","n/e","3868","n/e","n/e","7","n/e","2","n/e","n/e","537"
"BZN|SE1","02.09.2022 13:00 - 02.09.2022 14:00 (CET/CEST)","n/e","n/e","n/e","n/e","n/e","n/e","n/e","n/e","n/e","n/e","n/e","n/e","n/e","3882","n/e","n/e","7","n/e","2","n/e","n/e","514"
"BZN|SE1","02.09.2022 14:00 - 02.09.2022 15:00 (CET/CEST)","n/e","n/e","n/e","n/e","n/e","n/e","n/e","n/e","n/e","n/e","n/e","n/e","n/e","3897","n/e","n/e","8","n/e","1","n/e","n/e","506"
"BZN|SE1","02.09.2022 15:00 - 02.09.2022 16:00 (CET/CEST)","n/e","n/e","n/e","n/e","n/e","n/e","n/e","n/e","n/e","n/e","n/e","n/e","n/e","3972","n/e","n/e","8","n/e","1","n/e","n/e","564"
"BZN|SE1","02.09.2022 16:00 - 02.09.2022 17:00 (CET/CEST)","n/e","n/e","n/e","n/e","n/e","n/e","n/e","n/e","n/e","n/e","n/e","n/e","n/e","3804","n/e","n/e","7","n/e","0","n/e","n/e","572"
"BZN|SE1","02.09.2022 17:00 - 02.09.2022 18:00 (CET/CEST)","n/e","n/e","n/e","n/e","n/e","n/e","n/e","n/e","n/e","n/e","n/e","n/e","n/e","3858","n/e","n/e","7","n/e","0","n/e","n/e","574"
"BZN|SE1","02.09.2022 18:00 - 02.09.2022 19:00 (CET/CEST)","n/e","n/e","n/e","n/e","n/e","n/e","n/e","n/e","n/e","n/e","n/e","n/e","n/e","3871","n/e","n/e","7","n/e","0","n/e","n/e","593"
"BZN|SE1","02.09.2022 19:00 - 02.09.2022 20:00 (CET/CEST)","n/e","n/e","n/e","n/e","n/e","n/e","n/e","n/e","n/e","n/e","n/e","n/e","n/e","3876","n/e","n/e","7","n/e","0","n/e","n/e","509"
"BZN|SE1","02.09.2022 20:00 - 02.09.2022 21:00 (CET/CEST)","n/e","n/e","n/e","n/e","n/e","n/e","n/e","n/e","n/e","n/e","n/e","n/e","n/e","3862","n/e","n/e","7","n/e","0","n/e","n/e","643"
"BZN|SE1","02.09.2022 21:00 - 02.09.2022 22:00 (CET/CEST)","n/e","n/e","n/e","n/e","n/e","n/e","n/e","n/e","n/e","n/e","n/e","n/e","n/e","3840","n/e","n/e","7","n/e","0","n/e","n/e","714"
"BZN|SE1","02.09.2022 22:00 - 02.09.2022 23:00 (CET/CEST)","n/e","n/e","n/e","n/e","n/e","n/e","n/e","n/e","n/e","n/e","n/e","n/e","n/e","3831","n/e","n/e","7","n/e","0","n/e","n/e","866"
"BZN|SE1","02.09.2022 23:00 - 03.09.2022 00:00 (CET/CEST)","n/e","n/e","n/e","n/e","n/e","n/e","n/e","n/e","n/e","n/e","n/e","n/e","n/e","3784","n/e","n/e","7","n/e","0","n/e","n/e","1008"
"BZN|SE1","03.09.2022 00:00 - 03.09.2022 01:00 (CET/CEST)","n/e","n/e","n/e","n/e","n/e","n/e","n/e","n/e","n/e","n/e","n/e","n/e","n/e","3714","n/e","n/e","8","n/e","0","n/e","n/e","928"
"BZN|SE1","03.09.2022 01:00 - 03.09.2022 02:00 (CET/CEST)","n/e","n/e","n/e","n/e","n/e","n/e","n/e","n/e","n/e","n/e","n/e","n/e","n/e","3747","n/e","n/e","8","n/e","0","n/e","n/e","950"
"BZN|SE1","03.09.2022 02:00 - 03.09.2022 03:00 (CET/CEST)","n/e","n/e","n/e","n/e","n/e","n/e","n/e","n/e","n/e","n/e","n/e","n/e","n/e","3730","n/e","n/e","8","n/e","0","n/e","n/e","962"
"BZN|SE1","03.09.2022 03:00 - 03.09.2022 04:00 (CET/CEST)","n/e","n/e","n/e","n/e","n/e","n/e","n/e","n/e","n/e","n/e","n/e","n/e","n/e","3721","n/e","n/e","8","n/e","0","n/e","n/e","916"
"BZN|SE1","03.09.2022 04:00 - 03.09.2022 05:00 (CET/CEST)","n/e","n/e","n/e","n/e","n/e","n/e","n/e","n/e","n/e","n/e","n/e","n/e","n/e","3762","n/e","n/e","8","n/e","0","n/e","n/e","818"
"BZN|SE1","03.09.2022 05:00 - 03.09.2022 06:00 (CET/CEST)","n/e","n/e","n/e","n/e","n/e","n/e","n/e","n/e","n/e","n/e","n/e","n/e","n/e","3780","n/e","n/e","8","n/e","0","n/e","n/e","836"
"BZN|SE1","03.09.2022 06:00 - 03.09.2022 07:00 (CET/CEST)","n/e","n/e","n/e","n/e","n/e","n/e","n/e","n/e","n/e","n/e","n/e","n/e","n/e","3841","n/e","n/e","8","n/e","0","n/e","n/e","788"
"BZN|SE1","03.09.2022 07:00 - 03.09.2022 08:00 (CET/CEST)","n/e","n/e","n/e","n/e","n/e","n/e","n/e","n/e","n/e","n/e","n/e","n/e","n/e","3934","n/e","n/e","8","n/e","0","n/e","n/e","735"
"BZN|SE1","03.09.2022 08:00 - 03.09.2022 09:00 (CET/CEST)","n/e","n/e","n/e","n/e","n/e","n/e","n/e","n/e","n/e","n/e","n/e","n/e","n/e","3938","n/e","n/e","8","n/e","0","n/e","n/e","663"
"BZN|SE1","03.09.2022 09:00 - 03.09.2022 10:00 (CET/CEST)","n/e","n/e","n/e","n/e","n/e","n/e","n/e","n/e","n/e","n/e","n/e","n/e","n/e","3971","n/e","n/e","8","n/e","1","n/e","n/e","665"
"BZN|SE1","03.09.2022 10:00 - 03.09.2022 11:00 (CET/CEST)","n/e","n/e","n/e","n/e","n/e","n/e","n/e","n/e","n/e","n/e","n/e","n/e","n/e","3983","n/e","n/e","9","n/e","1","n/e","n/e","625"
"BZN|SE1","03.09.2022 11:00 - 03.09.2022 12:00 (CET/CEST)","n/e","n/e","n/e","n/e","n/e","n/e","n/e","n/e","n/e","n/e","n/e","n/e","n/e","3992","n/e","n/e","9","n/e","2","n/e","n/e","554"
"BZN|SE1","03.09.2022 12:00 - 03.09.2022 13:00 (CET/CEST)","n/e","n/e","n/e","n/e","n/e","n/e","n/e","n/e","n/e","n/e","n/e","n/e","n/e","3991","n/e","n/e","9","n/e","2","n/e","n/e","472"
"BZN|SE1","03.09.2022 13:00 - 03.09.2022 14:00 (CET/CEST)","n/e","n/e","n/e","n/e","n/e","n/e","n/e","n/e","n/e","n/e","n/e","n/e","n/e","3991","n/e","n/e","9","n/e","2","n/e","n/e","420"
"BZN|SE1","03.09.2022 14:00 - 03.09.2022 15:00 (CET/CEST)","n/e","n/e","n/e","n/e","n/e","n/e","n/e","n/e","n/e","n/e","n/e","n/e","n/e","3988","n/e","n/e","8","n/e","1","n/e","n/e","379"
"BZN|SE1","03.09.2022 15:00 - 03.09.2022 16:00 (CET/CEST)","n/e","n/e","n/e","n/e","n/e","n/e","n/e","n/e","n/e","n/e","n/e","n/e","n/e","3990","n/e","n/e","8","n/e","1","n/e","n/e","351"
"BZN|SE1","03.09.2022 16:00 - 03.09.2022 17:00 (CET/CEST)","n/e","n/e","n/e","n/e","n/e","n/e","n/e","n/e","n/e","n/e","n/e","n/e","n/e","4009","n/e","n/e","13","n/e","1","n/e","n/e","357"
"BZN|SE1","03.09.2022 17:00 - 03.09.2022 18:00 (CET/CEST)","n/e","n/e","n/e","n/e","n/e","n/e","n/e","n/e","n/e","n/e","n/e","n/e","n/e","4014","n/e","n/e","13","n/e","0","n/e","n/e","311"
"BZN|SE1","03.09.2022 18:00 - 03.09.2022 19:00 (CET/CEST)","n/e","n/e","n/e","n/e","n/e","n/e","n/e","n/e","n/e","n/e","n/e","n/e","n/e","4015","n/e","n/e","13","n/e","0","n/e","n/e","280"
"BZN|SE1","03.09.2022 19:00 - 03.09.2022 20:00 (CET/CEST)","n/e","n/e","n/e","n/e","n/e","n/e","n/e","n/e","n/e","n/e","n/e","n/e","n/e","4005","n/e","n/e","13","n/e","0","n/e","n/e","278"
"BZN|SE1","03.09.2022 20:00 - 03.09.2022 21:00 (CET/CEST)","n/e","n/e","n/e","n/e","n/e","n/e","n/e","n/e","n/e","n/e","n/e","n/e","n/e","3953","n/e","n/e","13","n/e","0","n/e","n/e","282"
"BZN|SE1","03.09.2022 21:00 - 03.09.2022 22:00 (CET/CEST)","n/e","n/e","n/e","n/e","n/e","n/e","n/e","n/e","n/e","n/e","n/e","n/e","n/e","3931","n/e","n/e","13","n/e","0","n/e","n/e","351"
"BZN|SE1","03.09.2022 22:00 - 03.09.2022 23:00 (CET/CEST)","n/e","n/e","n/e","n/e","n/e","n/e","n/e","n/e","n/e","n/e","n/e","n/e","n/e","3917","n/e","n/e","13","n/e","0","n/e","n/e","373"
"BZN|SE1","03.09.2022 23:00 - 04.09.2022 00:00 (CET/CEST)","n/e","n/e","n/e","n/e","n/e","n/e","n/e","n/e","n/e","n/e","n/e","n/e","n/e","3913","n/e","n/e","13","n/e","0","n/e","n/e","388"
"BZN|SE1","04.09.2022 00:00 - 04.09.2022 01:00 (CET/CEST)","n/e","n/e","n/e","n/e","n/e","n/e","n/e","n/e","n/e","n/e","n/e","n/e","n/e","3554","n/e","n/e","12","n/e","0","n/e","n/e","376"
"BZN|SE1","04.09.2022 01:00 - 04.09.2022 02:00 (CET/CEST)","n/e","n/e","n/e","n/e","n/e","n/e","n/e","n/e","n/e","n/e","n/e","n/e","n/e","3548","n/e","n/e","12","n/e","0","n/e","n/e","443"
"BZN|SE1","04.09.2022 02:00 - 04.09.2022 03:00 (CET/CEST)","n/e","n/e","n/e","n/e","n/e","n/e","n/e","n/e","n/e","n/e","n/e","n/e","n/e","3566","n/e","n/e","12","n/e","0","n/e","n/e","452"
"BZN|SE1","04.09.2022 03:00 - 04.09.2022 04:00 (CET/CEST)","n/e","n/e","n/e","n/e","n/e","n/e","n/e","n/e","n/e","n/e","n/e","n/e","n/e","3617","n/e","n/e","12","n/e","0","n/e","n/e","439"
"BZN|SE1","04.09.2022 04:00 - 04.09.2022 05:00 (CET/CEST)","n/e","n/e","n/e","n/e","n/e","n/e","n/e","n/e","n/e","n/e","n/e","n/e","n/e","3585","n/e","n/e","12","n/e","0","n/e","n/e","479"
"BZN|SE1","04.09.2022 05:00 - 04.09.2022 06:00 (CET/CEST)","n/e","n/e","n/e","n/e","n/e","n/e","n/e","n/e","n/e","n/e","n/e","n/e","n/e","3570","n/e","n/e","12","n/e","0","n/e","n/e","479"
"BZN|SE1","04.09.2022 06:00 - 04.09.2022 07:00 (CET/CEST)","n/e","n/e","n/e","n/e","n/e","n/e","n/e","n/e","n/e","n/e","n/e","n/e","n/e","3602","n/e","n/e","12","n/e","0","n/e","n/e","519"
"BZN|SE1","04.09.2022 07:00 - 04.09.2022 08:00 (CET/CEST)","n/e","n/e","n/e","n/e","n/e","n/e","n/e","n/e","n/e","n/e","n/e","n/e","n/e","3922","n/e","n/e","18","n/e","0","n/e","n/e","464"
"BZN|SE1","04.09.2022 08:00 - 04.09.2022 09:00 (CET/CEST)","n/e","n/e","n/e","n/e","n/e","n/e","n/e","n/e","n/e","n/e","n/e","n/e","n/e","3804","n/e","n/e","11","n/e","1","n/e","n/e","353"
"BZN|SE1","04.09.2022 09:00 - 04.09.2022 10:00 (CET/CEST)","n/e","n/e","n/e","n/e","n/e","n/e","n/e","n/e","n/e","n/e","n/e","n/e","n/e","3811","n/e","n/e","11","n/e","1","n/e","n/e","370"
"BZN|SE1","04.09.2022 10:00 - 04.09.2022 11:00 (CET/CEST)","n/e","n/e","n/e","n/e","n/e","n/e","n/e","n/e","n/e","n/e","n/e","n/e","n/e","3786","n/e","n/e","11","n/e","1","n/e","n/e","358"
"BZN|SE1","04.09.2022 11:00 - 04.09.2022 12:00 (CET/CEST)","n/e","n/e","n/e","n/e","n/e","n/e","n/e","n/e","n/e","n/e","n/e","n/e","n/e","3797","n/e","n/e","11","n/e","2","n/e","n/e","291"
"BZN|SE1","04.09.2022 12:00 - 04.09.2022 13:00 (CET/CEST)","n/e","n/e","n/e","n/e","n/e","n/e","n/e","n/e","n/e","n/e","n/e","n/e","n/e","3766","n/e","n/e","11","n/e","2","n/e","n/e","267"
"BZN|SE1","04.09.2022 13:00 - 04.09.2022 14:00 (CET/CEST)","n/e","n/e","n/e","n/e","n/e","n/e","n/e","n/e","n/e","n/e","n/e","n/e","n/e","3715","n/e","n/e","11","n/e","2","n/e","n/e","294"
"BZN|SE1","04.09.2022 14:00 - 04.09.2022 15:00 (CET/CEST)","n/e","n/e","n/e","n/e","n/e","n/e","n/e","n/e","n/e","n/e","n/e","n/e","n/e","3771","n/e","n/e","11","n/e","2","n/e","n/e","206"
"BZN|SE1","04.09.2022 15:00 - 04.09.2022 16:00 (CET/CEST)","n/e","n/e","n/e","n/e","n/e","n/e","n/e","n/e","n/e","n/e","n/e","n/e","n/e","3988","n/e","n/e","17","n/e","1","n/e","n/e","190"
"BZN|SE1","04.09.2022 16:00 - 04.09.2022 17:00 (CET/CEST)","n/e","n/e","n/e","n/e","n/e","n/e","n/e","n/e","n/e","n/e","n/e","n/e","n/e","4088","n/e","n/e","23","n/e","1","n/e","n/e","159"
"BZN|SE1","04.09.2022 17:00 - 04.09.2022 18:00 (CET/CEST)","n/e","n/e","n/e","n/e","n/e","n/e","n/e","n/e","n/e","n/e","n/e","n/e","n/e","4110","n/e","n/e","23","n/e","0","n/e","n/e","126"
"BZN|SE1","04.09.2022 18:00 - 04.09.2022 19:00 (CET/CEST)","n/e","n/e","n/e","n/e","n/e","n/e","n/e","n/e","n/e","n/e","n/e","n/e","n/e","4099","n/e","n/e","22","n/e","0","n/e","n/e","96"
"BZN|SE1","04.09.2022 19:00 - 04.09.2022 20:00 (CET/CEST)","n/e","n/e","n/e","n/e","n/e","n/e","n/e","n/e","n/e","n/e","n/e","n/e","n/e","4108","n/e","n/e","25","n/e","0","n/e","n/e","89"
"BZN|SE1","04.09.2022 20:00 - 04.09.2022 21:00 (CET/CEST)","n/e","n/e","n/e","n/e","n/e","n/e","n/e","n/e","n/e","n/e","n/e","n/e","n/e","4045","n/e","n/e","25","n/e","0","n/e","n/e","62"
"BZN|SE1","04.09.2022 21:00 - 04.09.2022 22:00 (CET/CEST)","n/e","n/e","n/e","n/e","n/e","n/e","n/e","n/e","n/e","n/e","n/e","n/e","n/e","4066","n/e","n/e","22","n/e","0","n/e","n/e","38"
"BZN|SE1","04.09.2022 22:00 - 04.09.2022 23:00 (CET/CEST)","n/e","n/e","n/e","n/e","n/e","n/e","n/e","n/e","n/e","n/e","n/e","n/e","n/e","4066","n/e","n/e","22","n/e","0","n/e","n/e","35"
"BZN|SE1","04.09.2022 23:00 - 05.09.2022 00:00 (CET/CEST)","n/e","n/e","n/e","n/e","n/e","n/e","n/e","n/e","n/e","n/e","n/e","n/e","n/e","4070","n/e","n/e","22","n/e","0","n/e","n/e","37"
"BZN|SE1","05.09.2022 00:00 - 05.09.2022 01:00 (CET/CEST)","n/e","n/e","n/e","n/e","n/e","n/e","n/e","n/e","n/e","n/e","n/e","n/e","n/e","3751","n/e","n/e","16","n/e","0","n/e","n/e","34"
"BZN|SE1","05.09.2022 01:00 - 05.09.2022 02:00 (CET/CEST)","n/e","n/e","n/e","n/e","n/e","n/e","n/e","n/e","n/e","n/e","n/e","n/e","n/e","3751","n/e","n/e","16","n/e","0","n/e","n/e","38"
"BZN|SE1","05.09.2022 02:00 - 05.09.2022 03:00 (CET/CEST)","n/e","n/e","n/e","n/e","n/e","n/e","n/e","n/e","n/e","n/e","n/e","n/e","n/e","3766","n/e","n/e","16","n/e","0","n/e","n/e","59"
"BZN|SE1","05.09.2022 03:00 - 05.09.2022 04:00 (CET/CEST)","n/e","n/e","n/e","n/e","n/e","n/e","n/e","n/e","n/e","n/e","n/e","n/e","n/e","3770","n/e","n/e","16","n/e","0","n/e","n/e","98"
"BZN|SE1","05.09.2022 04:00 - 05.09.2022 05:00 (CET/CEST)","n/e","n/e","n/e","n/e","n/e","n/e","n/e","n/e","n/e","n/e","n/e","n/e","n/e","3757","n/e","n/e","16","n/e","0","n/e","n/e","144"
"BZN|SE1","05.09.2022 05:00 - 05.09.2022 06:00 (CET/CEST)","n/e","n/e","n/e","n/e","n/e","n/e","n/e","n/e","n/e","n/e","n/e","n/e","n/e","3754","n/e","n/e","22","n/e","0","n/e","n/e","201"
"BZN|SE1","05.09.2022 06:00 - 05.09.2022 07:00 (CET/CEST)","n/e","n/e","n/e","n/e","n/e","n/e","n/e","n/e","n/e","n/e","n/e","n/e","n/e","3962","n/e","n/e","25","n/e","0","n/e","n/e","247"
"BZN|SE1","05.09.2022 07:00 - 05.09.2022 08:00 (CET/CEST)","n/e","n/e","n/e","n/e","n/e","n/e","n/e","n/e","n/e","n/e","n/e","n/e","n/e","3949","n/e","n/e","29","n/e","0","n/e","n/e","268"
"BZN|SE1","05.09.2022 08:00 - 05.09.2022 09:00 (CET/CEST)","n/e","n/e","n/e","n/e","n/e","n/e","n/e","n/e","n/e","n/e","n/e","n/e","n/e","4048","n/e","n/e","30","n/e","1","n/e","n/e","238"
"BZN|SE1","05.09.2022 09:00 - 05.09.2022 10:00 (CET/CEST)","n/e","n/e","n/e","n/e","n/e","n/e","n/e","n/e","n/e","n/e","n/e","n/e","n/e","4070","n/e","n/e","30","n/e","1","n/e","n/e","128"
"BZN|SE1","05.09.2022 10:00 - 05.09.2022 11:00 (CET/CEST)","n/e","n/e","n/e","n/e","n/e","n/e","n/e","n/e","n/e","n/e","n/e","n/e","n/e","4049","n/e","n/e","26","n/e","2","n/e","n/e","84"
"BZN|SE1","05.09.2022 11:00 - 05.09.2022 12:00 (CET/CEST)","n/e","n/e","n/e","n/e","n/e","n/e","n/e","n/e","n/e","n/e","n/e","n/e","n/e","3909","n/e","n/e","30","n/e","2","n/e","n/e","73"
"BZN|SE1","05.09.2022 12:00 - 05.09.2022 13:00 (CET/CEST)","n/e","n/e","n/e","n/e","n/e","n/e","n/e","n/e","n/e","n/e","n/e","n/e","n/e","3699","n/e","n/e","30","n/e","3","n/e","n/e","105"
"BZN|SE1","05.09.2022 13:00 - 05.09.2022 14:00 (CET/CEST)","n/e","n/e","n/e","n/e","n/e","n/e","n/e","n/e","n/e","n/e","n/e","n/e","n/e","3794","n/e","n/e","30","n/e","3","n/e","n/e","140"
"BZN|SE1","05.09.2022 14:00 - 05.09.2022 15:00 (CET/CEST)","n/e","n/e","n/e","n/e","n/e","n/e","n/e","n/e","n/e","n/e","n/e","n/e","n/e","3962","n/e","n/e","29","n/e","2","n/e","n/e","186"
"BZN|SE1","05.09.2022 15:00 - 05.09.2022 16:00 (CET/CEST)","n/e","n/e","n/e","n/e","n/e","n/e","n/e","n/e","n/e","n/e","n/e","n/e","n/e","3962","n/e","n/e","29","n/e","2","n/e","n/e","243"
"BZN|SE1","05.09.2022 16:00 - 05.09.2022 17:00 (CET/CEST)","n/e","n/e","n/e","n/e","n/e","n/e","n/e","n/e","n/e","n/e","n/e","n/e","n/e","3998","n/e","n/e","29","n/e","1","n/e","n/e","291"
"BZN|SE1","05.09.2022 17:00 - 05.09.2022 18:00 (CET/CEST)","n/e","n/e","n/e","n/e","n/e","n/e","n/e","n/e","n/e","n/e","n/e","n/e","n/e","4087","n/e","n/e","30","n/e","1","n/e","n/e","360"
"BZN|SE1","05.09.2022 18:00 - 05.09.2022 19:00 (CET/CEST)","n/e","n/e","n/e","n/e","n/e","n/e","n/e","n/e","n/e","n/e","n/e","n/e","n/e","3895","n/e","n/e","25","n/e","0","n/e","n/e","434"
"BZN|SE1","05.09.2022 19:00 - 05.09.2022 20:00 (CET/CEST)","n/e","n/e","n/e","n/e","n/e","n/e","n/e","n/e","n/e","n/e","n/e","n/e","n/e","3822","n/e","n/e","20","n/e","0","n/e","n/e","534"
"BZN|SE1","05.09.2022 20:00 - 05.09.2022 21:00 (CET/CEST)","n/e","n/e","n/e","n/e","n/e","n/e","n/e","n/e","n/e","n/e","n/e","n/e","n/e","3630","n/e","n/e","15","n/e","0","n/e","n/e","748"
"BZN|SE1","05.09.2022 21:00 - 05.09.2022 22:00 (CET/CEST)","n/e","n/e","n/e","n/e","n/e","n/e","n/e","n/e","n/e","n/e","n/e","n/e","n/e","3536","n/e","n/e","10","n/e","0","n/e","n/e","923"
"BZN|SE1","05.09.2022 22:00 - 05.09.2022 23:00 (CET/CEST)","n/e","n/e","n/e","n/e","n/e","n/e","n/e","n/e","n/e","n/e","n/e","n/e","n/e","3388","n/e","n/e","9","n/e","0","n/e","n/e","940"
"BZN|SE1","05.09.2022 23:00 - 06.09.2022 00:00 (CET/CEST)","n/e","n/e","n/e","n/e","n/e","n/e","n/e","n/e","n/e","n/e","n/e","n/e","n/e","3244","n/e","n/e","10","n/e","0","n/e","n/e","901"
"BZN|SE1","06.09.2022 00:00 - 06.09.2022 01:00 (CET/CEST)","n/e","n/e","n/e","n/e","n/e","n/e","n/e","n/e","n/e","n/e","n/e","n/e","n/e","3448","n/e","n/e","10","n/e","0","n/e","n/e","942"
"BZN|SE1","06.09.2022 01:00 - 06.09.2022 02:00 (CET/CEST)","n/e","n/e","n/e","n/e","n/e","n/e","n/e","n/e","n/e","n/e","n/e","n/e","n/e","3469","n/e","n/e","10","n/e","0","n/e","n/e","917"
"BZN|SE1","06.09.2022 02:00 - 06.09.2022 03:00 (CET/CEST)","n/e","n/e","n/e","n/e","n/e","n/e","n/e","n/e","n/e","n/e","n/e","n/e","n/e","3485","n/e","n/e","10","n/e","0","n/e","n/e","905"
"BZN|SE1","06.09.2022 03:00 - 06.09.2022 04:00 (CET/CEST)","n/e","n/e","n/e","n/e","n/e","n/e","n/e","n/e","n/e","n/e","n/e","n/e","n/e","3488","n/e","n/e","10","n/e","0","n/e","n/e","805"
"BZN|SE1","06.09.2022 04:00 - 06.09.2022 05:00 (CET/CEST)","n/e","n/e","n/e","n/e","n/e","n/e","n/e","n/e","n/e","n/e","n/e","n/e","n/e","3487","n/e","n/e","9","n/e","0","n/e","n/e","786"
"BZN|SE1","06.09.2022 05:00 - 06.09.2022 06:00 (CET/CEST)","n/e","n/e","n/e","n/e","n/e","n/e","n/e","n/e","n/e","n/e","n/e","n/e","n/e","3466","n/e","n/e","12","n/e","0","n/e","n/e","780"
"BZN|SE1","06.09.2022 06:00 - 06.09.2022 07:00 (CET/CEST)","n/e","n/e","n/e","n/e","n/e","n/e","n/e","n/e","n/e","n/e","n/e","n/e","n/e","3509","n/e","n/e","17","n/e","0","n/e","n/e","686"
"BZN|SE1","06.09.2022 07:00 - 06.09.2022 08:00 (CET/CEST)","n/e","n/e","n/e","n/e","n/e","n/e","n/e","n/e","n/e","n/e","n/e","n/e","n/e","3568","n/e","n/e","22","n/e","0","n/e","n/e","554"
"BZN|SE1","06.09.2022 08:00 - 06.09.2022 09:00 (CET/CEST)","n/e","n/e","n/e","n/e","n/e","n/e","n/e","n/e","n/e","n/e","n/e","n/e","n/e","3824","n/e","n/e","28","n/e","0","n/e","n/e","400"
"BZN|SE1","06.09.2022 09:00 - 06.09.2022 10:00 (CET/CEST)","n/e","n/e","n/e","n/e","n/e","n/e","n/e","n/e","n/e","n/e","n/e","n/e","n/e","3814","n/e","n/e","27","n/e","0","n/e","n/e","316"
"BZN|SE1","06.09.2022 10:00 - 06.09.2022 11:00 (CET/CEST)","n/e","n/e","n/e","n/e","n/e","n/e","n/e","n/e","n/e","n/e","n/e","n/e","n/e","3809","n/e","n/e","22","n/e","1","n/e","n/e","357"
"BZN|SE1","06.09.2022 11:00 - 06.09.2022 12:00 (CET/CEST)","n/e","n/e","n/e","n/e","n/e","n/e","n/e","n/e","n/e","n/e","n/e","n/e","n/e","3647","n/e","n/e","18","n/e","1","n/e","n/e","415"
"BZN|SE1","06.09.2022 12:00 - 06.09.2022 13:00 (CET/CEST)","n/e","n/e","n/e","n/e","n/e","n/e","n/e","n/e","n/e","n/e","n/e","n/e","n/e","3605","n/e","n/e","18","n/e","2","n/e","n/e","428"
"BZN|SE1","06.09.2022 13:00 - 06.09.2022 14:00 (CET/CEST)","n/e","n/e","n/e","n/e","n/e","n/e","n/e","n/e","n/e","n/e","n/e","n/e","n/e","3559","n/e","n/e","19","n/e","2","n/e","n/e","450"
"BZN|SE1","06.09.2022 14:00 - 06.09.2022 15:00 (CET/CEST)","n/e","n/e","n/e","n/e","n/e","n/e","n/e","n/e","n/e","n/e","n/e","n/e","n/e","3557","n/e","n/e","18","n/e","1","n/e","n/e","465"
"BZN|SE1","06.09.2022 15:00 - 06.09.2022 16:00 (CET/CEST)","n/e","n/e","n/e","n/e","n/e","n/e","n/e","n/e","n/e","n/e","n/e","n/e","n/e","3708","n/e","n/e","18","n/e","1","n/e","n/e","446"
"BZN|SE1","06.09.2022 16:00 - 06.09.2022 17:00 (CET/CEST)","n/e","n/e","n/e","n/e","n/e","n/e","n/e","n/e","n/e","n/e","n/e","n/e","n/e","3813","n/e","n/e","17","n/e","1","n/e","n/e","406"
"BZN|SE1","06.09.2022 17:00 - 06.09.2022 18:00 (CET/CEST)","n/e","n/e","n/e","n/e","n/e","n/e","n/e","n/e","n/e","n/e","n/e","n/e","n/e","3867","n/e","n/e","17","n/e","0","n/e","n/e","382"
"BZN|SE1","06.09.2022 18:00 - 06.09.2022 19:00 (CET/CEST)","n/e","n/e","n/e","n/e","n/e","n/e","n/e","n/e","n/e","n/e","n/e","n/e","n/e","3868","n/e","n/e","16","n/e","0","n/e","n/e","333"
"BZN|SE1","06.09.2022 19:00 - 06.09.2022 20:00 (CET/CEST)","n/e","n/e","n/e","n/e","n/e","n/e","n/e","n/e","n/e","n/e","n/e","n/e","n/e","3867","n/e","n/e","21","n/e","0","n/e","n/e","317"
"BZN|SE1","06.09.2022 20:00 - 06.09.2022 21:00 (CET/CEST)","n/e","n/e","n/e","n/e","n/e","n/e","n/e","n/e","n/e","n/e","n/e","n/e","n/e","3867","n/e","n/e","21","n/e","0","n/e","n/e","309"
"BZN|SE1","06.09.2022 21:00 - 06.09.2022 22:00 (CET/CEST)","n/e","n/e","n/e","n/e","n/e","n/e","n/e","n/e","n/e","n/e","n/e","n/e","n/e","3860","n/e","n/e","17","n/e","0","n/e","n/e","348"
"BZN|SE1","06.09.2022 22:00 - 06.09.2022 23:00 (CET/CEST)","n/e","n/e","n/e","n/e","n/e","n/e","n/e","n/e","n/e","n/e","n/e","n/e","n/e","3859","n/e","n/e","18","n/e","0","n/e","n/e","334"
"BZN|SE1","06.09.2022 23:00 - 07.09.2022 00:00 (CET/CEST)","n/e","n/e","n/e","n/e","n/e","n/e","n/e","n/e","n/e","n/e","n/e","n/e","n/e","3858","n/e","n/e","18","n/e","0","n/e","n/e","318"
"BZN|SE1","07.09.2022 00:00 - 07.09.2022 01:00 (CET/CEST)","n/e","n/e","n/e","n/e","n/e","n/e","n/e","n/e","n/e","n/e","n/e","n/e","n/e","3530","n/e","n/e","23","n/e","0","n/e","n/e","282"
"BZN|SE1","07.09.2022 01:00 - 07.09.2022 02:00 (CET/CEST)","n/e","n/e","n/e","n/e","n/e","n/e","n/e","n/e","n/e","n/e","n/e","n/e","n/e","3369","n/e","n/e","28","n/e","0","n/e","n/e","281"
"BZN|SE1","07.09.2022 02:00 - 07.09.2022 03:00 (CET/CEST)","n/e","n/e","n/e","n/e","n/e","n/e","n/e","n/e","n/e","n/e","n/e","n/e","n/e","3357","n/e","n/e","32","n/e","0","n/e","n/e","256"
"BZN|SE1","07.09.2022 03:00 - 07.09.2022 04:00 (CET/CEST)","n/e","n/e","n/e","n/e","n/e","n/e","n/e","n/e","n/e","n/e","n/e","n/e","n/e","3374","n/e","n/e","32","n/e","0","n/e","n/e","205"
"BZN|SE1","07.09.2022 04:00 - 07.09.2022 05:00 (CET/CEST)","n/e","n/e","n/e","n/e","n/e","n/e","n/e","n/e","n/e","n/e","n/e","n/e","n/e","3421","n/e","n/e","32","n/e","0","n/e","n/e","210"
"BZN|SE1","07.09.2022 05:00 - 07.09.2022 06:00 (CET/CEST)","n/e","n/e","n/e","n/e","n/e","n/e","n/e","n/e","n/e","n/e","n/e","n/e","n/e","3501","n/e","n/e","31","n/e","0","n/e","n/e","224"
"BZN|SE1","07.09.2022 06:00 - 07.09.2022 07:00 (CET/CEST)","n/e","n/e","n/e","n/e","n/e","n/e","n/e","n/e","n/e","n/e","n/e","n/e","n/e","3856","n/e","n/e","31","n/e","0","n/e","n/e","211"
"BZN|SE1","07.09.2022 07:00 - 07.09.2022 08:00 (CET/CEST)","n/e","n/e","n/e","n/e","n/e","n/e","n/e","n/e","n/e","n/e","n/e","n/e","n/e","3930","n/e","n/e","31","n/e","0","n/e","n/e","159"
"BZN|SE1","07.09.2022 08:00 - 07.09.2022 09:00 (CET/CEST)","n/e","n/e","n/e","n/e","n/e","n/e","n/e","n/e","n/e","n/e","n/e","n/e","n/e","3927","n/e","n/e","31","n/e","0","n/e","n/e","139"
"BZN|SE1","07.09.2022 09:00 - 07.09.2022 10:00 (CET/CEST)","n/e","n/e","n/e","n/e","n/e","n/e","n/e","n/e","n/e","n/e","n/e","n/e","n/e","3790","n/e","n/e","30","n/e","1","n/e","n/e","113"
"BZN|SE1","07.09.2022 10:00 - 07.09.2022 11:00 (CET/CEST)","n/e","n/e","n/e","n/e","n/e","n/e","n/e","n/e","n/e","n/e","n/e","n/e","n/e","3784","n/e","n/e","31","n/e","1","n/e","n/e","88"
"BZN|SE1","07.09.2022 11:00 - 07.09.2022 12:00 (CET/CEST)","n/e","n/e","n/e","n/e","n/e","n/e","n/e","n/e","n/e","n/e","n/e","n/e","n/e","3962","n/e","n/e","25","n/e","2","n/e","n/e","79"
"BZN|SE1","07.09.2022 12:00 - 07.09.2022 13:00 (CET/CEST)","n/e","n/e","n/e","n/e","n/e","n/e","n/e","n/e","n/e","n/e","n/e","n/e","n/e","3908","n/e","n/e","19","n/e","2","n/e","n/e","87"
"BZN|SE1","07.09.2022 13:00 - 07.09.2022 14:00 (CET/CEST)","n/e","n/e","n/e","n/e","n/e","n/e","n/e","n/e","n/e","n/e","n/e","n/e","n/e","3985","n/e","n/e","18","n/e","2","n/e","n/e","80"
"BZN|SE1","07.09.2022 14:00 - 07.09.2022 15:00 (CET/CEST)","n/e","n/e","n/e","n/e","n/e","n/e","n/e","n/e","n/e","n/e","n/e","n/e","n/e","3936","n/e","n/e","17","n/e","1","n/e","n/e","56"
"BZN|SE1","07.09.2022 15:00 - 07.09.2022 16:00 (CET/CEST)","n/e","n/e","n/e","n/e","n/e","n/e","n/e","n/e","n/e","n/e","n/e","n/e","n/e","3953","n/e","n/e","17","n/e","1","n/e","n/e","41"
"BZN|SE1","07.09.2022 16:00 - 07.09.2022 17:00 (CET/CEST)","n/e","n/e","n/e","n/e","n/e","n/e","n/e","n/e","n/e","n/e","n/e","n/e","n/e","3960","n/e","n/e","16","n/e","1","n/e","n/e","24"
"BZN|SE1","07.09.2022 17:00 - 07.09.2022 18:00 (CET/CEST)","n/e","n/e","n/e","n/e","n/e","n/e","n/e","n/e","n/e","n/e","n/e","n/e","n/e","3881","n/e","n/e","16","n/e","0","n/e","n/e","19"
"BZN|SE1","07.09.2022 18:00 - 07.09.2022 19:00 (CET/CEST)","n/e","n/e","n/e","n/e","n/e","n/e","n/e","n/e","n/e","n/e","n/e","n/e","n/e","3791","n/e","n/e","12","n/e","0","n/e","n/e","24"
"BZN|SE1","07.09.2022 19:00 - 07.09.2022 20:00 (CET/CEST)","n/e","n/e","n/e","n/e","n/e","n/e","n/e","n/e","n/e","n/e","n/e","n/e","n/e","3770","n/e","n/e","12","n/e","0","n/e","n/e","43"
"BZN|SE1","07.09.2022 20:00 - 07.09.2022 21:00 (CET/CEST)","n/e","n/e","n/e","n/e","n/e","n/e","n/e","n/e","n/e","n/e","n/e","n/e","n/e","3754","n/e","n/e","12","n/e","0","n/e","n/e","80"
"BZN|SE1","07.09.2022 21:00 - 07.09.2022 22:00 (CET/CEST)","n/e","n/e","n/e","n/e","n/e","n/e","n/e","n/e","n/e","n/e","n/e","n/e","n/e","3715","n/e","n/e","12","n/e","0","n/e","n/e","113"
"BZN|SE1","07.09.2022 22:00 - 07.09.2022 23:00 (CET/CEST)","n/e","n/e","n/e","n/e","n/e","n/e","n/e","n/e","n/e","n/e","n/e","n/e","n/e","3690","n/e","n/e","12","n/e","0","n/e","n/e","155"
"BZN|SE1","07.09.2022 23:00 - 08.09.2022 00:00 (CET/CEST)","n/e","n/e","n/e","n/e","n/e","n/e","n/e","n/e","n/e","n/e","n/e","n/e","n/e","3671","n/e","n/e","12","n/e","0","n/e","n/e","206"
"BZN|SE1","08.09.2022 00:00 - 08.09.2022 01:00 (CET/CEST)","n/e","n/e","n/e","n/e","n/e","n/e","n/e","n/e","n/e","n/e","n/e","n/e","n/e","3255","n/e","n/e","9","n/e","0","n/e","n/e","254"
"BZN|SE1","08.09.2022 01:00 - 08.09.2022 02:00 (CET/CEST)","n/e","n/e","n/e","n/e","n/e","n/e","n/e","n/e","n/e","n/e","n/e","n/e","n/e","2877","n/e","n/e","9","n/e","0","n/e","n/e","293"
"BZN|SE1","08.09.2022 02:00 - 08.09.2022 03:00 (CET/CEST)","n/e","n/e","n/e","n/e","n/e","n/e","n/e","n/e","n/e","n/e","n/e","n/e","n/e","2854","n/e","n/e","9","n/e","0","n/e","n/e","334"
"BZN|SE1","08.09.2022 03:00 - 08.09.2022 04:00 (CET/CEST)","n/e","n/e","n/e","n/e","n/e","n/e","n/e","n/e","n/e","n/e","n/e","n/e","n/e","2946","n/e","n/e","9","n/e","0","n/e","n/e","359"
"BZN|SE1","08.09.2022 04:00 - 08.09.2022 05:00 (CET/CEST)","n/e","n/e","n/e","n/e","n/e","n/e","n/e","n/e","n/e","n/e","n/e","n/e","n/e","3109","n/e","n/e","9","n/e","0","n/e","n/e","354"
"BZN|SE1","08.09.2022 05:00 - 08.09.2022 06:00 (CET/CEST)","n/e","n/e","n/e","n/e","n/e","n/e","n/e","n/e","n/e","n/e","n/e","n/e","n/e","3610","n/e","n/e","9","n/e","0","n/e","n/e","298"
"BZN|SE1","08.09.2022 06:00 - 08.09.2022 07:00 (CET/CEST)","n/e","n/e","n/e","n/e","n/e","n/e","n/e","n/e","n/e","n/e","n/e","n/e","n/e","3851","n/e","n/e","9","n/e","0","n/e","n/e","257"
"BZN|SE1","08.09.2022 07:00 - 08.09.2022 08:00 (CET/CEST)","n/e","n/e","n/e","n/e","n/e","n/e","n/e","n/e","n/e","n/e","n/e","n/e","n/e","3905","n/e","n/e","9","n/e","0","n/e","n/e","286"
"BZN|SE1","08.09.2022 08:00 - 08.09.2022 09:00 (CET/CEST)","n/e","n/e","n/e","n/e","n/e","n/e","n/e","n/e","n/e","n/e","n/e","n/e","n/e","3940","n/e","n/e","9","n/e","0","n/e","n/e","196"
"BZN|SE1","08.09.2022 09:00 - 08.09.2022 10:00 (CET/CEST)","n/e","n/e","n/e","n/e","n/e","n/e","n/e","n/e","n/e","n/e","n/e","n/e","n/e","3962","n/e","n/e","9","n/e","1","n/e","n/e","131"
"BZN|SE1","08.09.2022 10:00 - 08.09.2022 11:00 (CET/CEST)","n/e","n/e","n/e","n/e","n/e","n/e","n/e","n/e","n/e","n/e","n/e","n/e","n/e","3938","n/e","n/e","10","n/e","2","n/e","n/e","118"
"BZN|SE1","08.09.2022 11:00 - 08.09.2022 12:00 (CET/CEST)","n/e","n/e","n/e","n/e","n/e","n/e","n/e","n/e","n/e","n/e","n/e","n/e","n/e","3749","n/e","n/e","13","n/e","2","n/e","n/e","125"
"BZN|SE1","08.09.2022 12:00 - 08.09.2022 13:00 (CET/CEST)","n/e","n/e","n/e","n/e","n/e","n/e","n/e","n/e","n/e","n/e","n/e","n/e","n/e","3726","n/e","n/e","13","n/e","2","n/e","n/e","170"
"BZN|SE1","08.09.2022 13:00 - 08.09.2022 14:00 (CET/CEST)","n/e","n/e","n/e","n/e","n/e","n/e","n/e","n/e","n/e","n/e","n/e","n/e","n/e","3730","n/e","n/e","13","n/e","1","n/e","n/e","217"
"BZN|SE1","08.09.2022 14:00 - 08.09.2022 15:00 (CET/CEST)","n/e","n/e","n/e","n/e","n/e","n/e","n/e","n/e","n/e","n/e","n/e","n/e","n/e","3786","n/e","n/e","13","n/e","1","n/e","n/e","215"
"BZN|SE1","08.09.2022 15:00 - 08.09.2022 16:00 (CET/CEST)","n/e","n/e","n/e","n/e","n/e","n/e","n/e","n/e","n/e","n/e","n/e","n/e","n/e","3767","n/e","n/e","13","n/e","1","n/e","n/e","213"
"BZN|SE1","08.09.2022 16:00 - 08.09.2022 17:00 (CET/CEST)","n/e","n/e","n/e","n/e","n/e","n/e","n/e","n/e","n/e","n/e","n/e","n/e","n/e","3785","n/e","n/e","16","n/e","1","n/e","n/e","186"
"BZN|SE1","08.09.2022 17:00 - 08.09.2022 18:00 (CET/CEST)","n/e","n/e","n/e","n/e","n/e","n/e","n/e","n/e","n/e","n/e","n/e","n/e","n/e","3786","n/e","n/e","16","n/e","0","n/e","n/e","167"
"BZN|SE1","08.09.2022 18:00 - 08.09.2022 19:00 (CET/CEST)","n/e","n/e","n/e","n/e","n/e","n/e","n/e","n/e","n/e","n/e","n/e","n/e","n/e","3723","n/e","n/e","16","n/e","0","n/e","n/e","215"
"BZN|SE1","08.09.2022 19:00 - 08.09.2022 20:00 (CET/CEST)","n/e","n/e","n/e","n/e","n/e","n/e","n/e","n/e","n/e","n/e","n/e","n/e","n/e","3727","n/e","n/e","15","n/e","0","n/e","n/e","293"
"BZN|SE1","08.09.2022 20:00 - 08.09.2022 21:00 (CET/CEST)","n/e","n/e","n/e","n/e","n/e","n/e","n/e","n/e","n/e","n/e","n/e","n/e","n/e","3686","n/e","n/e","15","n/e","0","n/e","n/e","363"
"BZN|SE1","08.09.2022 21:00 - 08.09.2022 22:00 (CET/CEST)","n/e","n/e","n/e","n/e","n/e","n/e","n/e","n/e","n/e","n/e","n/e","n/e","n/e","3631","n/e","n/e","12","n/e","0","n/e","n/e","457"
"BZN|SE1","08.09.2022 22:00 - 08.09.2022 23:00 (CET/CEST)","n/e","n/e","n/e","n/e","n/e","n/e","n/e","n/e","n/e","n/e","n/e","n/e","n/e","3598","n/e","n/e","8","n/e","0","n/e","n/e","548"
"BZN|SE1","08.09.2022 23:00 - 09.09.2022 00:00 (CET/CEST)","n/e","n/e","n/e","n/e","n/e","n/e","n/e","n/e","n/e","n/e","n/e","n/e","n/e","3597","n/e","n/e","8","n/e","0","n/e","n/e","593"
"BZN|SE1","09.09.2022 00:00 - 09.09.2022 01:00 (CET/CEST)","n/e","n/e","n/e","n/e","n/e","n/e","n/e","n/e","n/e","n/e","n/e","n/e","n/e","3496","n/e","n/e","8","n/e","0","n/e","n/e","571"
"BZN|SE1","09.09.2022 01:00 - 09.09.2022 02:00 (CET/CEST)","n/e","n/e","n/e","n/e","n/e","n/e","n/e","n/e","n/e","n/e","n/e","n/e","n/e","3486","n/e","n/e","8","n/e","0","n/e","n/e","511"
"BZN|SE1","09.09.2022 02:00 - 09.09.2022 03:00 (CET/CEST)","n/e","n/e","n/e","n/e","n/e","n/e","n/e","n/e","n/e","n/e","n/e","n/e","n/e","3480","n/e","n/e","8","n/e","0","n/e","n/e","434"
"BZN|SE1","09.09.2022 03:00 - 09.09.2022 04:00 (CET/CEST)","n/e","n/e","n/e","n/e","n/e","n/e","n/e","n/e","n/e","n/e","n/e","n/e","n/e","3515","n/e","n/e","8","n/e","0","n/e","n/e","411"
"BZN|SE1","09.09.2022 04:00 - 09.09.2022 05:00 (CET/CEST)","n/e","n/e","n/e","n/e","n/e","n/e","n/e","n/e","n/e","n/e","n/e","n/e","n/e","3552","n/e","n/e","8","n/e","0","n/e","n/e","384"
"BZN|SE1","09.09.2022 05:00 - 09.09.2022 06:00 (CET/CEST)","n/e","n/e","n/e","n/e","n/e","n/e","n/e","n/e","n/e","n/e","n/e","n/e","n/e","3635","n/e","n/e","8","n/e","0","n/e","n/e","405"
"BZN|SE1","09.09.2022 06:00 - 09.09.2022 07:00 (CET/CEST)","n/e","n/e","n/e","n/e","n/e","n/e","n/e","n/e","n/e","n/e","n/e","n/e","n/e","3755","n/e","n/e","11","n/e","0","n/e","n/e","423"
"BZN|SE1","09.09.2022 07:00 - 09.09.2022 08:00 (CET/CEST)","n/e","n/e","n/e","n/e","n/e","n/e","n/e","n/e","n/e","n/e","n/e","n/e","n/e","3729","n/e","n/e","11","n/e","0","n/e","n/e","386"
"BZN|SE1","09.09.2022 08:00 - 09.09.2022 09:00 (CET/CEST)","n/e","n/e","n/e","n/e","n/e","n/e","n/e","n/e","n/e","n/e","n/e","n/e","n/e","3821","n/e","n/e","11","n/e","0","n/e","n/e","293"
"BZN|SE1","09.09.2022 09:00 - 09.09.2022 10:00 (CET/CEST)","n/e","n/e","n/e","n/e","n/e","n/e","n/e","n/e","n/e","n/e","n/e","n/e","n/e","3926","n/e","n/e","11","n/e","1","n/e","n/e","234"
"BZN|SE1","09.09.2022 10:00 - 09.09.2022 11:00 (CET/CEST)","n/e","n/e","n/e","n/e","n/e","n/e","n/e","n/e","n/e","n/e","n/e","n/e","n/e","3944","n/e","n/e","11","n/e","1","n/e","n/e","211"
"BZN|SE1","09.09.2022 11:00 - 09.09.2022 12:00 (CET/CEST)","n/e","n/e","n/e","n/e","n/e","n/e","n/e","n/e","n/e","n/e","n/e","n/e","n/e","3932","n/e","n/e","12","n/e","1","n/e","n/e","211"
"BZN|SE1","09.09.2022 12:00 - 09.09.2022 13:00 (CET/CEST)","n/e","n/e","n/e","n/e","n/e","n/e","n/e","n/e","n/e","n/e","n/e","n/e","n/e","3863","n/e","n/e","12","n/e","2","n/e","n/e","242"
"BZN|SE1","09.09.2022 13:00 - 09.09.2022 14:00 (CET/CEST)","n/e","n/e","n/e","n/e","n/e","n/e","n/e","n/e","n/e","n/e","n/e","n/e","n/e","3767","n/e","n/e","12","n/e","2","n/e","n/e","260"
"BZN|SE1","09.09.2022 14:00 - 09.09.2022 15:00 (CET/CEST)","n/e","n/e","n/e","n/e","n/e","n/e","n/e","n/e","n/e","n/e","n/e","n/e","n/e","3744","n/e","n/e","12","n/e","1","n/e","n/e","277"
"BZN|SE1","09.09.2022 15:00 - 09.09.2022 16:00 (CET/CEST)","n/e","n/e","n/e","n/e","n/e","n/e","n/e","n/e","n/e","n/e","n/e","n/e","n/e","3745","n/e","n/e","12","n/e","1","n/e","n/e","229"
"BZN|SE1","09.09.2022 16:00 - 09.09.2022 17:00 (CET/CEST)","n/e","n/e","n/e","n/e","n/e","n/e","n/e","n/e","n/e","n/e","n/e","n/e","n/e","3747","n/e","n/e","12","n/e","0","n/e","n/e","212"
"BZN|SE1","09.09.2022 17:00 - 09.09.2022 18:00 (CET/CEST)","n/e","n/e","n/e","n/e","n/e","n/e","n/e","n/e","n/e","n/e","n/e","n/e","n/e","3772","n/e","n/e","11","n/e","0","n/e","n/e","191"
"BZN|SE1","09.09.2022 18:00 - 09.09.2022 19:00 (CET/CEST)","n/e","n/e","n/e","n/e","n/e","n/e","n/e","n/e","n/e","n/e","n/e","n/e","n/e","3635","n/e","n/e","11","n/e","0","n/e","n/e","222"
"BZN|SE1","09.09.2022 19:00 - 09.09.2022 20:00 (CET/CEST)","n/e","n/e","n/e","n/e","n/e","n/e","n/e","n/e","n/e","n/e","n/e","n/e","n/e","3612","n/e","n/e","11","n/e","0","n/e","n/e","307"
"BZN|SE1","09.09.2022 20:00 - 09.09.2022 21:00 (CET/CEST)","n/e","n/e","n/e","n/e","n/e","n/e","n/e","n/e","n/e","n/e","n/e","n/e","n/e","3570","n/e","n/e","11","n/e","0","n/e","n/e","381"
"BZN|SE1","09.09.2022 21:00 - 09.09.2022 22:00 (CET/CEST)","n/e","n/e","n/e","n/e","n/e","n/e","n/e","n/e","n/e","n/e","n/e","n/e","n/e","3512","n/e","n/e","8","n/e","0","n/e","n/e","484"
"BZN|SE1","09.09.2022 22:00 - 09.09.2022 23:00 (CET/CEST)","n/e","n/e","n/e","n/e","n/e","n/e","n/e","n/e","n/e","n/e","n/e","n/e","n/e","3505","n/e","n/e","8","n/e","0","n/e","n/e","666"
"BZN|SE1","09.09.2022 23:00 - 10.09.2022 00:00 (CET/CEST)","n/e","n/e","n/e","n/e","n/e","n/e","n/e","n/e","n/e","n/e","n/e","n/e","n/e","3421","n/e","n/e","8","n/e","0","n/e","n/e","772"
"BZN|SE1","10.09.2022 00:00 - 10.09.2022 01:00 (CET/CEST)","n/e","n/e","n/e","n/e","n/e","n/e","n/e","n/e","n/e","n/e","n/e","n/e","n/e","3420","n/e","n/e","12","n/e","0","n/e","n/e","845"
"BZN|SE1","10.09.2022 01:00 - 10.09.2022 02:00 (CET/CEST)","n/e","n/e","n/e","n/e","n/e","n/e","n/e","n/e","n/e","n/e","n/e","n/e","n/e","3401","n/e","n/e","12","n/e","0","n/e","n/e","881"
"BZN|SE1","10.09.2022 02:00 - 10.09.2022 03:00 (CET/CEST)","n/e","n/e","n/e","n/e","n/e","n/e","n/e","n/e","n/e","n/e","n/e","n/e","n/e","3404","n/e","n/e","12","n/e","0","n/e","n/e","795"
"BZN|SE1","10.09.2022 03:00 - 10.09.2022 04:00 (CET/CEST)","n/e","n/e","n/e","n/e","n/e","n/e","n/e","n/e","n/e","n/e","n/e","n/e","n/e","3407","n/e","n/e","12","n/e","0","n/e","n/e","846"
"BZN|SE1","10.09.2022 04:00 - 10.09.2022 05:00 (CET/CEST)","n/e","n/e","n/e","n/e","n/e","n/e","n/e","n/e","n/e","n/e","n/e","n/e","n/e","3438","n/e","n/e","12","n/e","0","n/e","n/e","773"
"BZN|SE1","10.09.2022 05:00 - 10.09.2022 06:00 (CET/CEST)","n/e","n/e","n/e","n/e","n/e","n/e","n/e","n/e","n/e","n/e","n/e","n/e","n/e","3455","n/e","n/e","17","n/e","0","n/e","n/e","590"
"BZN|SE1","10.09.2022 06:00 - 10.09.2022 07:00 (CET/CEST)","n/e","n/e","n/e","n/e","n/e","n/e","n/e","n/e","n/e","n/e","n/e","n/e","n/e","3541","n/e","n/e","17","n/e","0","n/e","n/e","455"
"BZN|SE1","10.09.2022 07:00 - 10.09.2022 08:00 (CET/CEST)","n/e","n/e","n/e","n/e","n/e","n/e","n/e","n/e","n/e","n/e","n/e","n/e","n/e","3778","n/e","n/e","17","n/e","0","n/e","n/e","335"
"BZN|SE1","10.09.2022 08:00 - 10.09.2022 09:00 (CET/CEST)","n/e","n/e","n/e","n/e","n/e","n/e","n/e","n/e","n/e","n/e","n/e","n/e","n/e","3859","n/e","n/e","17","n/e","1","n/e","n/e","202"
"BZN|SE1","10.09.2022 09:00 - 10.09.2022 10:00 (CET/CEST)","n/e","n/e","n/e","n/e","n/e","n/e","n/e","n/e","n/e","n/e","n/e","n/e","n/e","3865","n/e","n/e","18","n/e","1","n/e","n/e","80"
"BZN|SE1","10.09.2022 10:00 - 10.09.2022 11:00 (CET/CEST)","n/e","n/e","n/e","n/e","n/e","n/e","n/e","n/e","n/e","n/e","n/e","n/e","n/e","3898","n/e","n/e","18","n/e","2","n/e","n/e","34"
"BZN|SE1","10.09.2022 11:00 - 10.09.2022 12:00 (CET/CEST)","n/e","n/e","n/e","n/e","n/e","n/e","n/e","n/e","n/e","n/e","n/e","n/e","n/e","3756","n/e","n/e","18","n/e","2","n/e","n/e","34"
"BZN|SE1","10.09.2022 12:00 - 10.09.2022 13:00 (CET/CEST)","n/e","n/e","n/e","n/e","n/e","n/e","n/e","n/e","n/e","n/e","n/e","n/e","n/e","3763","n/e","n/e","18","n/e","3","n/e","n/e","40"
"BZN|SE1","10.09.2022 13:00 - 10.09.2022 14:00 (CET/CEST)","n/e","n/e","n/e","n/e","n/e","n/e","n/e","n/e","n/e","n/e","n/e","n/e","n/e","3763","n/e","n/e","18","n/e","3","n/e","n/e","48"
"BZN|SE1","10.09.2022 14:00 - 10.09.2022 15:00 (CET/CEST)","n/e","n/e","n/e","n/e","n/e","n/e","n/e","n/e","n/e","n/e","n/e","n/e","n/e","3802","n/e","n/e","18","n/e","2","n/e","n/e","54"
"BZN|SE1","10.09.2022 15:00 - 10.09.2022 16:00 (CET/CEST)","n/e","n/e","n/e","n/e","n/e","n/e","n/e","n/e","n/e","n/e","n/e","n/e","n/e","3802","n/e","n/e","18","n/e","2","n/e","n/e","57"
"BZN|SE1","10.09.2022 16:00 - 10.09.2022 17:00 (CET/CEST)","n/e","n/e","n/e","n/e","n/e","n/e","n/e","n/e","n/e","n/e","n/e","n/e","n/e","3803","n/e","n/e","20","n/e","1","n/e","n/e","60"
"BZN|SE1","10.09.2022 17:00 - 10.09.2022 18:00 (CET/CEST)","n/e","n/e","n/e","n/e","n/e","n/e","n/e","n/e","n/e","n/e","n/e","n/e","n/e","3826","n/e","n/e","20","n/e","0","n/e","n/e","74"
"BZN|SE1","10.09.2022 18:00 - 10.09.2022 19:00 (CET/CEST)","n/e","n/e","n/e","n/e","n/e","n/e","n/e","n/e","n/e","n/e","n/e","n/e","n/e","3948","n/e","n/e","20","n/e","0","n/e","n/e","121"
"BZN|SE1","10.09.2022 19:00 - 10.09.2022 20:00 (CET/CEST)","n/e","n/e","n/e","n/e","n/e","n/e","n/e","n/e","n/e","n/e","n/e","n/e","n/e","3947","n/e","n/e","20","n/e","0","n/e","n/e","197"
"BZN|SE1","10.09.2022 20:00 - 10.09.2022 21:00 (CET/CEST)","n/e","n/e","n/e","n/e","n/e","n/e","n/e","n/e","n/e","n/e","n/e","n/e","n/e","3939","n/e","n/e","20","n/e","0","n/e","n/e","302"
"BZN|SE1","10.09.2022 21:00 - 10.09.2022 22:00 (CET/CEST)","n/e","n/e","n/e","n/e","n/e","n/e","n/e","n/e","n/e","n/e","n/e","n/e","n/e","3932","n/e","n/e","20","n/e","0","n/e","n/e","379"
"BZN|SE1","10.09.2022 22:00 - 10.09.2022 23:00 (CET/CEST)","n/e","n/e","n/e","n/e","n/e","n/e","n/e","n/e","n/e","n/e","n/e","n/e","n/e","3843","n/e","n/e","20","n/e","0","n/e","n/e","460"
"BZN|SE1","10.09.2022 23:00 - 11.09.2022 00:00 (CET/CEST)","n/e","n/e","n/e","n/e","n/e","n/e","n/e","n/e","n/e","n/e","n/e","n/e","n/e","3827","n/e","n/e","20","n/e","0","n/e","n/e","511"
"BZN|SE1","11.09.2022 00:00 - 11.09.2022 01:00 (CET/CEST)","n/e","n/e","n/e","n/e","n/e","n/e","n/e","n/e","n/e","n/e","n/e","n/e","n/e","3830","n/e","n/e","18","n/e","0","n/e","n/e","455"
"BZN|SE1","11.09.2022 01:00 - 11.09.2022 02:00 (CET/CEST)","n/e","n/e","n/e","n/e","n/e","n/e","n/e","n/e","n/e","n/e","n/e","n/e","n/e","3848","n/e","n/e","18","n/e","0","n/e","n/e","390"
"BZN|SE1","11.09.2022 02:00 - 11.09.2022 03:00 (CET/CEST)","n/e","n/e","n/e","n/e","n/e","n/e","n/e","n/e","n/e","n/e","n/e","n/e","n/e","3858","n/e","n/e","18","n/e","0","n/e","n/e","369"
"BZN|SE1","11.09.2022 03:00 - 11.09.2022 04:00 (CET/CEST)","n/e","n/e","n/e","n/e","n/e","n/e","n/e","n/e","n/e","n/e","n/e","n/e","n/e","3863","n/e","n/e","18","n/e","0","n/e","n/e","347"
"BZN|SE1","11.09.2022 04:00 - 11.09.2022 05:00 (CET/CEST)","n/e","n/e","n/e","n/e","n/e","n/e","n/e","n/e","n/e","n/e","n/e","n/e","n/e","3858","n/e","n/e","18","n/e","0","n/e","n/e","359"
"BZN|SE1","11.09.2022 05:00 - 11.09.2022 06:00 (CET/CEST)","n/e","n/e","n/e","n/e","n/e","n/e","n/e","n/e","n/e","n/e","n/e","n/e","n/e","3848","n/e","n/e","18","n/e","0","n/e","n/e","339"
"BZN|SE1","11.09.2022 06:00 - 11.09.2022 07:00 (CET/CEST)","n/e","n/e","n/e","n/e","n/e","n/e","n/e","n/e","n/e","n/e","n/e","n/e","n/e","3836","n/e","n/e","18","n/e","0","n/e","n/e","313"
"BZN|SE1","11.09.2022 07:00 - 11.09.2022 08:00 (CET/CEST)","n/e","n/e","n/e","n/e","n/e","n/e","n/e","n/e","n/e","n/e","n/e","n/e","n/e","3835","n/e","n/e","17","n/e","0","n/e","n/e","299"
"BZN|SE1","11.09.2022 08:00 - 11.09.2022 09:00 (CET/CEST)","n/e","n/e","n/e","n/e","n/e","n/e","n/e","n/e","n/e","n/e","n/e","n/e","n/e","3856","n/e","n/e","11","n/e","0","n/e","n/e","247"
"BZN|SE1","11.09.2022 09:00 - 11.09.2022 10:00 (CET/CEST)","n/e","n/e","n/e","n/e","n/e","n/e","n/e","n/e","n/e","n/e","n/e","n/e","n/e","3846","n/e","n/e","9","n/e","1","n/e","n/e","171"
"BZN|SE1","11.09.2022 10:00 - 11.09.2022 11:00 (CET/CEST)","n/e","n/e","n/e","n/e","n/e","n/e","n/e","n/e","n/e","n/e","n/e","n/e","n/e","3851","n/e","n/e","10","n/e","2","n/e","n/e","90"
"BZN|SE1","11.09.2022 11:00 - 11.09.2022 12:00 (CET/CEST)","n/e","n/e","n/e","n/e","n/e","n/e","n/e","n/e","n/e","n/e","n/e","n/e","n/e","3826","n/e","n/e","12","n/e","2","n/e","n/e","57"
"BZN|SE1","11.09.2022 12:00 - 11.09.2022 13:00 (CET/CEST)","n/e","n/e","n/e","n/e","n/e","n/e","n/e","n/e","n/e","n/e","n/e","n/e","n/e","3814","n/e","n/e","10","n/e","2","n/e","n/e","67"
"BZN|SE1","11.09.2022 13:00 - 11.09.2022 14:00 (CET/CEST)","n/e","n/e","n/e","n/e","n/e","n/e","n/e","n/e","n/e","n/e","n/e","n/e","n/e","3796","n/e","n/e","18","n/e","2","n/e","n/e","111"
"BZN|SE1","11.09.2022 14:00 - 11.09.2022 15:00 (CET/CEST)","n/e","n/e","n/e","n/e","n/e","n/e","n/e","n/e","n/e","n/e","n/e","n/e","n/e","3792","n/e","n/e","24","n/e","1","n/e","n/e","119"
"BZN|SE1","11.09.2022 15:00 - 11.09.2022 16:00 (CET/CEST)","n/e","n/e","n/e","n/e","n/e","n/e","n/e","n/e","n/e","n/e","n/e","n/e","n/e","3719","n/e","n/e","18","n/e","1","n/e","n/e","115"
"BZN|SE1","11.09.2022 16:00 - 11.09.2022 17:00 (CET/CEST)","n/e","n/e","n/e","n/e","n/e","n/e","n/e","n/e","n/e","n/e","n/e","n/e","n/e","3661","n/e","n/e","12","n/e","1","n/e","n/e","119"
"BZN|SE1","11.09.2022 17:00 - 11.09.2022 18:00 (CET/CEST)","n/e","n/e","n/e","n/e","n/e","n/e","n/e","n/e","n/e","n/e","n/e","n/e","n/e","3829","n/e","n/e","12","n/e","0","n/e","n/e","139"
"BZN|SE1","11.09.2022 18:00 - 11.09.2022 19:00 (CET/CEST)","n/e","n/e","n/e","n/e","n/e","n/e","n/e","n/e","n/e","n/e","n/e","n/e","n/e","3840","n/e","n/e","12","n/e","0","n/e","n/e","196"
"BZN|SE1","11.09.2022 19:00 - 11.09.2022 20:00 (CET/CEST)","n/e","n/e","n/e","n/e","n/e","n/e","n/e","n/e","n/e","n/e","n/e","n/e","n/e","3966","n/e","n/e","12","n/e","0","n/e","n/e","247"
"BZN|SE1","11.09.2022 20:00 - 11.09.2022 21:00 (CET/CEST)","n/e","n/e","n/e","n/e","n/e","n/e","n/e","n/e","n/e","n/e","n/e","n/e","n/e","3965","n/e","n/e","12","n/e","0","n/e","n/e","249"
"BZN|SE1","11.09.2022 21:00 - 11.09.2022 22:00 (CET/CEST)","n/e","n/e","n/e","n/e","n/e","n/e","n/e","n/e","n/e","n/e","n/e","n/e","n/e","3870","n/e","n/e","10","n/e","0","n/e","n/e","241"
"BZN|SE1","11.09.2022 22:00 - 11.09.2022 23:00 (CET/CEST)","n/e","n/e","n/e","n/e","n/e","n/e","n/e","n/e","n/e","n/e","n/e","n/e","n/e","3871","n/e","n/e","12","n/e","0","n/e","n/e","207"
"BZN|SE1","11.09.2022 23:00 - 12.09.2022 00:00 (CET/CEST)","n/e","n/e","n/e","n/e","n/e","n/e","n/e","n/e","n/e","n/e","n/e","n/e","n/e","3866","n/e","n/e","11","n/e","0","n/e","n/e","224"
"BZN|SE1","12.09.2022 00:00 - 12.09.2022 01:00 (CET/CEST)","n/e","n/e","n/e","n/e","n/e","n/e","n/e","n/e","n/e","n/e","n/e","n/e","n/e","3672","n/e","n/e","12","n/e","0","n/e","n/e","220"
"BZN|SE1","12.09.2022 01:00 - 12.09.2022 02:00 (CET/CEST)","n/e","n/e","n/e","n/e","n/e","n/e","n/e","n/e","n/e","n/e","n/e","n/e","n/e","3705","n/e","n/e","12","n/e","0","n/e","n/e","265"
"BZN|SE1","12.09.2022 02:00 - 12.09.2022 03:00 (CET/CEST)","n/e","n/e","n/e","n/e","n/e","n/e","n/e","n/e","n/e","n/e","n/e","n/e","n/e","3706","n/e","n/e","12","n/e","0","n/e","n/e","284"
"BZN|SE1","12.09.2022 03:00 - 12.09.2022 04:00 (CET/CEST)","n/e","n/e","n/e","n/e","n/e","n/e","n/e","n/e","n/e","n/e","n/e","n/e","n/e","3706","n/e","n/e","12","n/e","0","n/e","n/e","303"
"BZN|SE1","12.09.2022 04:00 - 12.09.2022 05:00 (CET/CEST)","n/e","n/e","n/e","n/e","n/e","n/e","n/e","n/e","n/e","n/e","n/e","n/e","n/e","3702","n/e","n/e","12","n/e","0","n/e","n/e","321"
"BZN|SE1","12.09.2022 05:00 - 12.09.2022 06:00 (CET/CEST)","n/e","n/e","n/e","n/e","n/e","n/e","n/e","n/e","n/e","n/e","n/e","n/e","n/e","3879","n/e","n/e","18","n/e","0","n/e","n/e","278"
"BZN|SE1","12.09.2022 06:00 - 12.09.2022 07:00 (CET/CEST)","n/e","n/e","n/e","n/e","n/e","n/e","n/e","n/e","n/e","n/e","n/e","n/e","n/e","3842","n/e","n/e","24","n/e","0","n/e","n/e","267"
"BZN|SE1","12.09.2022 07:00 - 12.09.2022 08:00 (CET/CEST)","n/e","n/e","n/e","n/e","n/e","n/e","n/e","n/e","n/e","n/e","n/e","n/e","n/e","4121","n/e","n/e","31","n/e","0","n/e","n/e","255"
"BZN|SE1","12.09.2022 08:00 - 12.09.2022 09:00 (CET/CEST)","n/e","n/e","n/e","n/e","n/e","n/e","n/e","n/e","n/e","n/e","n/e","n/e","n/e","4048","n/e","n/e","31","n/e","0","n/e","n/e","208"
"BZN|SE1","12.09.2022 09:00 - 12.09.2022 10:00 (CET/CEST)","n/e","n/e","n/e","n/e","n/e","n/e","n/e","n/e","n/e","n/e","n/e","n/e","n/e","4089","n/e","n/e","30","n/e","0","n/e","n/e","128"
"BZN|SE1","12.09.2022 10:00 - 12.09.2022 11:00 (CET/CEST)","n/e","n/e","n/e","n/e","n/e","n/e","n/e","n/e","n/e","n/e","n/e","n/e","n/e","3960","n/e","n/e","30","n/e","1","n/e","n/e","63"
"BZN|SE1","12.09.2022 11:00 - 12.09.2022 12:00 (CET/CEST)","n/e","n/e","n/e","n/e","n/e","n/e","n/e","n/e","n/e","n/e","n/e","n/e","n/e","4096","n/e","n/e","31","n/e","1","n/e","n/e","54"
"BZN|SE1","12.09.2022 12:00 - 12.09.2022 13:00 (CET/CEST)","n/e","n/e","n/e","n/e","n/e","n/e","n/e","n/e","n/e","n/e","n/e","n/e","n/e","4046","n/e","n/e","30","n/e","1","n/e","n/e","51"
"BZN|SE1","12.09.2022 13:00 - 12.09.2022 14:00 (CET/CEST)","n/e","n/e","n/e","n/e","n/e","n/e","n/e","n/e","n/e","n/e","n/e","n/e","n/e","3943","n/e","n/e","31","n/e","1","n/e","n/e","22"
"BZN|SE1","12.09.2022 14:00 - 12.09.2022 15:00 (CET/CEST)","n/e","n/e","n/e","n/e","n/e","n/e","n/e","n/e","n/e","n/e","n/e","n/e","n/e","3945","n/e","n/e","31","n/e","1","n/e","n/e","13"
"BZN|SE1","12.09.2022 15:00 - 12.09.2022 16:00 (CET/CEST)","n/e","n/e","n/e","n/e","n/e","n/e","n/e","n/e","n/e","n/e","n/e","n/e","n/e","3929","n/e","n/e","31","n/e","1","n/e","n/e","19"
"BZN|SE1","12.09.2022 16:00 - 12.09.2022 17:00 (CET/CEST)","n/e","n/e","n/e","n/e","n/e","n/e","n/e","n/e","n/e","n/e","n/e","n/e","n/e","3968","n/e","n/e","24","n/e","0","n/e","n/e","30"
"BZN|SE1","12.09.2022 17:00 - 12.09.2022 18:00 (CET/CEST)","n/e","n/e","n/e","n/e","n/e","n/e","n/e","n/e","n/e","n/e","n/e","n/e","n/e","3886","n/e","n/e","13","n/e","0","n/e","n/e","37"
"BZN|SE1","12.09.2022 18:00 - 12.09.2022 19:00 (CET/CEST)","n/e","n/e","n/e","n/e","n/e","n/e","n/e","n/e","n/e","n/e","n/e","n/e","n/e","3868","n/e","n/e","10","n/e","0","n/e","n/e","70"
"BZN|SE1","12.09.2022 19:00 - 12.09.2022 20:00 (CET/CEST)","n/e","n/e","n/e","n/e","n/e","n/e","n/e","n/e","n/e","n/e","n/e","n/e","n/e","3789","n/e","n/e","10","n/e","0","n/e","n/e","89"
"BZN|SE1","12.09.2022 20:00 - 12.09.2022 21:00 (CET/CEST)","n/e","n/e","n/e","n/e","n/e","n/e","n/e","n/e","n/e","n/e","n/e","n/e","n/e","3680","n/e","n/e","10","n/e","0","n/e","n/e","119"
"BZN|SE1","12.09.2022 21:00 - 12.09.2022 22:00 (CET/CEST)","n/e","n/e","n/e","n/e","n/e","n/e","n/e","n/e","n/e","n/e","n/e","n/e","n/e","3601","n/e","n/e","9","n/e","0","n/e","n/e","165"
"BZN|SE1","12.09.2022 22:00 - 12.09.2022 23:00 (CET/CEST)","n/e","n/e","n/e","n/e","n/e","n/e","n/e","n/e","n/e","n/e","n/e","n/e","n/e","3266","n/e","n/e","10","n/e","0","n/e","n/e","297"
"BZN|SE1","12.09.2022 23:00 - 13.09.2022 00:00 (CET/CEST)","n/e","n/e","n/e","n/e","n/e","n/e","n/e","n/e","n/e","n/e","n/e","n/e","n/e","3093","n/e","n/e","10","n/e","0","n/e","n/e","336"
"BZN|SE1","13.09.2022 00:00 - 13.09.2022 01:00 (CET/CEST)","n/e","n/e","n/e","n/e","n/e","n/e","n/e","n/e","n/e","n/e","n/e","n/e","n/e","2822","n/e","n/e","10","n/e","0","n/e","n/e","319"
"BZN|SE1","13.09.2022 01:00 - 13.09.2022 02:00 (CET/CEST)","n/e","n/e","n/e","n/e","n/e","n/e","n/e","n/e","n/e","n/e","n/e","n/e","n/e","2882","n/e","n/e","10","n/e","0","n/e","n/e","354"
"BZN|SE1","13.09.2022 02:00 - 13.09.2022 03:00 (CET/CEST)","n/e","n/e","n/e","n/e","n/e","n/e","n/e","n/e","n/e","n/e","n/e","n/e","n/e","2828","n/e","n/e","10","n/e","0","n/e","n/e","437"
"BZN|SE1","13.09.2022 03:00 - 13.09.2022 04:00 (CET/CEST)","n/e","n/e","n/e","n/e","n/e","n/e","n/e","n/e","n/e","n/e","n/e","n/e","n/e","2782","n/e","n/e","10","n/e","0","n/e","n/e","406"
"BZN|SE1","13.09.2022 04:00 - 13.09.2022 05:00 (CET/CEST)","n/e","n/e","n/e","n/e","n/e","n/e","n/e","n/e","n/e","n/e","n/e","n/e","n/e","2748","n/e","n/e","10","n/e","0","n/e","n/e","415"
"BZN|SE1","13.09.2022 05:00 - 13.09.2022 06:00 (CET/CEST)","n/e","n/e","n/e","n/e","n/e","n/e","n/e","n/e","n/e","n/e","n/e","n/e","n/e","2966","n/e","n/e","10","n/e","0","n/e","n/e","455"
"BZN|SE1","13.09.2022 06:00 - 13.09.2022 07:00 (CET/CEST)","n/e","n/e","n/e","n/e","n/e","n/e","n/e","n/e","n/e","n/e","n/e","n/e","n/e","3171","n/e","n/e","14","n/e","0","n/e","n/e","469"
"BZN|SE1","13.09.2022 07:00 - 13.09.2022 08:00 (CET/CEST)","n/e","n/e","n/e","n/e","n/e","n/e","n/e","n/e","n/e","n/e","n/e","n/e","n/e","3357","n/e","n/e","17","n/e","0","n/e","n/e","443"
"BZN|SE1","13.09.2022 08:00 - 13.09.2022 09:00 (CET/CEST)","n/e","n/e","n/e","n/e","n/e","n/e","n/e","n/e","n/e","n/e","n/e","n/e","n/e","3384","n/e","n/e","8","n/e","0","n/e","n/e","379"
"BZN|SE1","13.09.2022 09:00 - 13.09.2022 10:00 (CET/CEST)","n/e","n/e","n/e","n/e","n/e","n/e","n/e","n/e","n/e","n/e","n/e","n/e","n/e","3376","n/e","n/e","7","n/e","0","n/e","n/e","397"
"BZN|SE1","13.09.2022 10:00 - 13.09.2022 11:00 (CET/CEST)","n/e","n/e","n/e","n/e","n/e","n/e","n/e","n/e","n/e","n/e","n/e","n/e","n/e","3383","n/e","n/e","7","n/e","0","n/e","n/e","444"
"BZN|SE1","13.09.2022 11:00 - 13.09.2022 12:00 (CET/CEST)","n/e","n/e","n/e","n/e","n/e","n/e","n/e","n/e","n/e","n/e","n/e","n/e","n/e","3343","n/e","n/e","8","n/e","0","n/e","n/e","488"
"BZN|SE1","13.09.2022 12:00 - 13.09.2022 13:00 (CET/CEST)","n/e","n/e","n/e","n/e","n/e","n/e","n/e","n/e","n/e","n/e","n/e","n/e","n/e","3301","n/e","n/e","7","n/e","0","n/e","n/e","544"
"BZN|SE1","13.09.2022 13:00 - 13.09.2022 14:00 (CET/CEST)","n/e","n/e","n/e","n/e","n/e","n/e","n/e","n/e","n/e","n/e","n/e","n/e","n/e","3259","n/e","n/e","8","n/e","0","n/e","n/e","628"
"BZN|SE1","13.09.2022 14:00 - 13.09.2022 15:00 (CET/CEST)","n/e","n/e","n/e","n/e","n/e","n/e","n/e","n/e","n/e","n/e","n/e","n/e","n/e","3187","n/e","n/e","9","n/e","0","n/e","n/e","663"
"BZN|SE1","13.09.2022 15:00 - 13.09.2022 16:00 (CET/CEST)","n/e","n/e","n/e","n/e","n/e","n/e","n/e","n/e","n/e","n/e","n/e","n/e","n/e","3206","n/e","n/e","9","n/e","0","n/e","n/e","721"
"BZN|SE1","13.09.2022 16:00 - 13.09.2022 17:00 (CET/CEST)","n/e","n/e","n/e","n/e","n/e","n/e","n/e","n/e","n/e","n/e","n/e","n/e","n/e","3171","n/e","n/e","11","n/e","0","n/e","n/e","735"
"BZN|SE1","13.09.2022 17:00 - 13.09.2022 18:00 (CET/CEST)","n/e","n/e","n/e","n/e","n/e","n/e","n/e","n/e","n/e","n/e","n/e","n/e","n/e","3193","n/e","n/e","11","n/e","0","n/e","n/e","761"
"BZN|SE1","13.09.2022 18:00 - 13.09.2022 19:00 (CET/CEST)","n/e","n/e","n/e","n/e","n/e","n/e","n/e","n/e","n/e","n/e","n/e","n/e","n/e","3212","n/e","n/e","11","n/e","0","n/e","n/e","756"
"BZN|SE1","13.09.2022 19:00 - 13.09.2022 20:00 (CET/CEST)","n/e","n/e","n/e","n/e","n/e","n/e","n/e","n/e","n/e","n/e","n/e","n/e","n/e","3213","n/e","n/e","10","n/e","0","n/e","n/e","786"
"BZN|SE1","13.09.2022 20:00 - 13.09.2022 21:00 (CET/CEST)","n/e","n/e","n/e","n/e","n/e","n/e","n/e","n/e","n/e","n/e","n/e","n/e","n/e","3200","n/e","n/e","11","n/e","0","n/e","n/e","832"
"BZN|SE1","13.09.2022 21:00 - 13.09.2022 22:00 (CET/CEST)","n/e","n/e","n/e","n/e","n/e","n/e","n/e","n/e","n/e","n/e","n/e","n/e","n/e","3164","n/e","n/e","9","n/e","0","n/e","n/e","785"
"BZN|SE1","13.09.2022 22:00 - 13.09.2022 23:00 (CET/CEST)","n/e","n/e","n/e","n/e","n/e","n/e","n/e","n/e","n/e","n/e","n/e","n/e","n/e","3000","n/e","n/e","11","n/e","0","n/e","n/e","784"
"BZN|SE1","13.09.2022 23:00 - 14.09.2022 00:00 (CET/CEST)","n/e","n/e","n/e","n/e","n/e","n/e","n/e","n/e","n/e","n/e","n/e","n/e","n/e","2816","n/e","n/e","10","n/e","0","n/e","n/e","705"
"BZN|SE1","14.09.2022 00:00 - 14.09.2022 01:00 (CET/CEST)","n/e","n/e","n/e","n/e","n/e","n/e","n/e","n/e","n/e","n/e","n/e","n/e","n/e","2733","n/e","n/e","10","n/e","0","n/e","n/e","667"
"BZN|SE1","14.09.2022 01:00 - 14.09.2022 02:00 (CET/CEST)","n/e","n/e","n/e","n/e","n/e","n/e","n/e","n/e","n/e","n/e","n/e","n/e","n/e","2702","n/e","n/e","10","n/e","0","n/e","n/e","574"
"BZN|SE1","14.09.2022 02:00 - 14.09.2022 03:00 (CET/CEST)","n/e","n/e","n/e","n/e","n/e","n/e","n/e","n/e","n/e","n/e","n/e","n/e","n/e","2615","n/e","n/e","10","n/e","0","n/e","n/e","490"
"BZN|SE1","14.09.2022 03:00 - 14.09.2022 04:00 (CET/CEST)","n/e","n/e","n/e","n/e","n/e","n/e","n/e","n/e","n/e","n/e","n/e","n/e","n/e","2530","n/e","n/e","10","n/e","0","n/e","n/e","444"
"BZN|SE1","14.09.2022 04:00 - 14.09.2022 05:00 (CET/CEST)","n/e","n/e","n/e","n/e","n/e","n/e","n/e","n/e","n/e","n/e","n/e","n/e","n/e","2654","n/e","n/e","15","n/e","0","n/e","n/e","391"
"BZN|SE1","14.09.2022 05:00 - 14.09.2022 06:00 (CET/CEST)","n/e","n/e","n/e","n/e","n/e","n/e","n/e","n/e","n/e","n/e","n/e","n/e","n/e","2930","n/e","n/e","15","n/e","0","n/e","n/e","322"
"BZN|SE1","14.09.2022 06:00 - 14.09.2022 07:00 (CET/CEST)","n/e","n/e","n/e","n/e","n/e","n/e","n/e","n/e","n/e","n/e","n/e","n/e","n/e","3252","n/e","n/e","15","n/e","0","n/e","n/e","329"
"BZN|SE1","14.09.2022 07:00 - 14.09.2022 08:00 (CET/CEST)","n/e","n/e","n/e","n/e","n/e","n/e","n/e","n/e","n/e","n/e","n/e","n/e","n/e","3293","n/e","n/e","12","n/e","0","n/e","n/e","338"
"BZN|SE1","14.09.2022 08:00 - 14.09.2022 09:00 (CET/CEST)","n/e","n/e","n/e","n/e","n/e","n/e","n/e","n/e","n/e","n/e","n/e","n/e","n/e","3296","n/e","n/e","13","n/e","0","n/e","n/e","359"
"BZN|SE1","14.09.2022 09:00 - 14.09.2022 10:00 (CET/CEST)","n/e","n/e","n/e","n/e","n/e","n/e","n/e","n/e","n/e","n/e","n/e","n/e","n/e","3451","n/e","n/e","12","n/e","0","n/e","n/e","373"
"BZN|SE1","14.09.2022 10:00 - 14.09.2022 11:00 (CET/CEST)","n/e","n/e","n/e","n/e","n/e","n/e","n/e","n/e","n/e","n/e","n/e","n/e","n/e","3595","n/e","n/e","12","n/e","0","n/e","n/e","399"
"BZN|SE1","14.09.2022 11:00 - 14.09.2022 12:00 (CET/CEST)","n/e","n/e","n/e","n/e","n/e","n/e","n/e","n/e","n/e","n/e","n/e","n/e","n/e","3598","n/e","n/e","13","n/e","0","n/e","n/e","433"
"BZN|SE1","14.09.2022 12:00 - 14.09.2022 13:00 (CET/CEST)","n/e","n/e","n/e","n/e","n/e","n/e","n/e","n/e","n/e","n/e","n/e","n/e","n/e","3614","n/e","n/e","12","n/e","0","n/e","n/e","442"
"BZN|SE1","14.09.2022 13:00 - 14.09.2022 14:00 (CET/CEST)","n/e","n/e","n/e","n/e","n/e","n/e","n/e","n/e","n/e","n/e","n/e","n/e","n/e","3503","n/e","n/e","13","n/e","0","n/e","n/e","422"
"BZN|SE1","14.09.2022 14:00 - 14.09.2022 15:00 (CET/CEST)","n/e","n/e","n/e","n/e","n/e","n/e","n/e","n/e","n/e","n/e","n/e","n/e","n/e","3500","n/e","n/e","13","n/e","0","n/e","n/e","475"
"BZN|SE1","14.09.2022 15:00 - 14.09.2022 16:00 (CET/CEST)","n/e","n/e","n/e","n/e","n/e","n/e","n/e","n/e","n/e","n/e","n/e","n/e","n/e","3471","n/e","n/e","17","n/e","0","n/e","n/e","497"
"BZN|SE1","14.09.2022 16:00 - 14.09.2022 17:00 (CET/CEST)","n/e","n/e","n/e","n/e","n/e","n/e","n/e","n/e","n/e","n/e","n/e","n/e","n/e","3460","n/e","n/e","19","n/e","0","n/e","n/e","513"
"BZN|SE1","14.09.2022 17:00 - 14.09.2022 18:00 (CET/CEST)","n/e","n/e","n/e","n/e","n/e","n/e","n/e","n/e","n/e","n/e","n/e","n/e","n/e","3245","n/e","n/e","23","n/e","0","n/e","n/e","575"
"BZN|SE1","14.09.2022 18:00 - 14.09.2022 19:00 (CET/CEST)","n/e","n/e","n/e","n/e","n/e","n/e","n/e","n/e","n/e","n/e","n/e","n/e","n/e","3245","n/e","n/e","23","n/e","0","n/e","n/e","603"
"BZN|SE1","14.09.2022 19:00 - 14.09.2022 20:00 (CET/CEST)","n/e","n/e","n/e","n/e","n/e","n/e","n/e","n/e","n/e","n/e","n/e","n/e","n/e","3194","n/e","n/e","23","n/e","0","n/e","n/e","645"
"BZN|SE1","14.09.2022 20:00 - 14.09.2022 21:00 (CET/CEST)","n/e","n/e","n/e","n/e","n/e","n/e","n/e","n/e","n/e","n/e","n/e","n/e","n/e","3220","n/e","n/e","23","n/e","0","n/e","n/e","710"
"BZN|SE1","14.09.2022 21:00 - 14.09.2022 22:00 (CET/CEST)","n/e","n/e","n/e","n/e","n/e","n/e","n/e","n/e","n/e","n/e","n/e","n/e","n/e","3132","n/e","n/e","18","n/e","0","n/e","n/e","696"
"BZN|SE1","14.09.2022 22:00 - 14.09.2022 23:00 (CET/CEST)","n/e","n/e","n/e","n/e","n/e","n/e","n/e","n/e","n/e","n/e","n/e","n/e","n/e","3017","n/e","n/e","16","n/e","0","n/e","n/e","736"
"BZN|SE1","14.09.2022 23:00 - 15.09.2022 00:00 (CET/CEST)","n/e","n/e","n/e","n/e","n/e","n/e","n/e","n/e","n/e","n/e","n/e","n/e","n/e","2769","n/e","n/e","15","n/e","0","n/e","n/e","739"
"BZN|SE1","15.09.2022 00:00 - 15.09.2022 01:00 (CET/CEST)","n/e","n/e","n/e","n/e","n/e","n/e","n/e","n/e","n/e","n/e","n/e","n/e","n/e","2161","n/e","n/e","15","n/e","0","n/e","n/e","720"
"BZN|SE1","15.09.2022 01:00 - 15.09.2022 02:00 (CET/CEST)","n/e","n/e","n/e","n/e","n/e","n/e","n/e","n/e","n/e","n/e","n/e","n/e","n/e","2137","n/e","n/e","15","n/e","0","n/e","n/e","724"
"BZN|SE1","15.09.2022 02:00 - 15.09.2022 03:00 (CET/CEST)","n/e","n/e","n/e","n/e","n/e","n/e","n/e","n/e","n/e","n/e","n/e","n/e","n/e","2120","n/e","n/e","16","n/e","0","n/e","n/e","661"
"BZN|SE1","15.09.2022 03:00 - 15.09.2022 04:00 (CET/CEST)","n/e","n/e","n/e","n/e","n/e","n/e","n/e","n/e","n/e","n/e","n/e","n/e","n/e","2148","n/e","n/e","16","n/e","0","n/e","n/e","803"
"BZN|SE1","15.09.2022 04:00 - 15.09.2022 05:00 (CET/CEST)","n/e","n/e","n/e","n/e","n/e","n/e","n/e","n/e","n/e","n/e","n/e","n/e","n/e","2243","n/e","n/e","15","n/e","0","n/e","n/e","838"
"BZN|SE1","15.09.2022 05:00 - 15.09.2022 06:00 (CET/CEST)","n/e","n/e","n/e","n/e","n/e","n/e","n/e","n/e","n/e","n/e","n/e","n/e","n/e","2569","n/e","n/e","15","n/e","0","n/e","n/e","829"
"BZN|SE1","15.09.2022 06:00 - 15.09.2022 07:00 (CET/CEST)","n/e","n/e","n/e","n/e","n/e","n/e","n/e","n/e","n/e","n/e","n/e","n/e","n/e","3111","n/e","n/e","15","n/e","0","n/e","n/e","873"
"BZN|SE1","15.09.2022 07:00 - 15.09.2022 08:00 (CET/CEST)","n/e","n/e","n/e","n/e","n/e","n/e","n/e","n/e","n/e","n/e","n/e","n/e","n/e","3293","n/e","n/e","17","n/e","0","n/e","n/e","892"
"BZN|SE1","15.09.2022 08:00 - 15.09.2022 09:00 (CET/CEST)","n/e","n/e","n/e","n/e","n/e","n/e","n/e","n/e","n/e","n/e","n/e","n/e","n/e","3335","n/e","n/e","18","n/e","0","n/e","n/e","786"
"BZN|SE1","15.09.2022 09:00 - 15.09.2022 10:00 (CET/CEST)","n/e","n/e","n/e","n/e","n/e","n/e","n/e","n/e","n/e","n/e","n/e","n/e","n/e","3289","n/e","n/e","19","n/e","0","n/e","n/e","748"
"BZN|SE1","15.09.2022 10:00 - 15.09.2022 11:00 (CET/CEST)","n/e","n/e","n/e","n/e","n/e","n/e","n/e","n/e","n/e","n/e","n/e","n/e","n/e","3278","n/e","n/e","20","n/e","0","n/e","n/e","757"
"BZN|SE1","15.09.2022 11:00 - 15.09.2022 12:00 (CET/CEST)","n/e","n/e","n/e","n/e","n/e","n/e","n/e","n/e","n/e","n/e","n/e","n/e","n/e","3195","n/e","n/e","20","n/e","0","n/e","n/e","744"
"BZN|SE1","15.09.2022 12:00 - 15.09.2022 13:00 (CET/CEST)","n/e","n/e","n/e","n/e","n/e","n/e","n/e","n/e","n/e","n/e","n/e","n/e","n/e","3153","n/e","n/e","19","n/e","0","n/e","n/e","714"
"BZN|SE1","15.09.2022 13:00 - 15.09.2022 14:00 (CET/CEST)","n/e","n/e","n/e","n/e","n/e","n/e","n/e","n/e","n/e","n/e","n/e","n/e","n/e","3186","n/e","n/e","20","n/e","0","n/e","n/e","709"
"BZN|SE1","15.09.2022 14:00 - 15.09.2022 15:00 (CET/CEST)","n/e","n/e","n/e","n/e","n/e","n/e","n/e","n/e","n/e","n/e","n/e","n/e","n/e","3173","n/e","n/e","20","n/e","0","n/e","n/e","705"
"BZN|SE1","15.09.2022 15:00 - 15.09.2022 16:00 (CET/CEST)","n/e","n/e","n/e","n/e","n/e","n/e","n/e","n/e","n/e","n/e","n/e","n/e","n/e","3187","n/e","n/e","20","n/e","0","n/e","n/e","737"
"BZN|SE1","15.09.2022 16:00 - 15.09.2022 17:00 (CET/CEST)","n/e","n/e","n/e","n/e","n/e","n/e","n/e","n/e","n/e","n/e","n/e","n/e","n/e","3142","n/e","n/e","17","n/e","0","n/e","n/e","774"
"BZN|SE1","15.09.2022 17:00 - 15.09.2022 18:00 (CET/CEST)","n/e","n/e","n/e","n/e","n/e","n/e","n/e","n/e","n/e","n/e","n/e","n/e","n/e","3161","n/e","n/e","17","n/e","0","n/e","n/e","802"
"BZN|SE1","15.09.2022 18:00 - 15.09.2022 19:00 (CET/CEST)","n/e","n/e","n/e","n/e","n/e","n/e","n/e","n/e","n/e","n/e","n/e","n/e","n/e","3260","n/e","n/e","14","n/e","0","n/e","n/e","746"
"BZN|SE1","15.09.2022 19:00 - 15.09.2022 20:00 (CET/CEST)","n/e","n/e","n/e","n/e","n/e","n/e","n/e","n/e","n/e","n/e","n/e","n/e","n/e","3253","n/e","n/e","14","n/e","0","n/e","n/e","779"
"BZN|SE1","15.09.2022 20:00 - 15.09.2022 21:00 (CET/CEST)","n/e","n/e","n/e","n/e","n/e","n/e","n/e","n/e","n/e","n/e","n/e","n/e","n/e","3228","n/e","n/e","14","n/e","0","n/e","n/e","751"
"BZN|SE1","15.09.2022 21:00 - 15.09.2022 22:00 (CET/CEST)","n/e","n/e","n/e","n/e","n/e","n/e","n/e","n/e","n/e","n/e","n/e","n/e","n/e","3189","n/e","n/e","13","n/e","0","n/e","n/e","723"
"BZN|SE1","15.09.2022 22:00 - 15.09.2022 23:00 (CET/CEST)","n/e","n/e","n/e","n/e","n/e","n/e","n/e","n/e","n/e","n/e","n/e","n/e","n/e","3031","n/e","n/e","14","n/e","0","n/e","n/e","726"
"BZN|SE1","15.09.2022 23:00 - 16.09.2022 00:00 (CET/CEST)","n/e","n/e","n/e","n/e","n/e","n/e","n/e","n/e","n/e","n/e","n/e","n/e","n/e","2806","n/e","n/e","14","n/e","0","n/e","n/e","726"
"BZN|SE1","16.09.2022 00:00 - 16.09.2022 01:00 (CET/CEST)","n/e","n/e","n/e","n/e","n/e","n/e","n/e","n/e","n/e","n/e","n/e","n/e","n/e","2599","n/e","n/e","12","n/e","0","n/e","n/e","718"
"BZN|SE1","16.09.2022 01:00 - 16.09.2022 02:00 (CET/CEST)","n/e","n/e","n/e","n/e","n/e","n/e","n/e","n/e","n/e","n/e","n/e","n/e","n/e","2400","n/e","n/e","12","n/e","0","n/e","n/e","722"
"BZN|SE1","16.09.2022 02:00 - 16.09.2022 03:00 (CET/CEST)","n/e","n/e","n/e","n/e","n/e","n/e","n/e","n/e","n/e","n/e","n/e","n/e","n/e","2249","n/e","n/e","12","n/e","0","n/e","n/e","758"
"BZN|SE1","16.09.2022 03:00 - 16.09.2022 04:00 (CET/CEST)","n/e","n/e","n/e","n/e","n/e","n/e","n/e","n/e","n/e","n/e","n/e","n/e","n/e","2245","n/e","n/e","12","n/e","0","n/e","n/e","785"
"BZN|SE1","16.09.2022 04:00 - 16.09.2022 05:00 (CET/CEST)","n/e","n/e","n/e","n/e","n/e","n/e","n/e","n/e","n/e","n/e","n/e","n/e","n/e","2476","n/e","n/e","12","n/e","0","n/e","n/e","824"
"BZN|SE1","16.09.2022 05:00 - 16.09.2022 06:00 (CET/CEST)","n/e","n/e","n/e","n/e","n/e","n/e","n/e","n/e","n/e","n/e","n/e","n/e","n/e","2778","n/e","n/e","12","n/e","0","n/e","n/e","855"
"BZN|SE1","16.09.2022 06:00 - 16.09.2022 07:00 (CET/CEST)","n/e","n/e","n/e","n/e","n/e","n/e","n/e","n/e","n/e","n/e","n/e","n/e","n/e","3199","n/e","n/e","12","n/e","0","n/e","n/e","893"
"BZN|SE1","16.09.2022 07:00 - 16.09.2022 08:00 (CET/CEST)","n/e","n/e","n/e","n/e","n/e","n/e","n/e","n/e","n/e","n/e","n/e","n/e","n/e","3174","n/e","n/e","12","n/e","0","n/e","n/e","896"
"BZN|SE1","16.09.2022 08:00 - 16.09.2022 09:00 (CET/CEST)","n/e","n/e","n/e","n/e","n/e","n/e","n/e","n/e","n/e","n/e","n/e","n/e","n/e","3213","n/e","n/e","12","n/e","0","n/e","n/e","851"
"BZN|SE1","16.09.2022 09:00 - 16.09.2022 10:00 (CET/CEST)","n/e","n/e","n/e","n/e","n/e","n/e","n/e","n/e","n/e","n/e","n/e","n/e","n/e","3220","n/e","n/e","13","n/e","0","n/e","n/e","856"
"BZN|SE1","16.09.2022 10:00 - 16.09.2022 11:00 (CET/CEST)","n/e","n/e","n/e","n/e","n/e","n/e","n/e","n/e","n/e","n/e","n/e","n/e","n/e","3219","n/e","n/e","12","n/e","0","n/e","n/e","844"
"BZN|SE1","16.09.2022 11:00 - 16.09.2022 12:00 (CET/CEST)","n/e","n/e","n/e","n/e","n/e","n/e","n/e","n/e","n/e","n/e","n/e","n/e","n/e","3225","n/e","n/e","13","n/e","0","n/e","n/e","855"
"BZN|SE1","16.09.2022 12:00 - 16.09.2022 13:00 (CET/CEST)","n/e","n/e","n/e","n/e","n/e","n/e","n/e","n/e","n/e","n/e","n/e","n/e","n/e","3192","n/e","n/e","12","n/e","0","n/e","n/e","890"
"BZN|SE1","16.09.2022 13:00 - 16.09.2022 14:00 (CET/CEST)","n/e","n/e","n/e","n/e","n/e","n/e","n/e","n/e","n/e","n/e","n/e","n/e","n/e","3198","n/e","n/e","13","n/e","0","n/e","n/e","887"
"BZN|SE1","16.09.2022 14:00 - 16.09.2022 15:00 (CET/CEST)","n/e","n/e","n/e","n/e","n/e","n/e","n/e","n/e","n/e","n/e","n/e","n/e","n/e","3069","n/e","n/e","13","n/e","0","n/e","n/e","839"
"BZN|SE1","16.09.2022 15:00 - 16.09.2022 16:00 (CET/CEST)","n/e","n/e","n/e","n/e","n/e","n/e","n/e","n/e","n/e","n/e","n/e","n/e","n/e","3053","n/e","n/e","13","n/e","0","n/e","n/e","895"
"BZN|SE1","16.09.2022 16:00 - 16.09.2022 17:00 (CET/CEST)","n/e","n/e","n/e","n/e","n/e","n/e","n/e","n/e","n/e","n/e","n/e","n/e","n/e","3128","n/e","n/e","13","n/e","0","n/e","n/e","946"
"BZN|SE1","16.09.2022 17:00 - 16.09.2022 18:00 (CET/CEST)","n/e","n/e","n/e","n/e","n/e","n/e","n/e","n/e","n/e","n/e","n/e","n/e","n/e","3116","n/e","n/e","13","n/e","0","n/e","n/e","959"
"BZN|SE1","16.09.2022 18:00 - 16.09.2022 19:00 (CET/CEST)","n/e","n/e","n/e","n/e","n/e","n/e","n/e","n/e","n/e","n/e","n/e","n/e","n/e","2953","n/e","n/e","11","n/e","0","n/e","n/e","1068"
"BZN|SE1","16.09.2022 19:00 - 16.09.2022 20:00 (CET/CEST)","n/e","n/e","n/e","n/e","n/e","n/e","n/e","n/e","n/e","n/e","n/e","n/e","n/e","2933","n/e","n/e","11","n/e","0","n/e","n/e","1120"
"BZN|SE1","16.09.2022 20:00 - 16.09.2022 21:00 (CET/CEST)","n/e","n/e","n/e","n/e","n/e","n/e","n/e","n/e","n/e","n/e","n/e","n/e","n/e","2912","n/e","n/e","11","n/e","0","n/e","n/e","1169"
"BZN|SE1","16.09.2022 21:00 - 16.09.2022 22:00 (CET/CEST)","n/e","n/e","n/e","n/e","n/e","n/e","n/e","n/e","n/e","n/e","n/e","n/e","n/e","2828","n/e","n/e","11","n/e","0","n/e","n/e","1198"
"BZN|SE1","16.09.2022 22:00 - 16.09.2022 23:00 (CET/CEST)","n/e","n/e","n/e","n/e","n/e","n/e","n/e","n/e","n/e","n/e","n/e","n/e","n/e","2684","n/e","n/e","12","n/e","0","n/e","n/e","1241"
"BZN|SE1","16.09.2022 23:00 - 17.09.2022 00:00 (CET/CEST)","n/e","n/e","n/e","n/e","n/e","n/e","n/e","n/e","n/e","n/e","n/e","n/e","n/e","2240","n/e","n/e","12","n/e","0","n/e","n/e","1256"
"BZN|SE1","17.09.2022 00:00 - 17.09.2022 01:00 (CET/CEST)","n/e","n/e","n/e","n/e","n/e","n/e","n/e","n/e","n/e","n/e","n/e","n/e","n/e","2189","n/e","n/e","13","n/e","0","n/e","n/e","1283"
"BZN|SE1","17.09.2022 01:00 - 17.09.2022 02:00 (CET/CEST)","n/e","n/e","n/e","n/e","n/e","n/e","n/e","n/e","n/e","n/e","n/e","n/e","n/e","2011","n/e","n/e","13","n/e","0","n/e","n/e","1306"
"BZN|SE1","17.09.2022 02:00 - 17.09.2022 03:00 (CET/CEST)","n/e","n/e","n/e","n/e","n/e","n/e","n/e","n/e","n/e","n/e","n/e","n/e","n/e","1989","n/e","n/e","13","n/e","0","n/e","n/e","1284"
"BZN|SE1","17.09.2022 03:00 - 17.09.2022 04:00 (CET/CEST)","n/e","n/e","n/e","n/e","n/e","n/e","n/e","n/e","n/e","n/e","n/e","n/e","n/e","1947","n/e","n/e","13","n/e","0","n/e","n/e","1249"
"BZN|SE1","17.09.2022 04:00 - 17.09.2022 05:00 (CET/CEST)","n/e","n/e","n/e","n/e","n/e","n/e","n/e","n/e","n/e","n/e","n/e","n/e","n/e","2011","n/e","n/e","13","n/e","0","n/e","n/e","1249"
"BZN|SE1","17.09.2022 05:00 - 17.09.2022 06:00 (CET/CEST)","n/e","n/e","n/e","n/e","n/e","n/e","n/e","n/e","n/e","n/e","n/e","n/e","n/e","2147","n/e","n/e","11","n/e","0","n/e","n/e","1312"
"BZN|SE1","17.09.2022 06:00 - 17.09.2022 07:00 (CET/CEST)","n/e","n/e","n/e","n/e","n/e","n/e","n/e","n/e","n/e","n/e","n/e","n/e","n/e","2391","n/e","n/e","11","n/e","0","n/e","n/e","1374"
"BZN|SE1","17.09.2022 07:00 - 17.09.2022 08:00 (CET/CEST)","n/e","n/e","n/e","n/e","n/e","n/e","n/e","n/e","n/e","n/e","n/e","n/e","n/e","2583","n/e","n/e","11","n/e","0","n/e","n/e","1394"
"BZN|SE1","17.09.2022 08:00 - 17.09.2022 09:00 (CET/CEST)","n/e","n/e","n/e","n/e","n/e","n/e","n/e","n/e","n/e","n/e","n/e","n/e","n/e","2913","n/e","n/e","11","n/e","0","n/e","n/e","1359"
"BZN|SE1","17.09.2022 09:00 - 17.09.2022 10:00 (CET/CEST)","n/e","n/e","n/e","n/e","n/e","n/e","n/e","n/e","n/e","n/e","n/e","n/e","n/e","3028","n/e","n/e","12","n/e","0","n/e","n/e","1338"
"BZN|SE1","17.09.2022 10:00 - 17.09.2022 11:00 (CET/CEST)","n/e","n/e","n/e","n/e","n/e","n/e","n/e","n/e","n/e","n/e","n/e","n/e","n/e","3048","n/e","n/e","12","n/e","0","n/e","n/e","1314"
"BZN|SE1","17.09.2022 11:00 - 17.09.2022 12:00 (CET/CEST)","n/e","n/e","n/e","n/e","n/e","n/e","n/e","n/e","n/e","n/e","n/e","n/e","n/e","3002","n/e","n/e","13","n/e","0","n/e","n/e","1303"
"BZN|SE1","17.09.2022 12:00 - 17.09.2022 13:00 (CET/CEST)","n/e","n/e","n/e","n/e","n/e","n/e","n/e","n/e","n/e","n/e","n/e","n/e","n/e","2766","n/e","n/e","12","n/e","0","n/e","n/e","1320"
"BZN|SE1","17.09.2022 13:00 - 17.09.2022 14:00 (CET/CEST)","n/e","n/e","n/e","n/e","n/e","n/e","n/e","n/e","n/e","n/e","n/e","n/e","n/e","2325","n/e","n/e","12","n/e","0","n/e","n/e","1348"
"BZN|SE1","17.09.2022 14:00 - 17.09.2022 15:00 (CET/CEST)","n/e","n/e","n/e","n/e","n/e","n/e","n/e","n/e","n/e","n/e","n/e","n/e","n/e","2328","n/e","n/e","12","n/e","0","n/e","n/e","1274"
"BZN|SE1","17.09.2022 15:00 - 17.09.2022 16:00 (CET/CEST)","n/e","n/e","n/e","n/e","n/e","n/e","n/e","n/e","n/e","n/e","n/e","n/e","n/e","2421","n/e","n/e","13","n/e","0","n/e","n/e","1276"
"BZN|SE1","17.09.2022 16:00 - 17.09.2022 17:00 (CET/CEST)","n/e","n/e","n/e","n/e","n/e","n/e","n/e","n/e","n/e","n/e","n/e","n/e","n/e","2742","n/e","n/e","13","n/e","0","n/e","n/e","1323"
"BZN|SE1","17.09.2022 17:00 - 17.09.2022 18:00 (CET/CEST)","n/e","n/e","n/e","n/e","n/e","n/e","n/e","n/e","n/e","n/e","n/e","n/e","n/e","3128","n/e","n/e","13","n/e","0","n/e","n/e","1367"
"BZN|SE1","17.09.2022 18:00 - 17.09.2022 19:00 (CET/CEST)","n/e","n/e","n/e","n/e","n/e","n/e","n/e","n/e","n/e","n/e","n/e","n/e","n/e","3119","n/e","n/e","13","n/e","0","n/e","n/e","1425"
"BZN|SE1","17.09.2022 19:00 - 17.09.2022 20:00 (CET/CEST)","n/e","n/e","n/e","n/e","n/e","n/e","n/e","n/e","n/e","n/e","n/e","n/e","n/e","3112","n/e","n/e","13","n/e","0","n/e","n/e","1456"
"BZN|SE1","17.09.2022 20:00 - 17.09.2022 21:00 (CET/CEST)","n/e","n/e","n/e","n/e","n/e","n/e","n/e","n/e","n/e","n/e","n/e","n/e","n/e","3100","n/e","n/e","13","n/e","0","n/e","n/e","1399"
"BZN|SE1","17.09.2022 21:00 - 17.09.2022 22:00 (CET/CEST)","n/e","n/e","n/e","n/e","n/e","n/e","n/e","n/e","n/e","n/e","n/e","n/e","n/e","3153","n/e","n/e","13","n/e","0","n/e","n/e","1394"
"BZN|SE1","17.09.2022 22:00 - 17.09.2022 23:00 (CET/CEST)","n/e","n/e","n/e","n/e","n/e","n/e","n/e","n/e","n/e","n/e","n/e","n/e","n/e","3085","n/e","n/e","13","n/e","0","n/e","n/e","1407"
"BZN|SE1","17.09.2022 23:00 - 18.09.2022 00:00 (CET/CEST)","n/e","n/e","n/e","n/e","n/e","n/e","n/e","n/e","n/e","n/e","n/e","n/e","n/e","3075","n/e","n/e","13","n/e","0","n/e","n/e","1379"
"BZN|SE1","18.09.2022 00:00 - 18.09.2022 01:00 (CET/CEST)","n/e","n/e","n/e","n/e","n/e","n/e","n/e","n/e","n/e","n/e","n/e","n/e","n/e","2242","n/e","n/e","13","n/e","0","n/e","n/e","1368"
"BZN|SE1","18.09.2022 01:00 - 18.09.2022 02:00 (CET/CEST)","n/e","n/e","n/e","n/e","n/e","n/e","n/e","n/e","n/e","n/e","n/e","n/e","n/e","2222","n/e","n/e","13","n/e","0","n/e","n/e","1319"
"BZN|SE1","18.09.2022 02:00 - 18.09.2022 03:00 (CET/CEST)","n/e","n/e","n/e","n/e","n/e","n/e","n/e","n/e","n/e","n/e","n/e","n/e","n/e","2050","n/e","n/e","13","n/e","0","n/e","n/e","1290"
"BZN|SE1","18.09.2022 03:00 - 18.09.2022 04:00 (CET/CEST)","n/e","n/e","n/e","n/e","n/e","n/e","n/e","n/e","n/e","n/e","n/e","n/e","n/e","2267","n/e","n/e","13","n/e","0","n/e","n/e","1246"
"BZN|SE1","18.09.2022 04:00 - 18.09.2022 05:00 (CET/CEST)","n/e","n/e","n/e","n/e","n/e","n/e","n/e","n/e","n/e","n/e","n/e","n/e","n/e","2740","n/e","n/e","12","n/e","0","n/e","n/e","1284"
"BZN|SE1","18.09.2022 05:00 - 18.09.2022 06:00 (CET/CEST)","n/e","n/e","n/e","n/e","n/e","n/e","n/e","n/e","n/e","n/e","n/e","n/e","n/e","2531","n/e","n/e","17","n/e","0","n/e","n/e","1293"
"BZN|SE1","18.09.2022 06:00 - 18.09.2022 07:00 (CET/CEST)","n/e","n/e","n/e","n/e","n/e","n/e","n/e","n/e","n/e","n/e","n/e","n/e","n/e","2022","n/e","n/e","17","n/e","0","n/e","n/e","1273"
"BZN|SE1","18.09.2022 07:00 - 18.09.2022 08:00 (CET/CEST)","n/e","n/e","n/e","n/e","n/e","n/e","n/e","n/e","n/e","n/e","n/e","n/e","n/e","3150","n/e","n/e","17","n/e","0","n/e","n/e","1322"
"BZN|SE1","18.09.2022 08:00 - 18.09.2022 09:00 (CET/CEST)","n/e","n/e","n/e","n/e","n/e","n/e","n/e","n/e","n/e","n/e","n/e","n/e","n/e","3171","n/e","n/e","17","n/e","0","n/e","n/e","1350"
"BZN|SE1","18.09.2022 09:00 - 18.09.2022 10:00 (CET/CEST)","n/e","n/e","n/e","n/e","n/e","n/e","n/e","n/e","n/e","n/e","n/e","n/e","n/e","3174","n/e","n/e","17","n/e","0","n/e","n/e","1316"
"BZN|SE1","18.09.2022 10:00 - 18.09.2022 11:00 (CET/CEST)","n/e","n/e","n/e","n/e","n/e","n/e","n/e","n/e","n/e","n/e","n/e","n/e","n/e","3134","n/e","n/e","18","n/e","0","n/e","n/e","1275"
"BZN|SE1","18.09.2022 11:00 - 18.09.2022 12:00 (CET/CEST)","n/e","n/e","n/e","n/e","n/e","n/e","n/e","n/e","n/e","n/e","n/e","n/e","n/e","3144","n/e","n/e","18","n/e","0","n/e","n/e","1211"
"BZN|SE1","18.09.2022 12:00 - 18.09.2022 13:00 (CET/CEST)","n/e","n/e","n/e","n/e","n/e","n/e","n/e","n/e","n/e","n/e","n/e","n/e","n/e","3045","n/e","n/e","18","n/e","0","n/e","n/e","1164"
"BZN|SE1","18.09.2022 13:00 - 18.09.2022 14:00 (CET/CEST)","n/e","n/e","n/e","n/e","n/e","n/e","n/e","n/e","n/e","n/e","n/e","n/e","n/e","2780","n/e","n/e","18","n/e","0","n/e","n/e","1144"
"BZN|SE1","18.09.2022 14:00 - 18.09.2022 15:00 (CET/CEST)","n/e","n/e","n/e","n/e","n/e","n/e","n/e","n/e","n/e","n/e","n/e","n/e","n/e","2686","n/e","n/e","17","n/e","0","n/e","n/e","1152"
"BZN|SE1","18.09.2022 15:00 - 18.09.2022 16:00 (CET/CEST)","n/e","n/e","n/e","n/e","n/e","n/e","n/e","n/e","n/e","n/e","n/e","n/e","n/e","2739","n/e","n/e","17","n/e","0","n/e","n/e","1111"
"BZN|SE1","18.09.2022 16:00 - 18.09.2022 17:00 (CET/CEST)","n/e","n/e","n/e","n/e","n/e","n/e","n/e","n/e","n/e","n/e","n/e","n/e","n/e","3068","n/e","n/e","17","n/e","0","n/e","n/e","1152"
"BZN|SE1","18.09.2022 17:00 - 18.09.2022 18:00 (CET/CEST)","n/e","n/e","n/e","n/e","n/e","n/e","n/e","n/e","n/e","n/e","n/e","n/e","n/e","3031","n/e","n/e","17","n/e","0","n/e","n/e","1125"
"BZN|SE1","18.09.2022 18:00 - 18.09.2022 19:00 (CET/CEST)","n/e","n/e","n/e","n/e","n/e","n/e","n/e","n/e","n/e","n/e","n/e","n/e","n/e","2851","n/e","n/e","17","n/e","0","n/e","n/e","1143"
"BZN|SE1","18.09.2022 19:00 - 18.09.2022 20:00 (CET/CEST)","n/e","n/e","n/e","n/e","n/e","n/e","n/e","n/e","n/e","n/e","n/e","n/e","n/e","2849","n/e","n/e","14","n/e","0","n/e","n/e","1187"
"BZN|SE1","18.09.2022 20:00 - 18.09.2022 21:00 (CET/CEST)","n/e","n/e","n/e","n/e","n/e","n/e","n/e","n/e","n/e","n/e","n/e","n/e","n/e","2784","n/e","n/e","17","n/e","0","n/e","n/e","1180"
"BZN|SE1","18.09.2022 21:00 - 18.09.2022 22:00 (CET/CEST)","n/e","n/e","n/e","n/e","n/e","n/e","n/e","n/e","n/e","n/e","n/e","n/e","n/e","2735","n/e","n/e","17","n/e","0","n/e","n/e","1172"
"BZN|SE1","18.09.2022 22:00 - 18.09.2022 23:00 (CET/CEST)","n/e","n/e","n/e","n/e","n/e","n/e","n/e","n/e","n/e","n/e","n/e","n/e","n/e","2737","n/e","n/e","17","n/e","0","n/e","n/e","1179"
"BZN|SE1","18.09.2022 23:00 - 19.09.2022 00:00 (CET/CEST)","n/e","n/e","n/e","n/e","n/e","n/e","n/e","n/e","n/e","n/e","n/e","n/e","n/e","2673","n/e","n/e","17","n/e","0","n/e","n/e","1196"
"BZN|SE1","19.09.2022 00:00 - 19.09.2022 01:00 (CET/CEST)","n/e","n/e","n/e","n/e","n/e","n/e","n/e","n/e","n/e","n/e","n/e","n/e","n/e","2368","n/e","n/e","13","n/e","0","n/e","n/e","1176"
"BZN|SE1","19.09.2022 01:00 - 19.09.2022 02:00 (CET/CEST)","n/e","n/e","n/e","n/e","n/e","n/e","n/e","n/e","n/e","n/e","n/e","n/e","n/e","2339","n/e","n/e","13","n/e","0","n/e","n/e","1161"
"BZN|SE1","19.09.2022 02:00 - 19.09.2022 03:00 (CET/CEST)","n/e","n/e","n/e","n/e","n/e","n/e","n/e","n/e","n/e","n/e","n/e","n/e","n/e","2193","n/e","n/e","13","n/e","0","n/e","n/e","1181"
"BZN|SE1","19.09.2022 03:00 - 19.09.2022 04:00 (CET/CEST)","n/e","n/e","n/e","n/e","n/e","n/e","n/e","n/e","n/e","n/e","n/e","n/e","n/e","2152","n/e","n/e","13","n/e","0","n/e","n/e","1214"
"BZN|SE1","19.09.2022 04:00 - 19.09.2022 05:00 (CET/CEST)","n/e","n/e","n/e","n/e","n/e","n/e","n/e","n/e","n/e","n/e","n/e","n/e","n/e","2188","n/e","n/e","13","n/e","0","n/e","n/e","1291"
"BZN|SE1","19.09.2022 05:00 - 19.09.2022 06:00 (CET/CEST)","n/e","n/e","n/e","n/e","n/e","n/e","n/e","n/e","n/e","n/e","n/e","n/e","n/e","2412","n/e","n/e","17","n/e","0","n/e","n/e","1317"
"BZN|SE1","19.09.2022 06:00 - 19.09.2022 07:00 (CET/CEST)","n/e","n/e","n/e","n/e","n/e","n/e","n/e","n/e","n/e","n/e","n/e","n/e","n/e","2962","n/e","n/e","20","n/e","0","n/e","n/e","1341"
"BZN|SE1","19.09.2022 07:00 - 19.09.2022 08:00 (CET/CEST)","n/e","n/e","n/e","n/e","n/e","n/e","n/e","n/e","n/e","n/e","n/e","n/e","n/e","2953","n/e","n/e","20","n/e","0","n/e","n/e","1333"
"BZN|SE1","19.09.2022 08:00 - 19.09.2022 09:00 (CET/CEST)","n/e","n/e","n/e","n/e","n/e","n/e","n/e","n/e","n/e","n/e","n/e","n/e","n/e","2957","n/e","n/e","20","n/e","0","n/e","n/e","1298"
"BZN|SE1","19.09.2022 09:00 - 19.09.2022 10:00 (CET/CEST)","n/e","n/e","n/e","n/e","n/e","n/e","n/e","n/e","n/e","n/e","n/e","n/e","n/e","3031","n/e","n/e","20","n/e","0","n/e","n/e","1282"
"BZN|SE1","19.09.2022 10:00 - 19.09.2022 11:00 (CET/CEST)","n/e","n/e","n/e","n/e","n/e","n/e","n/e","n/e","n/e","n/e","n/e","n/e","n/e","3023","n/e","n/e","20","n/e","0","n/e","n/e","1285"
"BZN|SE1","19.09.2022 11:00 - 19.09.2022 12:00 (CET/CEST)","n/e","n/e","n/e","n/e","n/e","n/e","n/e","n/e","n/e","n/e","n/e","n/e","n/e","2999","n/e","n/e","20","n/e","0","n/e","n/e","1252"
"BZN|SE1","19.09.2022 12:00 - 19.09.2022 13:00 (CET/CEST)","n/e","n/e","n/e","n/e","n/e","n/e","n/e","n/e","n/e","n/e","n/e","n/e","n/e","3042","n/e","n/e","20","n/e","0","n/e","n/e","1267"
"BZN|SE1","19.09.2022 13:00 - 19.09.2022 14:00 (CET/CEST)","n/e","n/e","n/e","n/e","n/e","n/e","n/e","n/e","n/e","n/e","n/e","n/e","n/e","2953","n/e","n/e","20","n/e","0","n/e","n/e","1285"
"BZN|SE1","19.09.2022 14:00 - 19.09.2022 15:00 (CET/CEST)","n/e","n/e","n/e","n/e","n/e","n/e","n/e","n/e","n/e","n/e","n/e","n/e","n/e","2954","n/e","n/e","20","n/e","0","n/e","n/e","1328"
"BZN|SE1","19.09.2022 15:00 - 19.09.2022 16:00 (CET/CEST)","n/e","n/e","n/e","n/e","n/e","n/e","n/e","n/e","n/e","n/e","n/e","n/e","n/e","3023","n/e","n/e","20","n/e","0","n/e","n/e","1375"
"BZN|SE1","19.09.2022 16:00 - 19.09.2022 17:00 (CET/CEST)","n/e","n/e","n/e","n/e","n/e","n/e","n/e","n/e","n/e","n/e","n/e","n/e","n/e","2815","n/e","n/e","21","n/e","0","n/e","n/e","1329"
"BZN|SE1","19.09.2022 17:00 - 19.09.2022 18:00 (CET/CEST)","n/e","n/e","n/e","n/e","n/e","n/e","n/e","n/e","n/e","n/e","n/e","n/e","n/e","2950","n/e","n/e","18","n/e","0","n/e","n/e","1349"
"BZN|SE1","19.09.2022 18:00 - 19.09.2022 19:00 (CET/CEST)","n/e","n/e","n/e","n/e","n/e","n/e","n/e","n/e","n/e","n/e","n/e","n/e","n/e","2876","n/e","n/e","14","n/e","0","n/e","n/e","1285"
"BZN|SE1","19.09.2022 19:00 - 19.09.2022 20:00 (CET/CEST)","n/e","n/e","n/e","n/e","n/e","n/e","n/e","n/e","n/e","n/e","n/e","n/e","n/e","2873","n/e","n/e","14","n/e","0","n/e","n/e","1398"
"BZN|SE1","19.09.2022 20:00 - 19.09.2022 21:00 (CET/CEST)","n/e","n/e","n/e","n/e","n/e","n/e","n/e","n/e","n/e","n/e","n/e","n/e","n/e","2702","n/e","n/e","14","n/e","0","n/e","n/e","1387"
"BZN|SE1","19.09.2022 21:00 - 19.09.2022 22:00 (CET/CEST)","n/e","n/e","n/e","n/e","n/e","n/e","n/e","n/e","n/e","n/e","n/e","n/e","n/e","2534","n/e","n/e","14","n/e","0","n/e","n/e","1397"
"BZN|SE1","19.09.2022 22:00 - 19.09.2022 23:00 (CET/CEST)","n/e","n/e","n/e","n/e","n/e","n/e","n/e","n/e","n/e","n/e","n/e","n/e","n/e","2150","n/e","n/e","11","n/e","0","n/e","n/e","1457"
"BZN|SE1","19.09.2022 23:00 - 20.09.2022 00:00 (CET/CEST)","n/e","n/e","n/e","n/e","n/e","n/e","n/e","n/e","n/e","n/e","n/e","n/e","n/e","1973","n/e","n/e","11","n/e","0","n/e","n/e","1516"
"BZN|SE1","20.09.2022 00:00 - 20.09.2022 01:00 (CET/CEST)","n/e","n/e","n/e","n/e","n/e","n/e","n/e","n/e","n/e","n/e","n/e","n/e","n/e","1882","n/e","n/e","11","n/e","0","n/e","n/e","1530"
"BZN|SE1","20.09.2022 01:00 - 20.09.2022 02:00 (CET/CEST)","n/e","n/e","n/e","n/e","n/e","n/e","n/e","n/e","n/e","n/e","n/e","n/e","n/e","1788","n/e","n/e","12","n/e","0","n/e","n/e","1551"
"BZN|SE1","20.09.2022 02:00 - 20.09.2022 03:00 (CET/CEST)","n/e","n/e","n/e","n/e","n/e","n/e","n/e","n/e","n/e","n/e","n/e","n/e","n/e","1691","n/e","n/e","12","n/e","0","n/e","n/e","1537"
"BZN|SE1","20.09.2022 03:00 - 20.09.2022 04:00 (CET/CEST)","n/e","n/e","n/e","n/e","n/e","n/e","n/e","n/e","n/e","n/e","n/e","n/e","n/e","1780","n/e","n/e","11","n/e","0","n/e","n/e","1562"
"BZN|SE1","20.09.2022 04:00 - 20.09.2022 05:00 (CET/CEST)","n/e","n/e","n/e","n/e","n/e","n/e","n/e","n/e","n/e","n/e","n/e","n/e","n/e","1954","n/e","n/e","11","n/e","0","n/e","n/e","1548"
"BZN|SE1","20.09.2022 05:00 - 20.09.2022 06:00 (CET/CEST)","n/e","n/e","n/e","n/e","n/e","n/e","n/e","n/e","n/e","n/e","n/e","n/e","n/e","2197","n/e","n/e","13","n/e","0","n/e","n/e","1533"
"BZN|SE1","20.09.2022 06:00 - 20.09.2022 07:00 (CET/CEST)","n/e","n/e","n/e","n/e","n/e","n/e","n/e","n/e","n/e","n/e","n/e","n/e","n/e","2529","n/e","n/e","13","n/e","0","n/e","n/e","1466"
"BZN|SE1","20.09.2022 07:00 - 20.09.2022 08:00 (CET/CEST)","n/e","n/e","n/e","n/e","n/e","n/e","n/e","n/e","n/e","n/e","n/e","n/e","n/e","2896","n/e","n/e","16","n/e","0","n/e","n/e","1377"
"BZN|SE1","20.09.2022 08:00 - 20.09.2022 09:00 (CET/CEST)","n/e","n/e","n/e","n/e","n/e","n/e","n/e","n/e","n/e","n/e","n/e","n/e","n/e","3164","n/e","n/e","14","n/e","1","n/e","n/e","1149"
"BZN|SE1","20.09.2022 09:00 - 20.09.2022 10:00 (CET/CEST)","n/e","n/e","n/e","n/e","n/e","n/e","n/e","n/e","n/e","n/e","n/e","n/e","n/e","3335","n/e","n/e","19","n/e","1","n/e","n/e","998"
"BZN|SE1","20.09.2022 10:00 - 20.09.2022 11:00 (CET/CEST)","n/e","n/e","n/e","n/e","n/e","n/e","n/e","n/e","n/e","n/e","n/e","n/e","n/e","3364","n/e","n/e","22","n/e","2","n/e","n/e","830"
"BZN|SE1","20.09.2022 11:00 - 20.09.2022 12:00 (CET/CEST)","n/e","n/e","n/e","n/e","n/e","n/e","n/e","n/e","n/e","n/e","n/e","n/e","n/e","3579","n/e","n/e","22","n/e","2","n/e","n/e","733"
"BZN|SE1","20.09.2022 12:00 - 20.09.2022 13:00 (CET/CEST)","n/e","n/e","n/e","n/e","n/e","n/e","n/e","n/e","n/e","n/e","n/e","n/e","n/e","3669","n/e","n/e","22","n/e","2","n/e","n/e","717"
"BZN|SE1","20.09.2022 13:00 - 20.09.2022 14:00 (CET/CEST)","n/e","n/e","n/e","n/e","n/e","n/e","n/e","n/e","n/e","n/e","n/e","n/e","n/e","3708","n/e","n/e","27","n/e","2","n/e","n/e","643"
"BZN|SE1","20.09.2022 14:00 - 20.09.2022 15:00 (CET/CEST)","n/e","n/e","n/e","n/e","n/e","n/e","n/e","n/e","n/e","n/e","n/e","n/e","n/e","3694","n/e","n/e","27","n/e","2","n/e","n/e","523"
"BZN|SE1","20.09.2022 15:00 - 20.09.2022 16:00 (CET/CEST)","n/e","n/e","n/e","n/e","n/e","n/e","n/e","n/e","n/e","n/e","n/e","n/e","n/e","3818","n/e","n/e","30","n/e","1","n/e","n/e","439"
"BZN|SE1","20.09.2022 16:00 - 20.09.2022 17:00 (CET/CEST)","n/e","n/e","n/e","n/e","n/e","n/e","n/e","n/e","n/e","n/e","n/e","n/e","n/e","3859","n/e","n/e","30","n/e","1","n/e","n/e","326"
"BZN|SE1","20.09.2022 17:00 - 20.09.2022 18:00 (CET/CEST)","n/e","n/e","n/e","n/e","n/e","n/e","n/e","n/e","n/e","n/e","n/e","n/e","n/e","3867","n/e","n/e","33","n/e","0","n/e","n/e","192"
"BZN|SE1","20.09.2022 18:00 - 20.09.2022 19:00 (CET/CEST)","n/e","n/e","n/e","n/e","n/e","n/e","n/e","n/e","n/e","n/e","n/e","n/e","n/e","3882","n/e","n/e","33","n/e","0","n/e","n/e","122"
"BZN|SE1","20.09.2022 19:00 - 20.09.2022 20:00 (CET/CEST)","n/e","n/e","n/e","n/e","n/e","n/e","n/e","n/e","n/e","n/e","n/e","n/e","n/e","3917","n/e","n/e","33","n/e","0","n/e","n/e","89"
"BZN|SE1","20.09.2022 20:00 - 20.09.2022 21:00 (CET/CEST)","n/e","n/e","n/e","n/e","n/e","n/e","n/e","n/e","n/e","n/e","n/e","n/e","n/e","3915","n/e","n/e","33","n/e","0","n/e","n/e","80"
"BZN|SE1","20.09.2022 21:00 - 20.09.2022 22:00 (CET/CEST)","n/e","n/e","n/e","n/e","n/e","n/e","n/e","n/e","n/e","n/e","n/e","n/e","n/e","3904","n/e","n/e","32","n/e","0","n/e","n/e","46"
"BZN|SE1","20.09.2022 22:00 - 20.09.2022 23:00 (CET/CEST)","n/e","n/e","n/e","n/e","n/e","n/e","n/e","n/e","n/e","n/e","n/e","n/e","n/e","3881","n/e","n/e","33","n/e","0","n/e","n/e","27"
"BZN|SE1","20.09.2022 23:00 - 21.09.2022 00:00 (CET/CEST)","n/e","n/e","n/e","n/e","n/e","n/e","n/e","n/e","n/e","n/e","n/e","n/e","n/e","3873","n/e","n/e","30","n/e","0","n/e","n/e","30"
"BZN|SE1","21.09.2022 00:00 - 21.09.2022 01:00 (CET/CEST)","n/e","n/e","n/e","n/e","n/e","n/e","n/e","n/e","n/e","n/e","n/e","n/e","n/e","3735","n/e","n/e","30","n/e","0","n/e","n/e","45"
"BZN|SE1","21.09.2022 01:00 - 21.09.2022 02:00 (CET/CEST)","n/e","n/e","n/e","n/e","n/e","n/e","n/e","n/e","n/e","n/e","n/e","n/e","n/e","3736","n/e","n/e","30","n/e","0","n/e","n/e","72"
"BZN|SE1","21.09.2022 02:00 - 21.09.2022 03:00 (CET/CEST)","n/e","n/e","n/e","n/e","n/e","n/e","n/e","n/e","n/e","n/e","n/e","n/e","n/e","3738","n/e","n/e","30","n/e","0","n/e","n/e","132"
"BZN|SE1","21.09.2022 03:00 - 21.09.2022 04:00 (CET/CEST)","n/e","n/e","n/e","n/e","n/e","n/e","n/e","n/e","n/e","n/e","n/e","n/e","n/e","3739","n/e","n/e","30","n/e","0","n/e","n/e","248"
"BZN|SE1","21.09.2022 04:00 - 21.09.2022 05:00 (CET/CEST)","n/e","n/e","n/e","n/e","n/e","n/e","n/e","n/e","n/e","n/e","n/e","n/e","n/e","3657","n/e","n/e","30","n/e","0","n/e","n/e","346"
"BZN|SE1","21.09.2022 05:00 - 21.09.2022 06:00 (CET/CEST)","n/e","n/e","n/e","n/e","n/e","n/e","n/e","n/e","n/e","n/e","n/e","n/e","n/e","3673","n/e","n/e","30","n/e","0","n/e","n/e","458"
"BZN|SE1","21.09.2022 06:00 - 21.09.2022 07:00 (CET/CEST)","n/e","n/e","n/e","n/e","n/e","n/e","n/e","n/e","n/e","n/e","n/e","n/e","n/e","3550","n/e","n/e","30","n/e","0","n/e","n/e","542"
"BZN|SE1","21.09.2022 07:00 - 21.09.2022 08:00 (CET/CEST)","n/e","n/e","n/e","n/e","n/e","n/e","n/e","n/e","n/e","n/e","n/e","n/e","n/e","3540","n/e","n/e","30","n/e","0","n/e","n/e","575"
"BZN|SE1","21.09.2022 08:00 - 21.09.2022 09:00 (CET/CEST)","n/e","n/e","n/e","n/e","n/e","n/e","n/e","n/e","n/e","n/e","n/e","n/e","n/e","3492","n/e","n/e","30","n/e","0","n/e","n/e","547"
"BZN|SE1","21.09.2022 09:00 - 21.09.2022 10:00 (CET/CEST)","n/e","n/e","n/e","n/e","n/e","n/e","n/e","n/e","n/e","n/e","n/e","n/e","n/e","3603","n/e","n/e","26","n/e","1","n/e","n/e","395"
"BZN|SE1","21.09.2022 10:00 - 21.09.2022 11:00 (CET/CEST)","n/e","n/e","n/e","n/e","n/e","n/e","n/e","n/e","n/e","n/e","n/e","n/e","n/e","3621","n/e","n/e","27","n/e","2","n/e","n/e","291"
"BZN|SE1","21.09.2022 11:00 - 21.09.2022 12:00 (CET/CEST)","n/e","n/e","n/e","n/e","n/e","n/e","n/e","n/e","n/e","n/e","n/e","n/e","n/e","3522","n/e","n/e","27","n/e","2","n/e","n/e","292"
"BZN|SE1","21.09.2022 12:00 - 21.09.2022 13:00 (CET/CEST)","n/e","n/e","n/e","n/e","n/e","n/e","n/e","n/e","n/e","n/e","n/e","n/e","n/e","3604","n/e","n/e","12","n/e","2","n/e","n/e","349"
"BZN|SE1","21.09.2022 13:00 - 21.09.2022 14:00 (CET/CEST)","n/e","n/e","n/e","n/e","n/e","n/e","n/e","n/e","n/e","n/e","n/e","n/e","n/e","3605","n/e","n/e","12","n/e","2","n/e","n/e","445"
"BZN|SE1","21.09.2022 14:00 - 21.09.2022 15:00 (CET/CEST)","n/e","n/e","n/e","n/e","n/e","n/e","n/e","n/e","n/e","n/e","n/e","n/e","n/e","3601","n/e","n/e","12","n/e","2","n/e","n/e","522"
"BZN|SE1","21.09.2022 15:00 - 21.09.2022 16:00 (CET/CEST)","n/e","n/e","n/e","n/e","n/e","n/e","n/e","n/e","n/e","n/e","n/e","n/e","n/e","3442","n/e","n/e","12","n/e","1","n/e","n/e","566"
"BZN|SE1","21.09.2022 16:00 - 21.09.2022 17:00 (CET/CEST)","n/e","n/e","n/e","n/e","n/e","n/e","n/e","n/e","n/e","n/e","n/e","n/e","n/e","3464","n/e","n/e","12","n/e","1","n/e","n/e","585"
"BZN|SE1","21.09.2022 17:00 - 21.09.2022 18:00 (CET/CEST)","n/e","n/e","n/e","n/e","n/e","n/e","n/e","n/e","n/e","n/e","n/e","n/e","n/e","3465","n/e","n/e","12","n/e","0","n/e","n/e","612"
"BZN|SE1","21.09.2022 18:00 - 21.09.2022 19:00 (CET/CEST)","n/e","n/e","n/e","n/e","n/e","n/e","n/e","n/e","n/e","n/e","n/e","n/e","n/e","3353","n/e","n/e","11","n/e","0","n/e","n/e","723"
"BZN|SE1","21.09.2022 19:00 - 21.09.2022 20:00 (CET/CEST)","n/e","n/e","n/e","n/e","n/e","n/e","n/e","n/e","n/e","n/e","n/e","n/e","n/e","3216","n/e","n/e","12","n/e","0","n/e","n/e","834"
"BZN|SE1","21.09.2022 20:00 - 21.09.2022 21:00 (CET/CEST)","n/e","n/e","n/e","n/e","n/e","n/e","n/e","n/e","n/e","n/e","n/e","n/e","n/e","3183","n/e","n/e","12","n/e","0","n/e","n/e","954"
"BZN|SE1","21.09.2022 21:00 - 21.09.2022 22:00 (CET/CEST)","n/e","n/e","n/e","n/e","n/e","n/e","n/e","n/e","n/e","n/e","n/e","n/e","n/e","3168","n/e","n/e","11","n/e","0","n/e","n/e","1080"
"BZN|SE1","21.09.2022 22:00 - 21.09.2022 23:00 (CET/CEST)","n/e","n/e","n/e","n/e","n/e","n/e","n/e","n/e","n/e","n/e","n/e","n/e","n/e","3060","n/e","n/e","12","n/e","0","n/e","n/e","1069"
"BZN|SE1","21.09.2022 23:00 - 22.09.2022 00:00 (CET/CEST)","n/e","n/e","n/e","n/e","n/e","n/e","n/e","n/e","n/e","n/e","n/e","n/e","n/e","3031","n/e","n/e","12","n/e","0","n/e","n/e","1045"
"BZN|SE1","22.09.2022 00:00 - 22.09.2022 01:00 (CET/CEST)","n/e","n/e","n/e","n/e","n/e","n/e","n/e","n/e","n/e","n/e","n/e","n/e","n/e","3340","n/e","n/e","12","n/e","0","n/e","n/e","1097"
"BZN|SE1","22.09.2022 01:00 - 22.09.2022 02:00 (CET/CEST)","n/e","n/e","n/e","n/e","n/e","n/e","n/e","n/e","n/e","n/e","n/e","n/e","n/e","3381","n/e","n/e","12","n/e","0","n/e","n/e","1014"
"BZN|SE1","22.09.2022 02:00 - 22.09.2022 03:00 (CET/CEST)","n/e","n/e","n/e","n/e","n/e","n/e","n/e","n/e","n/e","n/e","n/e","n/e","n/e","3328","n/e","n/e","12","n/e","0","n/e","n/e","945"
"BZN|SE1","22.09.2022 03:00 - 22.09.2022 04:00 (CET/CEST)","n/e","n/e","n/e","n/e","n/e","n/e","n/e","n/e","n/e","n/e","n/e","n/e","n/e","3345","n/e","n/e","12","n/e","0","n/e","n/e","901"
"BZN|SE1","22.09.2022 04:00 - 22.09.2022 05:00 (CET/CEST)","n/e","n/e","n/e","n/e","n/e","n/e","n/e","n/e","n/e","n/e","n/e","n/e","n/e","3382","n/e","n/e","11","n/e","0","n/e","n/e","875"
"BZN|SE1","22.09.2022 05:00 - 22.09.2022 06:00 (CET/CEST)","n/e","n/e","n/e","n/e","n/e","n/e","n/e","n/e","n/e","n/e","n/e","n/e","n/e","3406","n/e","n/e","11","n/e","0","n/e","n/e","713"
"BZN|SE1","22.09.2022 06:00 - 22.09.2022 07:00 (CET/CEST)","n/e","n/e","n/e","n/e","n/e","n/e","n/e","n/e","n/e","n/e","n/e","n/e","n/e","3233","n/e","n/e","11","n/e","0","n/e","n/e","547"
"BZN|SE1","22.09.2022 07:00 - 22.09.2022 08:00 (CET/CEST)","n/e","n/e","n/e","n/e","n/e","n/e","n/e","n/e","n/e","n/e","n/e","n/e","n/e","3531","n/e","n/e","11","n/e","0","n/e","n/e","376"
"BZN|SE1","22.09.2022 08:00 - 22.09.2022 09:00 (CET/CEST)","n/e","n/e","n/e","n/e","n/e","n/e","n/e","n/e","n/e","n/e","n/e","n/e","n/e","3543","n/e","n/e","12","n/e","0","n/e","n/e","201"
"BZN|SE1","22.09.2022 09:00 - 22.09.2022 10:00 (CET/CEST)","n/e","n/e","n/e","n/e","n/e","n/e","n/e","n/e","n/e","n/e","n/e","n/e","n/e","3589","n/e","n/e","12","n/e","1","n/e","n/e","78"
"BZN|SE1","22.09.2022 10:00 - 22.09.2022 11:00 (CET/CEST)","n/e","n/e","n/e","n/e","n/e","n/e","n/e","n/e","n/e","n/e","n/e","n/e","n/e","3715","n/e","n/e","12","n/e","2","n/e","n/e","47"
"BZN|SE1","22.09.2022 11:00 - 22.09.2022 12:00 (CET/CEST)","n/e","n/e","n/e","n/e","n/e","n/e","n/e","n/e","n/e","n/e","n/e","n/e","n/e","3562","n/e","n/e","13","n/e","2","n/e","n/e","33"
"BZN|SE1","22.09.2022 12:00 - 22.09.2022 13:00 (CET/CEST)","n/e","n/e","n/e","n/e","n/e","n/e","n/e","n/e","n/e","n/e","n/e","n/e","n/e","3631","n/e","n/e","12","n/e","2","n/e","n/e","41"
"BZN|SE1","22.09.2022 13:00 - 22.09.2022 14:00 (CET/CEST)","n/e","n/e","n/e","n/e","n/e","n/e","n/e","n/e","n/e","n/e","n/e","n/e","n/e","3586","n/e","n/e","13","n/e","2","n/e","n/e","52"
"BZN|SE1","22.09.2022 14:00 - 22.09.2022 15:00 (CET/CEST)","n/e","n/e","n/e","n/e","n/e","n/e","n/e","n/e","n/e","n/e","n/e","n/e","n/e","3503","n/e","n/e","12","n/e","1","n/e","n/e","60"
"BZN|SE1","22.09.2022 15:00 - 22.09.2022 16:00 (CET/CEST)","n/e","n/e","n/e","n/e","n/e","n/e","n/e","n/e","n/e","n/e","n/e","n/e","n/e","3483","n/e","n/e","12","n/e","1","n/e","n/e","85"
"BZN|SE1","22.09.2022 16:00 - 22.09.2022 17:00 (CET/CEST)","n/e","n/e","n/e","n/e","n/e","n/e","n/e","n/e","n/e","n/e","n/e","n/e","n/e","3304","n/e","n/e","12","n/e","0","n/e","n/e","124"
"BZN|SE1","22.09.2022 17:00 - 22.09.2022 18:00 (CET/CEST)","n/e","n/e","n/e","n/e","n/e","n/e","n/e","n/e","n/e","n/e","n/e","n/e","n/e","3249","n/e","n/e","11","n/e","0","n/e","n/e","218"
"BZN|SE1","22.09.2022 18:00 - 22.09.2022 19:00 (CET/CEST)","n/e","n/e","n/e","n/e","n/e","n/e","n/e","n/e","n/e","n/e","n/e","n/e","n/e","3376","n/e","n/e","11","n/e","0","n/e","n/e","419"
"BZN|SE1","22.09.2022 19:00 - 22.09.2022 20:00 (CET/CEST)","n/e","n/e","n/e","n/e","n/e","n/e","n/e","n/e","n/e","n/e","n/e","n/e","n/e","3242","n/e","n/e","16","n/e","0","n/e","n/e","613"
"BZN|SE1","22.09.2022 20:00 - 22.09.2022 21:00 (CET/CEST)","n/e","n/e","n/e","n/e","n/e","n/e","n/e","n/e","n/e","n/e","n/e","n/e","n/e","3067","n/e","n/e","21","n/e","0","n/e","n/e","727"
"BZN|SE1","22.09.2022 21:00 - 22.09.2022 22:00 (CET/CEST)","n/e","n/e","n/e","n/e","n/e","n/e","n/e","n/e","n/e","n/e","n/e","n/e","n/e","3065","n/e","n/e","21","n/e","0","n/e","n/e","761"
"BZN|SE1","22.09.2022 22:00 - 22.09.2022 23:00 (CET/CEST)","n/e","n/e","n/e","n/e","n/e","n/e","n/e","n/e","n/e","n/e","n/e","n/e","n/e","2982","n/e","n/e","22","n/e","0","n/e","n/e","786"
"BZN|SE1","22.09.2022 23:00 - 23.09.2022 00:00 (CET/CEST)","n/e","n/e","n/e","n/e","n/e","n/e","n/e","n/e","n/e","n/e","n/e","n/e","n/e","2823","n/e","n/e","22","n/e","0","n/e","n/e","754"
"BZN|SE1","23.09.2022 00:00 - 23.09.2022 01:00 (CET/CEST)","n/e","n/e","n/e","n/e","n/e","n/e","n/e","n/e","n/e","n/e","n/e","n/e","n/e","2791","n/e","n/e","22","n/e","0","n/e","n/e","743"
"BZN|SE1","23.09.2022 01:00 - 23.09.2022 02:00 (CET/CEST)","n/e","n/e","n/e","n/e","n/e","n/e","n/e","n/e","n/e","n/e","n/e","n/e","n/e","2786","n/e","n/e","22","n/e","0","n/e","n/e","725"
"BZN|SE1","23.09.2022 02:00 - 23.09.2022 03:00 (CET/CEST)","n/e","n/e","n/e","n/e","n/e","n/e","n/e","n/e","n/e","n/e","n/e","n/e","n/e","2807","n/e","n/e","22","n/e","0","n/e","n/e","713"
"BZN|SE1","23.09.2022 03:00 - 23.09.2022 04:00 (CET/CEST)","n/e","n/e","n/e","n/e","n/e","n/e","n/e","n/e","n/e","n/e","n/e","n/e","n/e","2854","n/e","n/e","22","n/e","0","n/e","n/e","693"
"BZN|SE1","23.09.2022 04:00 - 23.09.2022 05:00 (CET/CEST)","n/e","n/e","n/e","n/e","n/e","n/e","n/e","n/e","n/e","n/e","n/e","n/e","n/e","2992","n/e","n/e","19","n/e","0","n/e","n/e","668"
"BZN|SE1","23.09.2022 05:00 - 23.09.2022 06:00 (CET/CEST)","n/e","n/e","n/e","n/e","n/e","n/e","n/e","n/e","n/e","n/e","n/e","n/e","n/e","3415","n/e","n/e","19","n/e","0","n/e","n/e","652"
"BZN|SE1","23.09.2022 06:00 - 23.09.2022 07:00 (CET/CEST)","n/e","n/e","n/e","n/e","n/e","n/e","n/e","n/e","n/e","n/e","n/e","n/e","n/e","3431","n/e","n/e","19","n/e","0","n/e","n/e","648"
"BZN|SE1","23.09.2022 07:00 - 23.09.2022 08:00 (CET/CEST)","n/e","n/e","n/e","n/e","n/e","n/e","n/e","n/e","n/e","n/e","n/e","n/e","n/e","3652","n/e","n/e","18","n/e","0","n/e","n/e","609"
"BZN|SE1","23.09.2022 08:00 - 23.09.2022 09:00 (CET/CEST)","n/e","n/e","n/e","n/e","n/e","n/e","n/e","n/e","n/e","n/e","n/e","n/e","n/e","3696","n/e","n/e","19","n/e","0","n/e","n/e","530"
"BZN|SE1","23.09.2022 09:00 - 23.09.2022 10:00 (CET/CEST)","n/e","n/e","n/e","n/e","n/e","n/e","n/e","n/e","n/e","n/e","n/e","n/e","n/e","3749","n/e","n/e","24","n/e","0","n/e","n/e","532"
"BZN|SE1","23.09.2022 10:00 - 23.09.2022 11:00 (CET/CEST)","n/e","n/e","n/e","n/e","n/e","n/e","n/e","n/e","n/e","n/e","n/e","n/e","n/e","3828","n/e","n/e","23","n/e","0","n/e","n/e","483"
"BZN|SE1","23.09.2022 11:00 - 23.09.2022 12:00 (CET/CEST)","n/e","n/e","n/e","n/e","n/e","n/e","n/e","n/e","n/e","n/e","n/e","n/e","n/e","3627","n/e","n/e","20","n/e","0","n/e","n/e","473"
"BZN|SE1","23.09.2022 12:00 - 23.09.2022 13:00 (CET/CEST)","n/e","n/e","n/e","n/e","n/e","n/e","n/e","n/e","n/e","n/e","n/e","n/e","n/e","3821","n/e","n/e","19","n/e","0","n/e","n/e","471"
"BZN|SE1","23.09.2022 13:00 - 23.09.2022 14:00 (CET/CEST)","n/e","n/e","n/e","n/e","n/e","n/e","n/e","n/e","n/e","n/e","n/e","n/e","n/e","3720","n/e","n/e","19","n/e","0","n/e","n/e","445"
"BZN|SE1","23.09.2022 14:00 - 23.09.2022 15:00 (CET/CEST)","n/e","n/e","n/e","n/e","n/e","n/e","n/e","n/e","n/e","n/e","n/e","n/e","n/e","3568","n/e","n/e","20","n/e","0","n/e","n/e","458"
"BZN|SE1","23.09.2022 15:00 - 23.09.2022 16:00 (CET/CEST)","n/e","n/e","n/e","n/e","n/e","n/e","n/e","n/e","n/e","n/e","n/e","n/e","n/e","3586","n/e","n/e","19","n/e","0","n/e","n/e","450"
"BZN|SE1","23.09.2022 16:00 - 23.09.2022 17:00 (CET/CEST)","n/e","n/e","n/e","n/e","n/e","n/e","n/e","n/e","n/e","n/e","n/e","n/e","n/e","3585","n/e","n/e","19","n/e","0","n/e","n/e","472"
"BZN|SE1","23.09.2022 17:00 - 23.09.2022 18:00 (CET/CEST)","n/e","n/e","n/e","n/e","n/e","n/e","n/e","n/e","n/e","n/e","n/e","n/e","n/e","3564","n/e","n/e","19","n/e","0","n/e","n/e","535"
"BZN|SE1","23.09.2022 18:00 - 23.09.2022 19:00 (CET/CEST)","n/e","n/e","n/e","n/e","n/e","n/e","n/e","n/e","n/e","n/e","n/e","n/e","n/e","3584","n/e","n/e","19","n/e","0","n/e","n/e","630"
"BZN|SE1","23.09.2022 19:00 - 23.09.2022 20:00 (CET/CEST)","n/e","n/e","n/e","n/e","n/e","n/e","n/e","n/e","n/e","n/e","n/e","n/e","n/e","3585","n/e","n/e","19","n/e","0","n/e","n/e","711"
"BZN|SE1","23.09.2022 20:00 - 23.09.2022 21:00 (CET/CEST)","n/e","n/e","n/e","n/e","n/e","n/e","n/e","n/e","n/e","n/e","n/e","n/e","n/e","3555","n/e","n/e","19","n/e","0","n/e","n/e","714"
"BZN|SE1","23.09.2022 21:00 - 23.09.2022 22:00 (CET/CEST)","n/e","n/e","n/e","n/e","n/e","n/e","n/e","n/e","n/e","n/e","n/e","n/e","n/e","3550","n/e","n/e","19","n/e","0","n/e","n/e","741"
"BZN|SE1","23.09.2022 22:00 - 23.09.2022 23:00 (CET/CEST)","n/e","n/e","n/e","n/e","n/e","n/e","n/e","n/e","n/e","n/e","n/e","n/e","n/e","3548","n/e","n/e","20","n/e","0","n/e","n/e","830"
"BZN|SE1","23.09.2022 23:00 - 24.09.2022 00:00 (CET/CEST)","n/e","n/e","n/e","n/e","n/e","n/e","n/e","n/e","n/e","n/e","n/e","n/e","n/e","3373","n/e","n/e","20","n/e","0","n/e","n/e","846"
"BZN|SE1","24.09.2022 00:00 - 24.09.2022 01:00 (CET/CEST)","n/e","n/e","n/e","n/e","n/e","n/e","n/e","n/e","n/e","n/e","n/e","n/e","n/e","3120","n/e","n/e","20","n/e","0","n/e","n/e","848"
"BZN|SE1","24.09.2022 01:00 - 24.09.2022 02:00 (CET/CEST)","n/e","n/e","n/e","n/e","n/e","n/e","n/e","n/e","n/e","n/e","n/e","n/e","n/e","3118","n/e","n/e","21","n/e","0","n/e","n/e","788"
"BZN|SE1","24.09.2022 02:00 - 24.09.2022 03:00 (CET/CEST)","n/e","n/e","n/e","n/e","n/e","n/e","n/e","n/e","n/e","n/e","n/e","n/e","n/e","3114","n/e","n/e","20","n/e","0","n/e","n/e","735"
"BZN|SE1","24.09.2022 03:00 - 24.09.2022 04:00 (CET/CEST)","n/e","n/e","n/e","n/e","n/e","n/e","n/e","n/e","n/e","n/e","n/e","n/e","n/e","3125","n/e","n/e","20","n/e","0","n/e","n/e","662"
"BZN|SE1","24.09.2022 04:00 - 24.09.2022 05:00 (CET/CEST)","n/e","n/e","n/e","n/e","n/e","n/e","n/e","n/e","n/e","n/e","n/e","n/e","n/e","3162","n/e","n/e","20","n/e","0","n/e","n/e","617"
"BZN|SE1","24.09.2022 05:00 - 24.09.2022 06:00 (CET/CEST)","n/e","n/e","n/e","n/e","n/e","n/e","n/e","n/e","n/e","n/e","n/e","n/e","n/e","3208","n/e","n/e","19","n/e","0","n/e","n/e","623"
"BZN|SE1","24.09.2022 06:00 - 24.09.2022 07:00 (CET/CEST)","n/e","n/e","n/e","n/e","n/e","n/e","n/e","n/e","n/e","n/e","n/e","n/e","n/e","3458","n/e","n/e","20","n/e","0","n/e","n/e","641"
"BZN|SE1","24.09.2022 07:00 - 24.09.2022 08:00 (CET/CEST)","n/e","n/e","n/e","n/e","n/e","n/e","n/e","n/e","n/e","n/e","n/e","n/e","n/e","3575","n/e","n/e","20","n/e","0","n/e","n/e","645"
"BZN|SE1","24.09.2022 08:00 - 24.09.2022 09:00 (CET/CEST)","n/e","n/e","n/e","n/e","n/e","n/e","n/e","n/e","n/e","n/e","n/e","n/e","n/e","3613","n/e","n/e","20","n/e","0","n/e","n/e","609"
"BZN|SE1","24.09.2022 09:00 - 24.09.2022 10:00 (CET/CEST)","n/e","n/e","n/e","n/e","n/e","n/e","n/e","n/e","n/e","n/e","n/e","n/e","n/e","3807","n/e","n/e","17","n/e","0","n/e","n/e","545"
"BZN|SE1","24.09.2022 10:00 - 24.09.2022 11:00 (CET/CEST)","n/e","n/e","n/e","n/e","n/e","n/e","n/e","n/e","n/e","n/e","n/e","n/e","n/e","3831","n/e","n/e","14","n/e","0","n/e","n/e","507"
"BZN|SE1","24.09.2022 11:00 - 24.09.2022 12:00 (CET/CEST)","n/e","n/e","n/e","n/e","n/e","n/e","n/e","n/e","n/e","n/e","n/e","n/e","n/e","3818","n/e","n/e","14","n/e","0","n/e","n/e","458"
"BZN|SE1","24.09.2022 12:00 - 24.09.2022 13:00 (CET/CEST)","n/e","n/e","n/e","n/e","n/e","n/e","n/e","n/e","n/e","n/e","n/e","n/e","n/e","3605","n/e","n/e","12","n/e","0","n/e","n/e","418"
"BZN|SE1","24.09.2022 13:00 - 24.09.2022 14:00 (CET/CEST)","n/e","n/e","n/e","n/e","n/e","n/e","n/e","n/e","n/e","n/e","n/e","n/e","n/e","3643","n/e","n/e","13","n/e","0","n/e","n/e","409"
"BZN|SE1","24.09.2022 14:00 - 24.09.2022 15:00 (CET/CEST)","n/e","n/e","n/e","n/e","n/e","n/e","n/e","n/e","n/e","n/e","n/e","n/e","n/e","3641","n/e","n/e","13","n/e","0","n/e","n/e","432"
"BZN|SE1","24.09.2022 15:00 - 24.09.2022 16:00 (CET/CEST)","n/e","n/e","n/e","n/e","n/e","n/e","n/e","n/e","n/e","n/e","n/e","n/e","n/e","3643","n/e","n/e","13","n/e","0","n/e","n/e","348"
"BZN|SE1","24.09.2022 16:00 - 24.09.2022 17:00 (CET/CEST)","n/e","n/e","n/e","n/e","n/e","n/e","n/e","n/e","n/e","n/e","n/e","n/e","n/e","3663","n/e","n/e","13","n/e","0","n/e","n/e","321"
"BZN|SE1","24.09.2022 17:00 - 24.09.2022 18:00 (CET/CEST)","n/e","n/e","n/e","n/e","n/e","n/e","n/e","n/e","n/e","n/e","n/e","n/e","n/e","3653","n/e","n/e","13","n/e","0","n/e","n/e","311"
"BZN|SE1","24.09.2022 18:00 - 24.09.2022 19:00 (CET/CEST)","n/e","n/e","n/e","n/e","n/e","n/e","n/e","n/e","n/e","n/e","n/e","n/e","n/e","3794","n/e","n/e","12","n/e","0","n/e","n/e","336"
"BZN|SE1","24.09.2022 19:00 - 24.09.2022 20:00 (CET/CEST)","n/e","n/e","n/e","n/e","n/e","n/e","n/e","n/e","n/e","n/e","n/e","n/e","n/e","3803","n/e","n/e","13","n/e","0","n/e","n/e","339"
"BZN|SE1","24.09.2022 20:00 - 24.09.2022 21:00 (CET/CEST)","n/e","n/e","n/e","n/e","n/e","n/e","n/e","n/e","n/e","n/e","n/e","n/e","n/e","3816","n/e","n/e","12","n/e","0","n/e","n/e","332"
"BZN|SE1","24.09.2022 21:00 - 24.09.2022 22:00 (CET/CEST)","n/e","n/e","n/e","n/e","n/e","n/e","n/e","n/e","n/e","n/e","n/e","n/e","n/e","3816","n/e","n/e","12","n/e","0","n/e","n/e","328"
"BZN|SE1","24.09.2022 22:00 - 24.09.2022 23:00 (CET/CEST)","n/e","n/e","n/e","n/e","n/e","n/e","n/e","n/e","n/e","n/e","n/e","n/e","n/e","3815","n/e","n/e","12","n/e","0","n/e","n/e","317"
"BZN|SE1","24.09.2022 23:00 - 25.09.2022 00:00 (CET/CEST)","n/e","n/e","n/e","n/e","n/e","n/e","n/e","n/e","n/e","n/e","n/e","n/e","n/e","3786","n/e","n/e","12","n/e","0","n/e","n/e","254"
"BZN|SE1","25.09.2022 00:00 - 25.09.2022 01:00 (CET/CEST)","n/e","n/e","n/e","n/e","n/e","n/e","n/e","n/e","n/e","n/e","n/e","n/e","n/e","3957","n/e","n/e","12","n/e","0","n/e","n/e","231"
"BZN|SE1","25.09.2022 01:00 - 25.09.2022 02:00 (CET/CEST)","n/e","n/e","n/e","n/e","n/e","n/e","n/e","n/e","n/e","n/e","n/e","n/e","n/e","3930","n/e","n/e","12","n/e","0","n/e","n/e","237"
"BZN|SE1","25.09.2022 02:00 - 25.09.2022 03:00 (CET/CEST)","n/e","n/e","n/e","n/e","n/e","n/e","n/e","n/e","n/e","n/e","n/e","n/e","n/e","3924","n/e","n/e","13","n/e","0","n/e","n/e","204"
"BZN|SE1","25.09.2022 03:00 - 25.09.2022 04:00 (CET/CEST)","n/e","n/e","n/e","n/e","n/e","n/e","n/e","n/e","n/e","n/e","n/e","n/e","n/e","3937","n/e","n/e","13","n/e","0","n/e","n/e","174"
"BZN|SE1","25.09.2022 04:00 - 25.09.2022 05:00 (CET/CEST)","n/e","n/e","n/e","n/e","n/e","n/e","n/e","n/e","n/e","n/e","n/e","n/e","n/e","3959","n/e","n/e","12","n/e","0","n/e","n/e","186"
"BZN|SE1","25.09.2022 05:00 - 25.09.2022 06:00 (CET/CEST)","n/e","n/e","n/e","n/e","n/e","n/e","n/e","n/e","n/e","n/e","n/e","n/e","n/e","3969","n/e","n/e","12","n/e","0","n/e","n/e","195"
"BZN|SE1","25.09.2022 06:00 - 25.09.2022 07:00 (CET/CEST)","n/e","n/e","n/e","n/e","n/e","n/e","n/e","n/e","n/e","n/e","n/e","n/e","n/e","3954","n/e","n/e","12","n/e","0","n/e","n/e","184"
"BZN|SE1","25.09.2022 07:00 - 25.09.2022 08:00 (CET/CEST)","n/e","n/e","n/e","n/e","n/e","n/e","n/e","n/e","n/e","n/e","n/e","n/e","n/e","3941","n/e","n/e","12","n/e","0","n/e","n/e","193"
"BZN|SE1","25.09.2022 08:00 - 25.09.2022 09:00 (CET/CEST)","n/e","n/e","n/e","n/e","n/e","n/e","n/e","n/e","n/e","n/e","n/e","n/e","n/e","3900","n/e","n/e","12","n/e","0","n/e","n/e","213"
"BZN|SE1","25.09.2022 09:00 - 25.09.2022 10:00 (CET/CEST)","n/e","n/e","n/e","n/e","n/e","n/e","n/e","n/e","n/e","n/e","n/e","n/e","n/e","3832","n/e","n/e","12","n/e","0","n/e","n/e","267"
"BZN|SE1","25.09.2022 10:00 - 25.09.2022 11:00 (CET/CEST)","n/e","n/e","n/e","n/e","n/e","n/e","n/e","n/e","n/e","n/e","n/e","n/e","n/e","3819","n/e","n/e","12","n/e","0","n/e","n/e","288"
"BZN|SE1","25.09.2022 11:00 - 25.09.2022 12:00 (CET/CEST)","n/e","n/e","n/e","n/e","n/e","n/e","n/e","n/e","n/e","n/e","n/e","n/e","n/e","3609","n/e","n/e","12","n/e","1","n/e","n/e","292"
"BZN|SE1","25.09.2022 12:00 - 25.09.2022 13:00 (CET/CEST)","n/e","n/e","n/e","n/e","n/e","n/e","n/e","n/e","n/e","n/e","n/e","n/e","n/e","3625","n/e","n/e","12","n/e","1","n/e","n/e","348"
"BZN|SE1","25.09.2022 13:00 - 25.09.2022 14:00 (CET/CEST)","n/e","n/e","n/e","n/e","n/e","n/e","n/e","n/e","n/e","n/e","n/e","n/e","n/e","3574","n/e","n/e","13","n/e","1","n/e","n/e","401"
"BZN|SE1","25.09.2022 14:00 - 25.09.2022 15:00 (CET/CEST)","n/e","n/e","n/e","n/e","n/e","n/e","n/e","n/e","n/e","n/e","n/e","n/e","n/e","3502","n/e","n/e","13","n/e","0","n/e","n/e","453"
"BZN|SE1","25.09.2022 15:00 - 25.09.2022 16:00 (CET/CEST)","n/e","n/e","n/e","n/e","n/e","n/e","n/e","n/e","n/e","n/e","n/e","n/e","n/e","3499","n/e","n/e","13","n/e","0","n/e","n/e","495"
"BZN|SE1","25.09.2022 16:00 - 25.09.2022 17:00 (CET/CEST)","n/e","n/e","n/e","n/e","n/e","n/e","n/e","n/e","n/e","n/e","n/e","n/e","n/e","3311","n/e","n/e","13","n/e","0","n/e","n/e","548"
"BZN|SE1","25.09.2022 17:00 - 25.09.2022 18:00 (CET/CEST)","n/e","n/e","n/e","n/e","n/e","n/e","n/e","n/e","n/e","n/e","n/e","n/e","n/e","3270","n/e","n/e","12","n/e","0","n/e","n/e","629"
"BZN|SE1","25.09.2022 18:00 - 25.09.2022 19:00 (CET/CEST)","n/e","n/e","n/e","n/e","n/e","n/e","n/e","n/e","n/e","n/e","n/e","n/e","n/e","3242","n/e","n/e","13","n/e","0","n/e","n/e","689"
"BZN|SE1","25.09.2022 19:00 - 25.09.2022 20:00 (CET/CEST)","n/e","n/e","n/e","n/e","n/e","n/e","n/e","n/e","n/e","n/e","n/e","n/e","n/e","3194","n/e","n/e","13","n/e","0","n/e","n/e","758"
"BZN|SE1","25.09.2022 20:00 - 25.09.2022 21:00 (CET/CEST)","n/e","n/e","n/e","n/e","n/e","n/e","n/e","n/e","n/e","n/e","n/e","n/e","n/e","3122","n/e","n/e","13","n/e","0","n/e","n/e","806"
"BZN|SE1","25.09.2022 21:00 - 25.09.2022 22:00 (CET/CEST)","n/e","n/e","n/e","n/e","n/e","n/e","n/e","n/e","n/e","n/e","n/e","n/e","n/e","3012","n/e","n/e","12","n/e","0","n/e","n/e","812"
"BZN|SE1","25.09.2022 22:00 - 25.09.2022 23:00 (CET/CEST)","n/e","n/e","n/e","n/e","n/e","n/e","n/e","n/e","n/e","n/e","n/e","n/e","n/e","2999","n/e","n/e","12","n/e","0","n/e","n/e","822"
"BZN|SE1","25.09.2022 23:00 - 26.09.2022 00:00 (CET/CEST)","n/e","n/e","n/e","n/e","n/e","n/e","n/e","n/e","n/e","n/e","n/e","n/e","n/e","2969","n/e","n/e","12","n/e","0","n/e","n/e","807"
"BZN|SE1","26.09.2022 00:00 - 26.09.2022 01:00 (CET/CEST)","n/e","n/e","n/e","n/e","n/e","n/e","n/e","n/e","n/e","n/e","n/e","n/e","n/e","2711","n/e","n/e","12","n/e","0","n/e","n/e","782"
"BZN|SE1","26.09.2022 01:00 - 26.09.2022 02:00 (CET/CEST)","n/e","n/e","n/e","n/e","n/e","n/e","n/e","n/e","n/e","n/e","n/e","n/e","n/e","2703","n/e","n/e","13","n/e","0","n/e","n/e","740"
"BZN|SE1","26.09.2022 02:00 - 26.09.2022 03:00 (CET/CEST)","n/e","n/e","n/e","n/e","n/e","n/e","n/e","n/e","n/e","n/e","n/e","n/e","n/e","2635","n/e","n/e","12","n/e","0","n/e","n/e","657"
"BZN|SE1","26.09.2022 03:00 - 26.09.2022 04:00 (CET/CEST)","n/e","n/e","n/e","n/e","n/e","n/e","n/e","n/e","n/e","n/e","n/e","n/e","n/e","2671","n/e","n/e","12","n/e","0","n/e","n/e","679"
"BZN|SE1","26.09.2022 04:00 - 26.09.2022 05:00 (CET/CEST)","n/e","n/e","n/e","n/e","n/e","n/e","n/e","n/e","n/e","n/e","n/e","n/e","n/e","2856","n/e","n/e","13","n/e","0","n/e","n/e","597"
"BZN|SE1","26.09.2022 05:00 - 26.09.2022 06:00 (CET/CEST)","n/e","n/e","n/e","n/e","n/e","n/e","n/e","n/e","n/e","n/e","n/e","n/e","n/e","2836","n/e","n/e","16","n/e","0","n/e","n/e","546"
"BZN|SE1","26.09.2022 06:00 - 26.09.2022 07:00 (CET/CEST)","n/e","n/e","n/e","n/e","n/e","n/e","n/e","n/e","n/e","n/e","n/e","n/e","n/e","2800","n/e","n/e","21","n/e","0","n/e","n/e","552"
"BZN|SE1","26.09.2022 07:00 - 26.09.2022 08:00 (CET/CEST)","n/e","n/e","n/e","n/e","n/e","n/e","n/e","n/e","n/e","n/e","n/e","n/e","n/e","3018","n/e","n/e","21","n/e","0","n/e","n/e","525"
"BZN|SE1","26.09.2022 08:00 - 26.09.2022 09:00 (CET/CEST)","n/e","n/e","n/e","n/e","n/e","n/e","n/e","n/e","n/e","n/e","n/e","n/e","n/e","3025","n/e","n/e","14","n/e","0","n/e","n/e","552"
"BZN|SE1","26.09.2022 09:00 - 26.09.2022 10:00 (CET/CEST)","n/e","n/e","n/e","n/e","n/e","n/e","n/e","n/e","n/e","n/e","n/e","n/e","n/e","2992","n/e","n/e","15","n/e","0","n/e","n/e","552"
"BZN|SE1","26.09.2022 10:00 - 26.09.2022 11:00 (CET/CEST)","n/e","n/e","n/e","n/e","n/e","n/e","n/e","n/e","n/e","n/e","n/e","n/e","n/e","2892","n/e","n/e","14","n/e","0","n/e","n/e","558"
"BZN|SE1","26.09.2022 11:00 - 26.09.2022 12:00 (CET/CEST)","n/e","n/e","n/e","n/e","n/e","n/e","n/e","n/e","n/e","n/e","n/e","n/e","n/e","2914","n/e","n/e","15","n/e","0","n/e","n/e","481"
"BZN|SE1","26.09.2022 12:00 - 26.09.2022 13:00 (CET/CEST)","n/e","n/e","n/e","n/e","n/e","n/e","n/e","n/e","n/e","n/e","n/e","n/e","n/e","2954","n/e","n/e","14","n/e","0","n/e","n/e","436"
"BZN|SE1","26.09.2022 13:00 - 26.09.2022 14:00 (CET/CEST)","n/e","n/e","n/e","n/e","n/e","n/e","n/e","n/e","n/e","n/e","n/e","n/e","n/e","2938","n/e","n/e","15","n/e","0","n/e","n/e","407"
"BZN|SE1","26.09.2022 14:00 - 26.09.2022 15:00 (CET/CEST)","n/e","n/e","n/e","n/e","n/e","n/e","n/e","n/e","n/e","n/e","n/e","n/e","n/e","2955","n/e","n/e","15","n/e","0","n/e","n/e","388"
"BZN|SE1","26.09.2022 15:00 - 26.09.2022 16:00 (CET/CEST)","n/e","n/e","n/e","n/e","n/e","n/e","n/e","n/e","n/e","n/e","n/e","n/e","n/e","2934","n/e","n/e","15","n/e","0","n/e","n/e","342"
"BZN|SE1","26.09.2022 16:00 - 26.09.2022 17:00 (CET/CEST)","n/e","n/e","n/e","n/e","n/e","n/e","n/e","n/e","n/e","n/e","n/e","n/e","n/e","2717","n/e","n/e","15","n/e","0","n/e","n/e","357"
"BZN|SE1","26.09.2022 17:00 - 26.09.2022 18:00 (CET/CEST)","n/e","n/e","n/e","n/e","n/e","n/e","n/e","n/e","n/e","n/e","n/e","n/e","n/e","2802","n/e","n/e","14","n/e","0","n/e","n/e","382"
"BZN|SE1","26.09.2022 18:00 - 26.09.2022 19:00 (CET/CEST)","n/e","n/e","n/e","n/e","n/e","n/e","n/e","n/e","n/e","n/e","n/e","n/e","n/e","2983","n/e","n/e","14","n/e","0","n/e","n/e","421"
"BZN|SE1","26.09.2022 19:00 - 26.09.2022 20:00 (CET/CEST)","n/e","n/e","n/e","n/e","n/e","n/e","n/e","n/e","n/e","n/e","n/e","n/e","n/e","2970","n/e","n/e","14","n/e","0","n/e","n/e","429"
"BZN|SE1","26.09.2022 20:00 - 26.09.2022 21:00 (CET/CEST)","n/e","n/e","n/e","n/e","n/e","n/e","n/e","n/e","n/e","n/e","n/e","n/e","n/e","2717","n/e","n/e","14","n/e","0","n/e","n/e","454"
"BZN|SE1","26.09.2022 21:00 - 26.09.2022 22:00 (CET/CEST)","n/e","n/e","n/e","n/e","n/e","n/e","n/e","n/e","n/e","n/e","n/e","n/e","n/e","2649","n/e","n/e","14","n/e","0","n/e","n/e","452"
"BZN|SE1","26.09.2022 22:00 - 26.09.2022 23:00 (CET/CEST)","n/e","n/e","n/e","n/e","n/e","n/e","n/e","n/e","n/e","n/e","n/e","n/e","n/e","2529","n/e","n/e","14","n/e","0","n/e","n/e","409"
"BZN|SE1","26.09.2022 23:00 - 27.09.2022 00:00 (CET/CEST)","n/e","n/e","n/e","n/e","n/e","n/e","n/e","n/e","n/e","n/e","n/e","n/e","n/e","2306","n/e","n/e","14","n/e","0","n/e","n/e","410"
"BZN|SE1","27.09.2022 00:00 - 27.09.2022 01:00 (CET/CEST)","n/e","n/e","n/e","n/e","n/e","n/e","n/e","n/e","n/e","n/e","n/e","n/e","n/e","2091","n/e","n/e","14","n/e","0","n/e","n/e","379"
"BZN|SE1","27.09.2022 01:00 - 27.09.2022 02:00 (CET/CEST)","n/e","n/e","n/e","n/e","n/e","n/e","n/e","n/e","n/e","n/e","n/e","n/e","n/e","1958","n/e","n/e","15","n/e","0","n/e","n/e","358"
"BZN|SE1","27.09.2022 02:00 - 27.09.2022 03:00 (CET/CEST)","n/e","n/e","n/e","n/e","n/e","n/e","n/e","n/e","n/e","n/e","n/e","n/e","n/e","1973","n/e","n/e","15","n/e","0","n/e","n/e","343"
"BZN|SE1","27.09.2022 03:00 - 27.09.2022 04:00 (CET/CEST)","n/e","n/e","n/e","n/e","n/e","n/e","n/e","n/e","n/e","n/e","n/e","n/e","n/e","2015","n/e","n/e","15","n/e","0","n/e","n/e","355"
"BZN|SE1","27.09.2022 04:00 - 27.09.2022 05:00 (CET/CEST)","n/e","n/e","n/e","n/e","n/e","n/e","n/e","n/e","n/e","n/e","n/e","n/e","n/e","1999","n/e","n/e","15","n/e","0","n/e","n/e","376"
"BZN|SE1","27.09.2022 05:00 - 27.09.2022 06:00 (CET/CEST)","n/e","n/e","n/e","n/e","n/e","n/e","n/e","n/e","n/e","n/e","n/e","n/e","n/e","2203","n/e","n/e","15","n/e","0","n/e","n/e","410"
"BZN|SE1","27.09.2022 06:00 - 27.09.2022 07:00 (CET/CEST)","n/e","n/e","n/e","n/e","n/e","n/e","n/e","n/e","n/e","n/e","n/e","n/e","n/e","2561","n/e","n/e","15","n/e","0","n/e","n/e","434"
"BZN|SE1","27.09.2022 07:00 - 27.09.2022 08:00 (CET/CEST)","n/e","n/e","n/e","n/e","n/e","n/e","n/e","n/e","n/e","n/e","n/e","n/e","n/e","2796","n/e","n/e","15","n/e","0","n/e","n/e","417"
"BZN|SE1","27.09.2022 08:00 - 27.09.2022 09:00 (CET/CEST)","n/e","n/e","n/e","n/e","n/e","n/e","n/e","n/e","n/e","n/e","n/e","n/e","n/e","2940","n/e","n/e","15","n/e","0","n/e","n/e","380"
"BZN|SE1","27.09.2022 09:00 - 27.09.2022 10:00 (CET/CEST)","n/e","n/e","n/e","n/e","n/e","n/e","n/e","n/e","n/e","n/e","n/e","n/e","n/e","2962","n/e","n/e","15","n/e","0","n/e","n/e","338"
"BZN|SE1","27.09.2022 10:00 - 27.09.2022 11:00 (CET/CEST)","n/e","n/e","n/e","n/e","n/e","n/e","n/e","n/e","n/e","n/e","n/e","n/e","n/e","2976","n/e","n/e","15","n/e","0","n/e","n/e","275"
"BZN|SE1","27.09.2022 11:00 - 27.09.2022 12:00 (CET/CEST)","n/e","n/e","n/e","n/e","n/e","n/e","n/e","n/e","n/e","n/e","n/e","n/e","n/e","2998","n/e","n/e","15","n/e","1","n/e","n/e","264"
"BZN|SE1","27.09.2022 12:00 - 27.09.2022 13:00 (CET/CEST)","n/e","n/e","n/e","n/e","n/e","n/e","n/e","n/e","n/e","n/e","n/e","n/e","n/e","2899","n/e","n/e","15","n/e","1","n/e","n/e","244"
"BZN|SE1","27.09.2022 13:00 - 27.09.2022 14:00 (CET/CEST)","n/e","n/e","n/e","n/e","n/e","n/e","n/e","n/e","n/e","n/e","n/e","n/e","n/e","2849","n/e","n/e","15","n/e","1","n/e","n/e","230"
"BZN|SE1","27.09.2022 14:00 - 27.09.2022 15:00 (CET/CEST)","n/e","n/e","n/e","n/e","n/e","n/e","n/e","n/e","n/e","n/e","n/e","n/e","n/e","2880","n/e","n/e","15","n/e","0","n/e","n/e","221"
"BZN|SE1","27.09.2022 15:00 - 27.09.2022 16:00 (CET/CEST)","n/e","n/e","n/e","n/e","n/e","n/e","n/e","n/e","n/e","n/e","n/e","n/e","n/e","2889","n/e","n/e","15","n/e","0","n/e","n/e","210"
"BZN|SE1","27.09.2022 16:00 - 27.09.2022 17:00 (CET/CEST)","n/e","n/e","n/e","n/e","n/e","n/e","n/e","n/e","n/e","n/e","n/e","n/e","n/e","2776","n/e","n/e","15","n/e","0","n/e","n/e","194"
"BZN|SE1","27.09.2022 17:00 - 27.09.2022 18:00 (CET/CEST)","n/e","n/e","n/e","n/e","n/e","n/e","n/e","n/e","n/e","n/e","n/e","n/e","n/e","2812","n/e","n/e","14","n/e","0","n/e","n/e","189"
"BZN|SE1","27.09.2022 18:00 - 27.09.2022 19:00 (CET/CEST)","n/e","n/e","n/e","n/e","n/e","n/e","n/e","n/e","n/e","n/e","n/e","n/e","n/e","2977","n/e","n/e","14","n/e","0","n/e","n/e","230"
"BZN|SE1","27.09.2022 19:00 - 27.09.2022 20:00 (CET/CEST)","n/e","n/e","n/e","n/e","n/e","n/e","n/e","n/e","n/e","n/e","n/e","n/e","n/e","2988","n/e","n/e","12","n/e","0","n/e","n/e","213"
"BZN|SE1","27.09.2022 20:00 - 27.09.2022 21:00 (CET/CEST)","n/e","n/e","n/e","n/e","n/e","n/e","n/e","n/e","n/e","n/e","n/e","n/e","n/e","2889","n/e","n/e","12","n/e","0","n/e","n/e","185"
"BZN|SE1","27.09.2022 21:00 - 27.09.2022 22:00 (CET/CEST)","n/e","n/e","n/e","n/e","n/e","n/e","n/e","n/e","n/e","n/e","n/e","n/e","n/e","2890","n/e","n/e","14","n/e","0","n/e","n/e","148"
"BZN|SE1","27.09.2022 22:00 - 27.09.2022 23:00 (CET/CEST)","n/e","n/e","n/e","n/e","n/e","n/e","n/e","n/e","n/e","n/e","n/e","n/e","n/e","2751","n/e","n/e","14","n/e","0","n/e","n/e","113"
"BZN|SE1","27.09.2022 23:00 - 28.09.2022 00:00 (CET/CEST)","n/e","n/e","n/e","n/e","n/e","n/e","n/e","n/e","n/e","n/e","n/e","n/e","n/e","2717","n/e","n/e","14","n/e","0","n/e","n/e","107"
"BZN|SE1","28.09.2022 00:00 - 28.09.2022 01:00 (CET/CEST)","n/e","n/e","n/e","n/e","n/e","n/e","n/e","n/e","n/e","n/e","n/e","n/e","n/e","2651","n/e","n/e","14","n/e","0","n/e","n/e","111"
"BZN|SE1","28.09.2022 01:00 - 28.09.2022 02:00 (CET/CEST)","n/e","n/e","n/e","n/e","n/e","n/e","n/e","n/e","n/e","n/e","n/e","n/e","n/e","2592","n/e","n/e","14","n/e","0","n/e","n/e","112"
"BZN|SE1","28.09.2022 02:00 - 28.09.2022 03:00 (CET/CEST)","n/e","n/e","n/e","n/e","n/e","n/e","n/e","n/e","n/e","n/e","n/e","n/e","n/e","2592","n/e","n/e","14","n/e","0","n/e","n/e","104"
"BZN|SE1","28.09.2022 03:00 - 28.09.2022 04:00 (CET/CEST)","n/e","n/e","n/e","n/e","n/e","n/e","n/e","n/e","n/e","n/e","n/e","n/e","n/e","2572","n/e","n/e","14","n/e","0","n/e","n/e","93"
"BZN|SE1","28.09.2022 04:00 - 28.09.2022 05:00 (CET/CEST)","n/e","n/e","n/e","n/e","n/e","n/e","n/e","n/e","n/e","n/e","n/e","n/e","n/e","2579","n/e","n/e","14","n/e","0","n/e","n/e","88"
"BZN|SE1","28.09.2022 05:00 - 28.09.2022 06:00 (CET/CEST)","n/e","n/e","n/e","n/e","n/e","n/e","n/e","n/e","n/e","n/e","n/e","n/e","n/e","2744","n/e","n/e","14","n/e","0","n/e","n/e","84"
"BZN|SE1","28.09.2022 06:00 - 28.09.2022 07:00 (CET/CEST)","n/e","n/e","n/e","n/e","n/e","n/e","n/e","n/e","n/e","n/e","n/e","n/e","n/e","2756","n/e","n/e","17","n/e","0","n/e","n/e","77"
"BZN|SE1","28.09.2022 07:00 - 28.09.2022 08:00 (CET/CEST)","n/e","n/e","n/e","n/e","n/e","n/e","n/e","n/e","n/e","n/e","n/e","n/e","n/e","3095","n/e","n/e","17","n/e","0","n/e","n/e","70"
"BZN|SE1","28.09.2022 08:00 - 28.09.2022 09:00 (CET/CEST)","n/e","n/e","n/e","n/e","n/e","n/e","n/e","n/e","n/e","n/e","n/e","n/e","n/e","3236","n/e","n/e","17","n/e","0","n/e","n/e","71"
"BZN|SE1","28.09.2022 09:00 - 28.09.2022 10:00 (CET/CEST)","n/e","n/e","n/e","n/e","n/e","n/e","n/e","n/e","n/e","n/e","n/e","n/e","n/e","3261","n/e","n/e","17","n/e","0","n/e","n/e","55"
"BZN|SE1","28.09.2022 10:00 - 28.09.2022 11:00 (CET/CEST)","n/e","n/e","n/e","n/e","n/e","n/e","n/e","n/e","n/e","n/e","n/e","n/e","n/e","3238","n/e","n/e","17","n/e","0","n/e","n/e","45"
"BZN|SE1","28.09.2022 11:00 - 28.09.2022 12:00 (CET/CEST)","n/e","n/e","n/e","n/e","n/e","n/e","n/e","n/e","n/e","n/e","n/e","n/e","n/e","3263","n/e","n/e","17","n/e","0","n/e","n/e","41"
"BZN|SE1","28.09.2022 12:00 - 28.09.2022 13:00 (CET/CEST)","n/e","n/e","n/e","n/e","n/e","n/e","n/e","n/e","n/e","n/e","n/e","n/e","n/e","3246","n/e","n/e","16","n/e","0","n/e","n/e","38"
"BZN|SE1","28.09.2022 13:00 - 28.09.2022 14:00 (CET/CEST)","n/e","n/e","n/e","n/e","n/e","n/e","n/e","n/e","n/e","n/e","n/e","n/e","n/e","3222","n/e","n/e","17","n/e","0","n/e","n/e","38"
"BZN|SE1","28.09.2022 14:00 - 28.09.2022 15:00 (CET/CEST)","n/e","n/e","n/e","n/e","n/e","n/e","n/e","n/e","n/e","n/e","n/e","n/e","n/e","3225","n/e","n/e","17","n/e","0","n/e","n/e","34"
"BZN|SE1","28.09.2022 15:00 - 28.09.2022 16:00 (CET/CEST)","n/e","n/e","n/e","n/e","n/e","n/e","n/e","n/e","n/e","n/e","n/e","n/e","n/e","3381","n/e","n/e","17","n/e","0","n/e","n/e","32"
"BZN|SE1","28.09.2022 16:00 - 28.09.2022 17:00 (CET/CEST)","n/e","n/e","n/e","n/e","n/e","n/e","n/e","n/e","n/e","n/e","n/e","n/e","n/e","3444","n/e","n/e","17","n/e","0","n/e","n/e","40"
"BZN|SE1","28.09.2022 17:00 - 28.09.2022 18:00 (CET/CEST)","n/e","n/e","n/e","n/e","n/e","n/e","n/e","n/e","n/e","n/e","n/e","n/e","n/e","3394","n/e","n/e","16","n/e","0","n/e","n/e","61"
"BZN|SE1","28.09.2022 18:00 - 28.09.2022 19:00 (CET/CEST)","n/e","n/e","n/e","n/e","n/e","n/e","n/e","n/e","n/e","n/e","n/e","n/e","n/e","3417","n/e","n/e","16","n/e","0","n/e","n/e","108"
"BZN|SE1","28.09.2022 19:00 - 28.09.2022 20:00 (CET/CEST)","n/e","n/e","n/e","n/e","n/e","n/e","n/e","n/e","n/e","n/e","n/e","n/e","n/e","3405","n/e","n/e","16","n/e","0","n/e","n/e","145"
"BZN|SE1","28.09.2022 20:00 - 28.09.2022 21:00 (CET/CEST)","n/e","n/e","n/e","n/e","n/e","n/e","n/e","n/e","n/e","n/e","n/e","n/e","n/e","3330","n/e","n/e","13","n/e","0","n/e","n/e","156"
"BZN|SE1","28.09.2022 21:00 - 28.09.2022 22:00 (CET/CEST)","n/e","n/e","n/e","n/e","n/e","n/e","n/e","n/e","n/e","n/e","n/e","n/e","n/e","3127","n/e","n/e","11","n/e","0","n/e","n/e","149"
"BZN|SE1","28.09.2022 22:00 - 28.09.2022 23:00 (CET/CEST)","n/e","n/e","n/e","n/e","n/e","n/e","n/e","n/e","n/e","n/e","n/e","n/e","n/e","3076","n/e","n/e","11","n/e","0","n/e","n/e","150"
"BZN|SE1","28.09.2022 23:00 - 29.09.2022 00:00 (CET/CEST)","n/e","n/e","n/e","n/e","n/e","n/e","n/e","n/e","n/e","n/e","n/e","n/e","n/e","2927","n/e","n/e","11","n/e","0","n/e","n/e","137"
"BZN|SE1","29.09.2022 00:00 - 29.09.2022 01:00 (CET/CEST)","n/e","n/e","n/e","n/e","n/e","n/e","n/e","n/e","n/e","n/e","n/e","n/e","n/e","2782","n/e","n/e","11","n/e","0","n/e","n/e","133"
"BZN|SE1","29.09.2022 01:00 - 29.09.2022 02:00 (CET/CEST)","n/e","n/e","n/e","n/e","n/e","n/e","n/e","n/e","n/e","n/e","n/e","n/e","n/e","2730","n/e","n/e","12","n/e","0","n/e","n/e","140"
"BZN|SE1","29.09.2022 02:00 - 29.09.2022 03:00 (CET/CEST)","n/e","n/e","n/e","n/e","n/e","n/e","n/e","n/e","n/e","n/e","n/e","n/e","n/e","2718","n/e","n/e","12","n/e","0","n/e","n/e","155"
"BZN|SE1","29.09.2022 03:00 - 29.09.2022 04:00 (CET/CEST)","n/e","n/e","n/e","n/e","n/e","n/e","n/e","n/e","n/e","n/e","n/e","n/e","n/e","2695","n/e","n/e","11","n/e","0","n/e","n/e","171"
"BZN|SE1","29.09.2022 04:00 - 29.09.2022 05:00 (CET/CEST)","n/e","n/e","n/e","n/e","n/e","n/e","n/e","n/e","n/e","n/e","n/e","n/e","n/e","3034","n/e","n/e","11","n/e","0","n/e","n/e","182"
"BZN|SE1","29.09.2022 05:00 - 29.09.2022 06:00 (CET/CEST)","n/e","n/e","n/e","n/e","n/e","n/e","n/e","n/e","n/e","n/e","n/e","n/e","n/e","3140","n/e","n/e","13","n/e","0","n/e","n/e","209"
"BZN|SE1","29.09.2022 06:00 - 29.09.2022 07:00 (CET/CEST)","n/e","n/e","n/e","n/e","n/e","n/e","n/e","n/e","n/e","n/e","n/e","n/e","n/e","3450","n/e","n/e","16","n/e","0","n/e","n/e","238"
"BZN|SE1","29.09.2022 07:00 - 29.09.2022 08:00 (CET/CEST)","n/e","n/e","n/e","n/e","n/e","n/e","n/e","n/e","n/e","n/e","n/e","n/e","n/e","3689","n/e","n/e","21","n/e","0","n/e","n/e","232"
"BZN|SE1","29.09.2022 08:00 - 29.09.2022 09:00 (CET/CEST)","n/e","n/e","n/e","n/e","n/e","n/e","n/e","n/e","n/e","n/e","n/e","n/e","n/e","3775","n/e","n/e","21","n/e","0","n/e","n/e","210"
"BZN|SE1","29.09.2022 09:00 - 29.09.2022 10:00 (CET/CEST)","n/e","n/e","n/e","n/e","n/e","n/e","n/e","n/e","n/e","n/e","n/e","n/e","n/e","3682","n/e","n/e","22","n/e","0","n/e","n/e","238"
"BZN|SE1","29.09.2022 10:00 - 29.09.2022 11:00 (CET/CEST)","n/e","n/e","n/e","n/e","n/e","n/e","n/e","n/e","n/e","n/e","n/e","n/e","n/e","3698","n/e","n/e","22","n/e","0","n/e","n/e","263"
"BZN|SE1","29.09.2022 11:00 - 29.09.2022 12:00 (CET/CEST)","n/e","n/e","n/e","n/e","n/e","n/e","n/e","n/e","n/e","n/e","n/e","n/e","n/e","3720","n/e","n/e","22","n/e","0","n/e","n/e","292"
"BZN|SE1","29.09.2022 12:00 - 29.09.2022 13:00 (CET/CEST)","n/e","n/e","n/e","n/e","n/e","n/e","n/e","n/e","n/e","n/e","n/e","n/e","n/e","3708","n/e","n/e","21","n/e","0","n/e","n/e","299"
"BZN|SE1","29.09.2022 13:00 - 29.09.2022 14:00 (CET/CEST)","n/e","n/e","n/e","n/e","n/e","n/e","n/e","n/e","n/e","n/e","n/e","n/e","n/e","3717","n/e","n/e","22","n/e","1","n/e","n/e","323"
"BZN|SE1","29.09.2022 14:00 - 29.09.2022 15:00 (CET/CEST)","n/e","n/e","n/e","n/e","n/e","n/e","n/e","n/e","n/e","n/e","n/e","n/e","n/e","3726","n/e","n/e","22","n/e","0","n/e","n/e","321"
"BZN|SE1","29.09.2022 15:00 - 29.09.2022 16:00 (CET/CEST)","n/e","n/e","n/e","n/e","n/e","n/e","n/e","n/e","n/e","n/e","n/e","n/e","n/e","3730","n/e","n/e","22","n/e","0","n/e","n/e","338"
"BZN|SE1","29.09.2022 16:00 - 29.09.2022 17:00 (CET/CEST)","n/e","n/e","n/e","n/e","n/e","n/e","n/e","n/e","n/e","n/e","n/e","n/e","n/e","3762","n/e","n/e","22","n/e","0","n/e","n/e","340"
"BZN|SE1","29.09.2022 17:00 - 29.09.2022 18:00 (CET/CEST)","n/e","n/e","n/e","n/e","n/e","n/e","n/e","n/e","n/e","n/e","n/e","n/e","n/e","3789","n/e","n/e","22","n/e","0","n/e","n/e","344"
"BZN|SE1","29.09.2022 18:00 - 29.09.2022 19:00 (CET/CEST)","n/e","n/e","n/e","n/e","n/e","n/e","n/e","n/e","n/e","n/e","n/e","n/e","n/e","3787","n/e","n/e","16","n/e","0","n/e","n/e","364"
"BZN|SE1","29.09.2022 19:00 - 29.09.2022 20:00 (CET/CEST)","n/e","n/e","n/e","n/e","n/e","n/e","n/e","n/e","n/e","n/e","n/e","n/e","n/e","3777","n/e","n/e","12","n/e","0","n/e","n/e","447"
"BZN|SE1","29.09.2022 20:00 - 29.09.2022 21:00 (CET/CEST)","n/e","n/e","n/e","n/e","n/e","n/e","n/e","n/e","n/e","n/e","n/e","n/e","n/e","3744","n/e","n/e","12","n/e","0","n/e","n/e","504"
"BZN|SE1","29.09.2022 21:00 - 29.09.2022 22:00 (CET/CEST)","n/e","n/e","n/e","n/e","n/e","n/e","n/e","n/e","n/e","n/e","n/e","n/e","n/e","3723","n/e","n/e","12","n/e","0","n/e","n/e","482"
"BZN|SE1","29.09.2022 22:00 - 29.09.2022 23:00 (CET/CEST)","n/e","n/e","n/e","n/e","n/e","n/e","n/e","n/e","n/e","n/e","n/e","n/e","n/e","3691","n/e","n/e","12","n/e","0","n/e","n/e","466"
"BZN|SE1","29.09.2022 23:00 - 30.09.2022 00:00 (CET/CEST)","n/e","n/e","n/e","n/e","n/e","n/e","n/e","n/e","n/e","n/e","n/e","n/e","n/e","3668","n/e","n/e","12","n/e","0","n/e","n/e","383"
"BZN|SE1","30.09.2022 00:00 - 30.09.2022 01:00 (CET/CEST)","n/e","n/e","n/e","n/e","n/e","n/e","n/e","n/e","n/e","n/e","n/e","n/e","n/e","3714","n/e","n/e","13","n/e","0","n/e","n/e","275"
"BZN|SE1","30.09.2022 01:00 - 30.09.2022 02:00 (CET/CEST)","n/e","n/e","n/e","n/e","n/e","n/e","n/e","n/e","n/e","n/e","n/e","n/e","n/e","3688","n/e","n/e","14","n/e","0","n/e","n/e","246"
"BZN|SE1","30.09.2022 02:00 - 30.09.2022 03:00 (CET/CEST)","n/e","n/e","n/e","n/e","n/e","n/e","n/e","n/e","n/e","n/e","n/e","n/e","n/e","3712","n/e","n/e","14","n/e","0","n/e","n/e","275"
"BZN|SE1","30.09.2022 03:00 - 30.09.2022 04:00 (CET/CEST)","n/e","n/e","n/e","n/e","n/e","n/e","n/e","n/e","n/e","n/e","n/e","n/e","n/e","3701","n/e","n/e","14","n/e","0","n/e","n/e","263"
"BZN|SE1","30.09.2022 04:00 - 30.09.2022 05:00 (CET/CEST)","n/e","n/e","n/e","n/e","n/e","n/e","n/e","n/e","n/e","n/e","n/e","n/e","n/e","3705","n/e","n/e","17","n/e","0","n/e","n/e","247"
"BZN|SE1","30.09.2022 05:00 - 30.09.2022 06:00 (CET/CEST)","n/e","n/e","n/e","n/e","n/e","n/e","n/e","n/e","n/e","n/e","n/e","n/e","n/e","3792","n/e","n/e","21","n/e","0","n/e","n/e","216"
"BZN|SE1","30.09.2022 06:00 - 30.09.2022 07:00 (CET/CEST)","n/e","n/e","n/e","n/e","n/e","n/e","n/e","n/e","n/e","n/e","n/e","n/e","n/e","3795","n/e","n/e","24","n/e","0","n/e","n/e","196"
"BZN|SE1","30.09.2022 07:00 - 30.09.2022 08:00 (CET/CEST)","n/e","n/e","n/e","n/e","n/e","n/e","n/e","n/e","n/e","n/e","n/e","n/e","n/e","3765","n/e","n/e","27","n/e","0","n/e","n/e","168"
"BZN|SE1","30.09.2022 08:00 - 30.09.2022 09:00 (CET/CEST)","n/e","n/e","n/e","n/e","n/e","n/e","n/e","n/e","n/e","n/e","n/e","n/e","n/e","3623","n/e","n/e","30","n/e","0","n/e","n/e","136"
"BZN|SE1","30.09.2022 09:00 - 30.09.2022 10:00 (CET/CEST)","n/e","n/e","n/e","n/e","n/e","n/e","n/e","n/e","n/e","n/e","n/e","n/e","n/e","3631","n/e","n/e","34","n/e","0","n/e","n/e","91"
"BZN|SE1","30.09.2022 10:00 - 30.09.2022 11:00 (CET/CEST)","n/e","n/e","n/e","n/e","n/e","n/e","n/e","n/e","n/e","n/e","n/e","n/e","n/e","3828","n/e","n/e","34","n/e","0","n/e","n/e","52"
"BZN|SE1","30.09.2022 11:00 - 30.09.2022 12:00 (CET/CEST)","n/e","n/e","n/e","n/e","n/e","n/e","n/e","n/e","n/e","n/e","n/e","n/e","n/e","3828","n/e","n/e","34","n/e","0","n/e","n/e","26"
"BZN|SE1","30.09.2022 12:00 - 30.09.2022 13:00 (CET/CEST)","n/e","n/e","n/e","n/e","n/e","n/e","n/e","n/e","n/e","n/e","n/e","n/e","n/e","3612","n/e","n/e","36","n/e","0","n/e","n/e","19"
"BZN|SE1","30.09.2022 13:00 - 30.09.2022 14:00 (CET/CEST)","n/e","n/e","n/e","n/e","n/e","n/e","n/e","n/e","n/e","n/e","n/e","n/e","n/e","3638","n/e","n/e","36","n/e","0","n/e","n/e","11"
"BZN|SE1","30.09.2022 14:00 - 30.09.2022 15:00 (CET/CEST)","n/e","n/e","n/e","n/e","n/e","n/e","n/e","n/e","n/e","n/e","n/e","n/e","n/e","3648","n/e","n/e","36","n/e","0","n/e","n/e","5"
"BZN|SE1","30.09.2022 15:00 - 30.09.2022 16:00 (CET/CEST)","n/e","n/e","n/e","n/e","n/e","n/e","n/e","n/e","n/e","n/e","n/e","n/e","n/e","3649","n/e","n/e","36","n/e","0","n/e","n/e","3"
"BZN|SE1","30.09.2022 16:00 - 30.09.2022 17:00 (CET/CEST)","n/e","n/e","n/e","n/e","n/e","n/e","n/e","n/e","n/e","n/e","n/e","n/e","n/e","3652","n/e","n/e","36","n/e","0","n/e","n/e","4"
"BZN|SE1","30.09.2022 17:00 - 30.09.2022 18:00 (CET/CEST)","n/e","n/e","n/e","n/e","n/e","n/e","n/e","n/e","n/e","n/e","n/e","n/e","n/e","3846","n/e","n/e","36","n/e","0","n/e","n/e","6"
"BZN|SE1","30.09.2022 18:00 - 30.09.2022 19:00 (CET/CEST)","n/e","n/e","n/e","n/e","n/e","n/e","n/e","n/e","n/e","n/e","n/e","n/e","n/e","3848","n/e","n/e","30","n/e","0","n/e","n/e","13"
"BZN|SE1","30.09.2022 19:00 - 30.09.2022 20:00 (CET/CEST)","n/e","n/e","n/e","n/e","n/e","n/e","n/e","n/e","n/e","n/e","n/e","n/e","n/e","3753","n/e","n/e","27","n/e","0","n/e","n/e","19"
"BZN|SE1","30.09.2022 20:00 - 30.09.2022 21:00 (CET/CEST)","n/e","n/e","n/e","n/e","n/e","n/e","n/e","n/e","n/e","n/e","n/e","n/e","n/e","3595","n/e","n/e","26","n/e","0","n/e","n/e","21"
"BZN|SE1","30.09.2022 21:00 - 30.09.2022 22:00 (CET/CEST)","n/e","n/e","n/e","n/e","n/e","n/e","n/e","n/e","n/e","n/e","n/e","n/e","n/e","3107","n/e","n/e","25","n/e","0","n/e","n/e","28"
"BZN|SE1","30.09.2022 22:00 - 30.09.2022 23:00 (CET/CEST)","n/e","n/e","n/e","n/e","n/e","n/e","n/e","n/e","n/e","n/e","n/e","n/e","n/e","2779","n/e","n/e","23","n/e","0","n/e","n/e","31"
"BZN|SE1","30.09.2022 23:00 - 01.10.2022 00:00 (CET/CEST)","n/e","n/e","n/e","n/e","n/e","n/e","n/e","n/e","n/e","n/e","n/e","n/e","n/e","2532","n/e","n/e","20","n/e","0","n/e","n/e","41"
"BZN|SE1","01.10.2022 00:00 - 01.10.2022 01:00 (CET/CEST)","n/e","n/e","n/e","n/e","n/e","n/e","n/e","n/e","n/e","n/e","n/e","n/e","n/e","2518","n/e","n/e","17","n/e","0","n/e","n/e","49"
"BZN|SE1","01.10.2022 01:00 - 01.10.2022 02:00 (CET/CEST)","n/e","n/e","n/e","n/e","n/e","n/e","n/e","n/e","n/e","n/e","n/e","n/e","n/e","2511","n/e","n/e","17","n/e","0","n/e","n/e","68"
"BZN|SE1","01.10.2022 02:00 - 01.10.2022 03:00 (CET/CEST)","n/e","n/e","n/e","n/e","n/e","n/e","n/e","n/e","n/e","n/e","n/e","n/e","n/e","2327","n/e","n/e","17","n/e","0","n/e","n/e","90"
"BZN|SE1","01.10.2022 03:00 - 01.10.2022 04:00 (CET/CEST)","n/e","n/e","n/e","n/e","n/e","n/e","n/e","n/e","n/e","n/e","n/e","n/e","n/e","1965","n/e","n/e","17","n/e","0","n/e","n/e","113"
"BZN|SE1","01.10.2022 04:00 - 01.10.2022 05:00 (CET/CEST)","n/e","n/e","n/e","n/e","n/e","n/e","n/e","n/e","n/e","n/e","n/e","n/e","n/e","1869","n/e","n/e","17","n/e","0","n/e","n/e","123"
"BZN|SE1","01.10.2022 05:00 - 01.10.2022 06:00 (CET/CEST)","n/e","n/e","n/e","n/e","n/e","n/e","n/e","n/e","n/e","n/e","n/e","n/e","n/e","1866","n/e","n/e","17","n/e","0","n/e","n/e","132"
"BZN|SE1","01.10.2022 06:00 - 01.10.2022 07:00 (CET/CEST)","n/e","n/e","n/e","n/e","n/e","n/e","n/e","n/e","n/e","n/e","n/e","n/e","n/e","1888","n/e","n/e","17","n/e","0","n/e","n/e","144"
"BZN|SE1","01.10.2022 07:00 - 01.10.2022 08:00 (CET/CEST)","n/e","n/e","n/e","n/e","n/e","n/e","n/e","n/e","n/e","n/e","n/e","n/e","n/e","1970","n/e","n/e","17","n/e","0","n/e","n/e","182"
"BZN|SE1","01.10.2022 08:00 - 01.10.2022 09:00 (CET/CEST)","n/e","n/e","n/e","n/e","n/e","n/e","n/e","n/e","n/e","n/e","n/e","n/e","n/e","2256","n/e","n/e","17","n/e","0","n/e","n/e","233"
"BZN|SE1","01.10.2022 09:00 - 01.10.2022 10:00 (CET/CEST)","n/e","n/e","n/e","n/e","n/e","n/e","n/e","n/e","n/e","n/e","n/e","n/e","n/e","2545","n/e","n/e","17","n/e","0","n/e","n/e","234"
"BZN|SE1","01.10.2022 10:00 - 01.10.2022 11:00 (CET/CEST)","n/e","n/e","n/e","n/e","n/e","n/e","n/e","n/e","n/e","n/e","n/e","n/e","n/e","2569","n/e","n/e","17","n/e","1","n/e","n/e","278"
"BZN|SE1","01.10.2022 11:00 - 01.10.2022 12:00 (CET/CEST)","n/e","n/e","n/e","n/e","n/e","n/e","n/e","n/e","n/e","n/e","n/e","n/e","n/e","2527","n/e","n/e","18","n/e","1","n/e","n/e","325"
"BZN|SE1","01.10.2022 12:00 - 01.10.2022 13:00 (CET/CEST)","n/e","n/e","n/e","n/e","n/e","n/e","n/e","n/e","n/e","n/e","n/e","n/e","n/e","2549","n/e","n/e","17","n/e","1","n/e","n/e","386"
"BZN|SE1","01.10.2022 13:00 - 01.10.2022 14:00 (CET/CEST)","n/e","n/e","n/e","n/e","n/e","n/e","n/e","n/e","n/e","n/e","n/e","n/e","n/e","2519","n/e","n/e","18","n/e","1","n/e","n/e","449"
"BZN|SE1","01.10.2022 14:00 - 01.10.2022 15:00 (CET/CEST)","n/e","n/e","n/e","n/e","n/e","n/e","n/e","n/e","n/e","n/e","n/e","n/e","n/e","2523","n/e","n/e","20","n/e","0","n/e","n/e","507"
"BZN|SE1","01.10.2022 15:00 - 01.10.2022 16:00 (CET/CEST)","n/e","n/e","n/e","n/e","n/e","n/e","n/e","n/e","n/e","n/e","n/e","n/e","n/e","2521","n/e","n/e","22","n/e","0","n/e","n/e","516"
"BZN|SE1","01.10.2022 16:00 - 01.10.2022 17:00 (CET/CEST)","n/e","n/e","n/e","n/e","n/e","n/e","n/e","n/e","n/e","n/e","n/e","n/e","n/e","2536","n/e","n/e","25","n/e","0","n/e","n/e","541"
"BZN|SE1","01.10.2022 17:00 - 01.10.2022 18:00 (CET/CEST)","n/e","n/e","n/e","n/e","n/e","n/e","n/e","n/e","n/e","n/e","n/e","n/e","n/e","2609","n/e","n/e","25","n/e","0","n/e","n/e","541"
"BZN|SE1","01.10.2022 18:00 - 01.10.2022 19:00 (CET/CEST)","n/e","n/e","n/e","n/e","n/e","n/e","n/e","n/e","n/e","n/e","n/e","n/e","n/e","2840","n/e","n/e","25","n/e","0","n/e","n/e","642"
"BZN|SE1","01.10.2022 19:00 - 01.10.2022 20:00 (CET/CEST)","n/e","n/e","n/e","n/e","n/e","n/e","n/e","n/e","n/e","n/e","n/e","n/e","n/e","2853","n/e","n/e","25","n/e","0","n/e","n/e","658"
"BZN|SE1","01.10.2022 20:00 - 01.10.2022 21:00 (CET/CEST)","n/e","n/e","n/e","n/e","n/e","n/e","n/e","n/e","n/e","n/e","n/e","n/e","n/e","2752","n/e","n/e","25","n/e","0","n/e","n/e","627"
"BZN|SE1","01.10.2022 21:00 - 01.10.2022 22:00 (CET/CEST)","n/e","n/e","n/e","n/e","n/e","n/e","n/e","n/e","n/e","n/e","n/e","n/e","n/e","2599","n/e","n/e","22","n/e","0","n/e","n/e","691"
"BZN|SE1","01.10.2022 22:00 - 01.10.2022 23:00 (CET/CEST)","n/e","n/e","n/e","n/e","n/e","n/e","n/e","n/e","n/e","n/e","n/e","n/e","n/e","2563","n/e","n/e","19","n/e","0","n/e","n/e","645"
"BZN|SE1","01.10.2022 23:00 - 02.10.2022 00:00 (CET/CEST)","n/e","n/e","n/e","n/e","n/e","n/e","n/e","n/e","n/e","n/e","n/e","n/e","n/e","2522","n/e","n/e","17","n/e","0","n/e","n/e","589"
"BZN|SE1","02.10.2022 00:00 - 02.10.2022 01:00 (CET/CEST)","n/e","n/e","n/e","n/e","n/e","n/e","n/e","n/e","n/e","n/e","n/e","n/e","n/e","2506","n/e","n/e","16","n/e","0","n/e","n/e","491"
"BZN|SE1","02.10.2022 01:00 - 02.10.2022 02:00 (CET/CEST)","n/e","n/e","n/e","n/e","n/e","n/e","n/e","n/e","n/e","n/e","n/e","n/e","n/e","2504","n/e","n/e","17","n/e","0","n/e","n/e","445"
"BZN|SE1","02.10.2022 02:00 - 02.10.2022 03:00 (CET/CEST)","n/e","n/e","n/e","n/e","n/e","n/e","n/e","n/e","n/e","n/e","n/e","n/e","n/e","2412","n/e","n/e","17","n/e","0","n/e","n/e","427"
"BZN|SE1","02.10.2022 03:00 - 02.10.2022 04:00 (CET/CEST)","n/e","n/e","n/e","n/e","n/e","n/e","n/e","n/e","n/e","n/e","n/e","n/e","n/e","2543","n/e","n/e","17","n/e","0","n/e","n/e","377"
"BZN|SE1","02.10.2022 04:00 - 02.10.2022 05:00 (CET/CEST)","n/e","n/e","n/e","n/e","n/e","n/e","n/e","n/e","n/e","n/e","n/e","n/e","n/e","2385","n/e","n/e","17","n/e","0","n/e","n/e","307"
"BZN|SE1","02.10.2022 05:00 - 02.10.2022 06:00 (CET/CEST)","n/e","n/e","n/e","n/e","n/e","n/e","n/e","n/e","n/e","n/e","n/e","n/e","n/e","2443","n/e","n/e","17","n/e","0","n/e","n/e","323"
"BZN|SE1","02.10.2022 06:00 - 02.10.2022 07:00 (CET/CEST)","n/e","n/e","n/e","n/e","n/e","n/e","n/e","n/e","n/e","n/e","n/e","n/e","n/e","2503","n/e","n/e","16","n/e","0","n/e","n/e","320"
"BZN|SE1","02.10.2022 07:00 - 02.10.2022 08:00 (CET/CEST)","n/e","n/e","n/e","n/e","n/e","n/e","n/e","n/e","n/e","n/e","n/e","n/e","n/e","2514","n/e","n/e","17","n/e","0","n/e","n/e","347"
"BZN|SE1","02.10.2022 08:00 - 02.10.2022 09:00 (CET/CEST)","n/e","n/e","n/e","n/e","n/e","n/e","n/e","n/e","n/e","n/e","n/e","n/e","n/e","2707","n/e","n/e","16","n/e","0","n/e","n/e","340"
"BZN|SE1","02.10.2022 09:00 - 02.10.2022 10:00 (CET/CEST)","n/e","n/e","n/e","n/e","n/e","n/e","n/e","n/e","n/e","n/e","n/e","n/e","n/e","2732","n/e","n/e","17","n/e","0","n/e","n/e","334"
"BZN|SE1","02.10.2022 10:00 - 02.10.2022 11:00 (CET/CEST)","n/e","n/e","n/e","n/e","n/e","n/e","n/e","n/e","n/e","n/e","n/e","n/e","n/e","2678","n/e","n/e","17","n/e","0","n/e","n/e","304"
"BZN|SE1","02.10.2022 11:00 - 02.10.2022 12:00 (CET/CEST)","n/e","n/e","n/e","n/e","n/e","n/e","n/e","n/e","n/e","n/e","n/e","n/e","n/e","2524","n/e","n/e","17","n/e","0","n/e","n/e","296"
"BZN|SE1","02.10.2022 12:00 - 02.10.2022 13:00 (CET/CEST)","n/e","n/e","n/e","n/e","n/e","n/e","n/e","n/e","n/e","n/e","n/e","n/e","n/e","2478","n/e","n/e","16","n/e","0","n/e","n/e","295"
"BZN|SE1","02.10.2022 13:00 - 02.10.2022 14:00 (CET/CEST)","n/e","n/e","n/e","n/e","n/e","n/e","n/e","n/e","n/e","n/e","n/e","n/e","n/e","2438","n/e","n/e","19","n/e","1","n/e","n/e","289"
"BZN|SE1","02.10.2022 14:00 - 02.10.2022 15:00 (CET/CEST)","n/e","n/e","n/e","n/e","n/e","n/e","n/e","n/e","n/e","n/e","n/e","n/e","n/e","2560","n/e","n/e","22","n/e","0","n/e","n/e","274"
"BZN|SE1","02.10.2022 15:00 - 02.10.2022 16:00 (CET/CEST)","n/e","n/e","n/e","n/e","n/e","n/e","n/e","n/e","n/e","n/e","n/e","n/e","n/e","2537","n/e","n/e","17","n/e","0","n/e","n/e","294"
"BZN|SE1","02.10.2022 16:00 - 02.10.2022 17:00 (CET/CEST)","n/e","n/e","n/e","n/e","n/e","n/e","n/e","n/e","n/e","n/e","n/e","n/e","n/e","2801","n/e","n/e","17","n/e","0","n/e","n/e","317"
"BZN|SE1","02.10.2022 17:00 - 02.10.2022 18:00 (CET/CEST)","n/e","n/e","n/e","n/e","n/e","n/e","n/e","n/e","n/e","n/e","n/e","n/e","n/e","3631","n/e","n/e","16","n/e","0","n/e","n/e","320"
"BZN|SE1","02.10.2022 18:00 - 02.10.2022 19:00 (CET/CEST)","n/e","n/e","n/e","n/e","n/e","n/e","n/e","n/e","n/e","n/e","n/e","n/e","n/e","3646","n/e","n/e","16","n/e","0","n/e","n/e","342"
"BZN|SE1","02.10.2022 19:00 - 02.10.2022 20:00 (CET/CEST)","n/e","n/e","n/e","n/e","n/e","n/e","n/e","n/e","n/e","n/e","n/e","n/e","n/e","3648","n/e","n/e","19","n/e","0","n/e","n/e","417"
"BZN|SE1","02.10.2022 20:00 - 02.10.2022 21:00 (CET/CEST)","n/e","n/e","n/e","n/e","n/e","n/e","n/e","n/e","n/e","n/e","n/e","n/e","n/e","3459","n/e","n/e","19","n/e","0","n/e","n/e","457"
"BZN|SE1","02.10.2022 21:00 - 02.10.2022 22:00 (CET/CEST)","n/e","n/e","n/e","n/e","n/e","n/e","n/e","n/e","n/e","n/e","n/e","n/e","n/e","3634","n/e","n/e","19","n/e","0","n/e","n/e","400"
"BZN|SE1","02.10.2022 22:00 - 02.10.2022 23:00 (CET/CEST)","n/e","n/e","n/e","n/e","n/e","n/e","n/e","n/e","n/e","n/e","n/e","n/e","n/e","3459","n/e","n/e","19","n/e","0","n/e","n/e","307"
"BZN|SE1","02.10.2022 23:00 - 03.10.2022 00:00 (CET/CEST)","n/e","n/e","n/e","n/e","n/e","n/e","n/e","n/e","n/e","n/e","n/e","n/e","n/e","3372","n/e","n/e","19","n/e","0","n/e","n/e","252"
"BZN|SE1","03.10.2022 00:00 - 03.10.2022 01:00 (CET/CEST)","n/e","n/e","n/e","n/e","n/e","n/e","n/e","n/e","n/e","n/e","n/e","n/e","n/e","2469","n/e","n/e","18","n/e","0","n/e","n/e","229"
"BZN|SE1","03.10.2022 01:00 - 03.10.2022 02:00 (CET/CEST)","n/e","n/e","n/e","n/e","n/e","n/e","n/e","n/e","n/e","n/e","n/e","n/e","n/e","2726","n/e","n/e","19","n/e","0","n/e","n/e","185"
"BZN|SE1","03.10.2022 02:00 - 03.10.2022 03:00 (CET/CEST)","n/e","n/e","n/e","n/e","n/e","n/e","n/e","n/e","n/e","n/e","n/e","n/e","n/e","2539","n/e","n/e","19","n/e","0","n/e","n/e","160"
"BZN|SE1","03.10.2022 03:00 - 03.10.2022 04:00 (CET/CEST)","n/e","n/e","n/e","n/e","n/e","n/e","n/e","n/e","n/e","n/e","n/e","n/e","n/e","2698","n/e","n/e","19","n/e","0","n/e","n/e","142"
"BZN|SE1","03.10.2022 04:00 - 03.10.2022 05:00 (CET/CEST)","n/e","n/e","n/e","n/e","n/e","n/e","n/e","n/e","n/e","n/e","n/e","n/e","n/e","2858","n/e","n/e","25","n/e","0","n/e","n/e","106"
"BZN|SE1","03.10.2022 05:00 - 03.10.2022 06:00 (CET/CEST)","n/e","n/e","n/e","n/e","n/e","n/e","n/e","n/e","n/e","n/e","n/e","n/e","n/e","3366","n/e","n/e","30","n/e","0","n/e","n/e","81"
"BZN|SE1","03.10.2022 06:00 - 03.10.2022 07:00 (CET/CEST)","n/e","n/e","n/e","n/e","n/e","n/e","n/e","n/e","n/e","n/e","n/e","n/e","n/e","3582","n/e","n/e","35","n/e","0","n/e","n/e","49"
"BZN|SE1","03.10.2022 07:00 - 03.10.2022 08:00 (CET/CEST)","n/e","n/e","n/e","n/e","n/e","n/e","n/e","n/e","n/e","n/e","n/e","n/e","n/e","3690","n/e","n/e","35","n/e","0","n/e","n/e","33"
"BZN|SE1","03.10.2022 08:00 - 03.10.2022 09:00 (CET/CEST)","n/e","n/e","n/e","n/e","n/e","n/e","n/e","n/e","n/e","n/e","n/e","n/e","n/e","3721","n/e","n/e","35","n/e","0","n/e","n/e","22"
"BZN|SE1","03.10.2022 09:00 - 03.10.2022 10:00 (CET/CEST)","n/e","n/e","n/e","n/e","n/e","n/e","n/e","n/e","n/e","n/e","n/e","n/e","n/e","3691","n/e","n/e","34","n/e","0","n/e","n/e","11"
"BZN|SE1","03.10.2022 10:00 - 03.10.2022 11:00 (CET/CEST)","n/e","n/e","n/e","n/e","n/e","n/e","n/e","n/e","n/e","n/e","n/e","n/e","n/e","3621","n/e","n/e","31","n/e","1","n/e","n/e","8"
"BZN|SE1","03.10.2022 11:00 - 03.10.2022 12:00 (CET/CEST)","n/e","n/e","n/e","n/e","n/e","n/e","n/e","n/e","n/e","n/e","n/e","n/e","n/e","3197","n/e","n/e","27","n/e","1","n/e","n/e","6"
"BZN|SE1","03.10.2022 12:00 - 03.10.2022 13:00 (CET/CEST)","n/e","n/e","n/e","n/e","n/e","n/e","n/e","n/e","n/e","n/e","n/e","n/e","n/e","2918","n/e","n/e","26","n/e","1","n/e","n/e","7"
"BZN|SE1","03.10.2022 13:00 - 03.10.2022 14:00 (CET/CEST)","n/e","n/e","n/e","n/e","n/e","n/e","n/e","n/e","n/e","n/e","n/e","n/e","n/e","2905","n/e","n/e","26","n/e","1","n/e","n/e","7"
"BZN|SE1","03.10.2022 14:00 - 03.10.2022 15:00 (CET/CEST)","n/e","n/e","n/e","n/e","n/e","n/e","n/e","n/e","n/e","n/e","n/e","n/e","n/e","3302","n/e","n/e","26","n/e","1","n/e","n/e","6"
"BZN|SE1","03.10.2022 15:00 - 03.10.2022 16:00 (CET/CEST)","n/e","n/e","n/e","n/e","n/e","n/e","n/e","n/e","n/e","n/e","n/e","n/e","n/e","3289","n/e","n/e","26","n/e","0","n/e","n/e","9"
"BZN|SE1","03.10.2022 16:00 - 03.10.2022 17:00 (CET/CEST)","n/e","n/e","n/e","n/e","n/e","n/e","n/e","n/e","n/e","n/e","n/e","n/e","n/e","3566","n/e","n/e","26","n/e","0","n/e","n/e","11"
"BZN|SE1","03.10.2022 17:00 - 03.10.2022 18:00 (CET/CEST)","n/e","n/e","n/e","n/e","n/e","n/e","n/e","n/e","n/e","n/e","n/e","n/e","n/e","3614","n/e","n/e","26","n/e","0","n/e","n/e","18"
"BZN|SE1","03.10.2022 18:00 - 03.10.2022 19:00 (CET/CEST)","n/e","n/e","n/e","n/e","n/e","n/e","n/e","n/e","n/e","n/e","n/e","n/e","n/e","3611","n/e","n/e","26","n/e","0","n/e","n/e","23"
"BZN|SE1","03.10.2022 19:00 - 03.10.2022 20:00 (CET/CEST)","n/e","n/e","n/e","n/e","n/e","n/e","n/e","n/e","n/e","n/e","n/e","n/e","n/e","3346","n/e","n/e","26","n/e","0","n/e","n/e","39"
"BZN|SE1","03.10.2022 20:00 - 03.10.2022 21:00 (CET/CEST)","n/e","n/e","n/e","n/e","n/e","n/e","n/e","n/e","n/e","n/e","n/e","n/e","n/e","3269","n/e","n/e","26","n/e","0","n/e","n/e","43"
"BZN|SE1","03.10.2022 21:00 - 03.10.2022 22:00 (CET/CEST)","n/e","n/e","n/e","n/e","n/e","n/e","n/e","n/e","n/e","n/e","n/e","n/e","n/e","3076","n/e","n/e","26","n/e","0","n/e","n/e","34"
"BZN|SE1","03.10.2022 22:00 - 03.10.2022 23:00 (CET/CEST)","n/e","n/e","n/e","n/e","n/e","n/e","n/e","n/e","n/e","n/e","n/e","n/e","n/e","2780","n/e","n/e","26","n/e","0","n/e","n/e","31"
"BZN|SE1","03.10.2022 23:00 - 04.10.2022 00:00 (CET/CEST)","n/e","n/e","n/e","n/e","n/e","n/e","n/e","n/e","n/e","n/e","n/e","n/e","n/e","2472","n/e","n/e","21","n/e","0","n/e","n/e","35"
"BZN|SE1","04.10.2022 00:00 - 04.10.2022 01:00 (CET/CEST)","n/e","n/e","n/e","n/e","n/e","n/e","n/e","n/e","n/e","n/e","n/e","n/e","n/e","2752","n/e","n/e","15","n/e","0","n/e","n/e","36"
"BZN|SE1","04.10.2022 01:00 - 04.10.2022 02:00 (CET/CEST)","n/e","n/e","n/e","n/e","n/e","n/e","n/e","n/e","n/e","n/e","n/e","n/e","n/e","2785","n/e","n/e","13","n/e","0","n/e","n/e","37"
"BZN|SE1","04.10.2022 02:00 - 04.10.2022 03:00 (CET/CEST)","n/e","n/e","n/e","n/e","n/e","n/e","n/e","n/e","n/e","n/e","n/e","n/e","n/e","2782","n/e","n/e","13","n/e","0","n/e","n/e","40"
"BZN|SE1","04.10.2022 03:00 - 04.10.2022 04:00 (CET/CEST)","n/e","n/e","n/e","n/e","n/e","n/e","n/e","n/e","n/e","n/e","n/e","n/e","n/e","2786","n/e","n/e","13","n/e","0","n/e","n/e","30"
"BZN|SE1","04.10.2022 04:00 - 04.10.2022 05:00 (CET/CEST)","n/e","n/e","n/e","n/e","n/e","n/e","n/e","n/e","n/e","n/e","n/e","n/e","n/e","2795","n/e","n/e","13","n/e","0","n/e","n/e","24"
"BZN|SE1","04.10.2022 05:00 - 04.10.2022 06:00 (CET/CEST)","n/e","n/e","n/e","n/e","n/e","n/e","n/e","n/e","n/e","n/e","n/e","n/e","n/e","3224","n/e","n/e","13","n/e","0","n/e","n/e","25"
"BZN|SE1","04.10.2022 06:00 - 04.10.2022 07:00 (CET/CEST)","n/e","n/e","n/e","n/e","n/e","n/e","n/e","n/e","n/e","n/e","n/e","n/e","n/e","3534","n/e","n/e","18","n/e","0","n/e","n/e","27"
"BZN|SE1","04.10.2022 07:00 - 04.10.2022 08:00 (CET/CEST)","n/e","n/e","n/e","n/e","n/e","n/e","n/e","n/e","n/e","n/e","n/e","n/e","n/e","3641","n/e","n/e","23","n/e","0","n/e","n/e","23"
"BZN|SE1","04.10.2022 08:00 - 04.10.2022 09:00 (CET/CEST)","n/e","n/e","n/e","n/e","n/e","n/e","n/e","n/e","n/e","n/e","n/e","n/e","n/e","3698","n/e","n/e","28","n/e","0","n/e","n/e","20"
"BZN|SE1","04.10.2022 09:00 - 04.10.2022 10:00 (CET/CEST)","n/e","n/e","n/e","n/e","n/e","n/e","n/e","n/e","n/e","n/e","n/e","n/e","n/e","3706","n/e","n/e","28","n/e","0","n/e","n/e","12"
"BZN|SE1","04.10.2022 10:00 - 04.10.2022 11:00 (CET/CEST)","n/e","n/e","n/e","n/e","n/e","n/e","n/e","n/e","n/e","n/e","n/e","n/e","n/e","3680","n/e","n/e","28","n/e","0","n/e","n/e","14"
"BZN|SE1","04.10.2022 11:00 - 04.10.2022 12:00 (CET/CEST)","n/e","n/e","n/e","n/e","n/e","n/e","n/e","n/e","n/e","n/e","n/e","n/e","n/e","3606","n/e","n/e","28","n/e","0","n/e","n/e","16"
"BZN|SE1","04.10.2022 12:00 - 04.10.2022 13:00 (CET/CEST)","n/e","n/e","n/e","n/e","n/e","n/e","n/e","n/e","n/e","n/e","n/e","n/e","n/e","3361","n/e","n/e","25","n/e","0","n/e","n/e","15"
"BZN|SE1","04.10.2022 13:00 - 04.10.2022 14:00 (CET/CEST)","n/e","n/e","n/e","n/e","n/e","n/e","n/e","n/e","n/e","n/e","n/e","n/e","n/e","3293","n/e","n/e","23","n/e","0","n/e","n/e","19"
"BZN|SE1","04.10.2022 14:00 - 04.10.2022 15:00 (CET/CEST)","n/e","n/e","n/e","n/e","n/e","n/e","n/e","n/e","n/e","n/e","n/e","n/e","n/e","3223","n/e","n/e","23","n/e","0","n/e","n/e","42"
"BZN|SE1","04.10.2022 15:00 - 04.10.2022 16:00 (CET/CEST)","n/e","n/e","n/e","n/e","n/e","n/e","n/e","n/e","n/e","n/e","n/e","n/e","n/e","3230","n/e","n/e","23","n/e","0","n/e","n/e","88"
"BZN|SE1","04.10.2022 16:00 - 04.10.2022 17:00 (CET/CEST)","n/e","n/e","n/e","n/e","n/e","n/e","n/e","n/e","n/e","n/e","n/e","n/e","n/e","3301","n/e","n/e","24","n/e","0","n/e","n/e","142"
"BZN|SE1","04.10.2022 17:00 - 04.10.2022 18:00 (CET/CEST)","n/e","n/e","n/e","n/e","n/e","n/e","n/e","n/e","n/e","n/e","n/e","n/e","n/e","2952","n/e","n/e","23","n/e","0","n/e","n/e","227"
"BZN|SE1","04.10.2022 18:00 - 04.10.2022 19:00 (CET/CEST)","n/e","n/e","n/e","n/e","n/e","n/e","n/e","n/e","n/e","n/e","n/e","n/e","n/e","2794","n/e","n/e","19","n/e","0","n/e","n/e","325"
"BZN|SE1","04.10.2022 19:00 - 04.10.2022 20:00 (CET/CEST)","n/e","n/e","n/e","n/e","n/e","n/e","n/e","n/e","n/e","n/e","n/e","n/e","n/e","2705","n/e","n/e","16","n/e","0","n/e","n/e","437"
"BZN|SE1","04.10.2022 20:00 - 04.10.2022 21:00 (CET/CEST)","n/e","n/e","n/e","n/e","n/e","n/e","n/e","n/e","n/e","n/e","n/e","n/e","n/e","2456","n/e","n/e","16","n/e","0","n/e","n/e","515"
"BZN|SE1","04.10.2022 21:00 - 04.10.2022 22:00 (CET/CEST)","n/e","n/e","n/e","n/e","n/e","n/e","n/e","n/e","n/e","n/e","n/e","n/e","n/e","2389","n/e","n/e","16","n/e","0","n/e","n/e","564"
"BZN|SE1","04.10.2022 22:00 - 04.10.2022 23:00 (CET/CEST)","n/e","n/e","n/e","n/e","n/e","n/e","n/e","n/e","n/e","n/e","n/e","n/e","n/e","2296","n/e","n/e","14","n/e","0","n/e","n/e","662"
"BZN|SE1","04.10.2022 23:00 - 05.10.2022 00:00 (CET/CEST)","n/e","n/e","n/e","n/e","n/e","n/e","n/e","n/e","n/e","n/e","n/e","n/e","n/e","2138","n/e","n/e","14","n/e","0","n/e","n/e","753"
"BZN|SE1","05.10.2022 00:00 - 05.10.2022 01:00 (CET/CEST)","n/e","n/e","n/e","n/e","n/e","n/e","n/e","n/e","n/e","n/e","n/e","n/e","n/e","1678","n/e","n/e","14","n/e","0","n/e","n/e","811"
"BZN|SE1","05.10.2022 01:00 - 05.10.2022 02:00 (CET/CEST)","n/e","n/e","n/e","n/e","n/e","n/e","n/e","n/e","n/e","n/e","n/e","n/e","n/e","1631","n/e","n/e","15","n/e","0","n/e","n/e","846"
"BZN|SE1","05.10.2022 02:00 - 05.10.2022 03:00 (CET/CEST)","n/e","n/e","n/e","n/e","n/e","n/e","n/e","n/e","n/e","n/e","n/e","n/e","n/e","1605","n/e","n/e","15","n/e","0","n/e","n/e","886"
"BZN|SE1","05.10.2022 03:00 - 05.10.2022 04:00 (CET/CEST)","n/e","n/e","n/e","n/e","n/e","n/e","n/e","n/e","n/e","n/e","n/e","n/e","n/e","1603","n/e","n/e","15","n/e","0","n/e","n/e","934"
"BZN|SE1","05.10.2022 04:00 - 05.10.2022 05:00 (CET/CEST)","n/e","n/e","n/e","n/e","n/e","n/e","n/e","n/e","n/e","n/e","n/e","n/e","n/e","1605","n/e","n/e","14","n/e","0","n/e","n/e","1010"
"BZN|SE1","05.10.2022 05:00 - 05.10.2022 06:00 (CET/CEST)","n/e","n/e","n/e","n/e","n/e","n/e","n/e","n/e","n/e","n/e","n/e","n/e","n/e","1769","n/e","n/e","14","n/e","0","n/e","n/e","1179"
"BZN|SE1","05.10.2022 06:00 - 05.10.2022 07:00 (CET/CEST)","n/e","n/e","n/e","n/e","n/e","n/e","n/e","n/e","n/e","n/e","n/e","n/e","n/e","2426","n/e","n/e","14","n/e","0","n/e","n/e","1336"
"BZN|SE1","05.10.2022 07:00 - 05.10.2022 08:00 (CET/CEST)","n/e","n/e","n/e","n/e","n/e","n/e","n/e","n/e","n/e","n/e","n/e","n/e","n/e","2549","n/e","n/e","14","n/e","0","n/e","n/e","1332"
"BZN|SE1","05.10.2022 08:00 - 05.10.2022 09:00 (CET/CEST)","n/e","n/e","n/e","n/e","n/e","n/e","n/e","n/e","n/e","n/e","n/e","n/e","n/e","2598","n/e","n/e","14","n/e","0","n/e","n/e","1101"
"BZN|SE1","05.10.2022 09:00 - 05.10.2022 10:00 (CET/CEST)","n/e","n/e","n/e","n/e","n/e","n/e","n/e","n/e","n/e","n/e","n/e","n/e","n/e","2611","n/e","n/e","14","n/e","0","n/e","n/e","980"
"BZN|SE1","05.10.2022 10:00 - 05.10.2022 11:00 (CET/CEST)","n/e","n/e","n/e","n/e","n/e","n/e","n/e","n/e","n/e","n/e","n/e","n/e","n/e","2797","n/e","n/e","14","n/e","0","n/e","n/e","854"
"BZN|SE1","05.10.2022 11:00 - 05.10.2022 12:00 (CET/CEST)","n/e","n/e","n/e","n/e","n/e","n/e","n/e","n/e","n/e","n/e","n/e","n/e","n/e","2577","n/e","n/e","14","n/e","0","n/e","n/e","682"
"BZN|SE1","05.10.2022 12:00 - 05.10.2022 13:00 (CET/CEST)","n/e","n/e","n/e","n/e","n/e","n/e","n/e","n/e","n/e","n/e","n/e","n/e","n/e","2421","n/e","n/e","15","n/e","0","n/e","n/e","357"
"BZN|SE1","05.10.2022 13:00 - 05.10.2022 14:00 (CET/CEST)","n/e","n/e","n/e","n/e","n/e","n/e","n/e","n/e","n/e","n/e","n/e","n/e","n/e","1964","n/e","n/e","15","n/e","0","n/e","n/e","196"
"BZN|SE1","05.10.2022 14:00 - 05.10.2022 15:00 (CET/CEST)","n/e","n/e","n/e","n/e","n/e","n/e","n/e","n/e","n/e","n/e","n/e","n/e","n/e","1871","n/e","n/e","15","n/e","0","n/e","n/e","139"
"BZN|SE1","05.10.2022 15:00 - 05.10.2022 16:00 (CET/CEST)","n/e","n/e","n/e","n/e","n/e","n/e","n/e","n/e","n/e","n/e","n/e","n/e","n/e","1875","n/e","n/e","15","n/e","0","n/e","n/e","153"
"BZN|SE1","05.10.2022 16:00 - 05.10.2022 17:00 (CET/CEST)","n/e","n/e","n/e","n/e","n/e","n/e","n/e","n/e","n/e","n/e","n/e","n/e","n/e","2350","n/e","n/e","15","n/e","0","n/e","n/e","124"
"BZN|SE1","05.10.2022 17:00 - 05.10.2022 18:00 (CET/CEST)","n/e","n/e","n/e","n/e","n/e","n/e","n/e","n/e","n/e","n/e","n/e","n/e","n/e","2044","n/e","n/e","14","n/e","0","n/e","n/e","116"
"BZN|SE1","05.10.2022 18:00 - 05.10.2022 19:00 (CET/CEST)","n/e","n/e","n/e","n/e","n/e","n/e","n/e","n/e","n/e","n/e","n/e","n/e","n/e","1810","n/e","n/e","14","n/e","0","n/e","n/e","122"
"BZN|SE1","05.10.2022 19:00 - 05.10.2022 20:00 (CET/CEST)","n/e","n/e","n/e","n/e","n/e","n/e","n/e","n/e","n/e","n/e","n/e","n/e","n/e","1762","n/e","n/e","15","n/e","0","n/e","n/e","122"
"BZN|SE1","05.10.2022 20:00 - 05.10.2022 21:00 (CET/CEST)","n/e","n/e","n/e","n/e","n/e","n/e","n/e","n/e","n/e","n/e","n/e","n/e","n/e","1595","n/e","n/e","15","n/e","0","n/e","n/e","183"
"BZN|SE1","05.10.2022 21:00 - 05.10.2022 22:00 (CET/CEST)","n/e","n/e","n/e","n/e","n/e","n/e","n/e","n/e","n/e","n/e","n/e","n/e","n/e","1086","n/e","n/e","15","n/e","0","n/e","n/e","341"
"BZN|SE1","05.10.2022 22:00 - 05.10.2022 23:00 (CET/CEST)","n/e","n/e","n/e","n/e","n/e","n/e","n/e","n/e","n/e","n/e","n/e","n/e","n/e","788","n/e","n/e","18","n/e","0","n/e","n/e","517"
"BZN|SE1","05.10.2022 23:00 - 06.10.2022 00:00 (CET/CEST)","n/e","n/e","n/e","n/e","n/e","n/e","n/e","n/e","n/e","n/e","n/e","n/e","n/e","725","n/e","n/e","18","n/e","0","n/e","n/e","734"
"BZN|SE1","06.10.2022 00:00 - 06.10.2022 01:00 (CET/CEST)","n/e","n/e","n/e","n/e","n/e","n/e","n/e","n/e","n/e","n/e","n/e","n/e","n/e","1080","n/e","n/e","17","n/e","0","n/e","n/e","903"
"BZN|SE1","06.10.2022 01:00 - 06.10.2022 02:00 (CET/CEST)","n/e","n/e","n/e","n/e","n/e","n/e","n/e","n/e","n/e","n/e","n/e","n/e","n/e","1077","n/e","n/e","18","n/e","0","n/e","n/e","1119"
"BZN|SE1","06.10.2022 02:00 - 06.10.2022 03:00 (CET/CEST)","n/e","n/e","n/e","n/e","n/e","n/e","n/e","n/e","n/e","n/e","n/e","n/e","n/e","1058","n/e","n/e","17","n/e","0","n/e","n/e","1204"
"BZN|SE1","06.10.2022 03:00 - 06.10.2022 04:00 (CET/CEST)","n/e","n/e","n/e","n/e","n/e","n/e","n/e","n/e","n/e","n/e","n/e","n/e","n/e","1219","n/e","n/e","17","n/e","0","n/e","n/e","1204"
"BZN|SE1","06.10.2022 04:00 - 06.10.2022 05:00 (CET/CEST)","n/e","n/e","n/e","n/e","n/e","n/e","n/e","n/e","n/e","n/e","n/e","n/e","n/e","1201","n/e","n/e","16","n/e","0","n/e","n/e","1245"
"BZN|SE1","06.10.2022 05:00 - 06.10.2022 06:00 (CET/CEST)","n/e","n/e","n/e","n/e","n/e","n/e","n/e","n/e","n/e","n/e","n/e","n/e","n/e","1227","n/e","n/e","16","n/e","0","n/e","n/e","1439"
"BZN|SE1","06.10.2022 06:00 - 06.10.2022 07:00 (CET/CEST)","n/e","n/e","n/e","n/e","n/e","n/e","n/e","n/e","n/e","n/e","n/e","n/e","n/e","1386","n/e","n/e","16","n/e","0","n/e","n/e","1460"
"BZN|SE1","06.10.2022 07:00 - 06.10.2022 08:00 (CET/CEST)","n/e","n/e","n/e","n/e","n/e","n/e","n/e","n/e","n/e","n/e","n/e","n/e","n/e","1629","n/e","n/e","16","n/e","0","n/e","n/e","1685"
"BZN|SE1","06.10.2022 08:00 - 06.10.2022 09:00 (CET/CEST)","n/e","n/e","n/e","n/e","n/e","n/e","n/e","n/e","n/e","n/e","n/e","n/e","n/e","1763","n/e","n/e","16","n/e","0","n/e","n/e","1604"
"BZN|SE1","06.10.2022 09:00 - 06.10.2022 10:00 (CET/CEST)","n/e","n/e","n/e","n/e","n/e","n/e","n/e","n/e","n/e","n/e","n/e","n/e","n/e","1759","n/e","n/e","18","n/e","0","n/e","n/e","1574"
"BZN|SE1","06.10.2022 10:00 - 06.10.2022 11:00 (CET/CEST)","n/e","n/e","n/e","n/e","n/e","n/e","n/e","n/e","n/e","n/e","n/e","n/e","n/e","1670","n/e","n/e","19","n/e","1","n/e","n/e","1500"
"BZN|SE1","06.10.2022 11:00 - 06.10.2022 12:00 (CET/CEST)","n/e","n/e","n/e","n/e","n/e","n/e","n/e","n/e","n/e","n/e","n/e","n/e","n/e","1601","n/e","n/e","19","n/e","1","n/e","n/e","1499"
"BZN|SE1","06.10.2022 12:00 - 06.10.2022 13:00 (CET/CEST)","n/e","n/e","n/e","n/e","n/e","n/e","n/e","n/e","n/e","n/e","n/e","n/e","n/e","1447","n/e","n/e","18","n/e","1","n/e","n/e","1613"
"BZN|SE1","06.10.2022 13:00 - 06.10.2022 14:00 (CET/CEST)","n/e","n/e","n/e","n/e","n/e","n/e","n/e","n/e","n/e","n/e","n/e","n/e","n/e","1339","n/e","n/e","19","n/e","1","n/e","n/e","1693"
"BZN|SE1","06.10.2022 14:00 - 06.10.2022 15:00 (CET/CEST)","n/e","n/e","n/e","n/e","n/e","n/e","n/e","n/e","n/e","n/e","n/e","n/e","n/e","1300","n/e","n/e","19","n/e","1","n/e","n/e","1798"
"BZN|SE1","06.10.2022 15:00 - 06.10.2022 16:00 (CET/CEST)","n/e","n/e","n/e","n/e","n/e","n/e","n/e","n/e","n/e","n/e","n/e","n/e","n/e","1300","n/e","n/e","18","n/e","0","n/e","n/e","1893"
"BZN|SE1","06.10.2022 16:00 - 06.10.2022 17:00 (CET/CEST)","n/e","n/e","n/e","n/e","n/e","n/e","n/e","n/e","n/e","n/e","n/e","n/e","n/e","1344","n/e","n/e","18","n/e","0","n/e","n/e","1942"
"BZN|SE1","06.10.2022 17:00 - 06.10.2022 18:00 (CET/CEST)","n/e","n/e","n/e","n/e","n/e","n/e","n/e","n/e","n/e","n/e","n/e","n/e","n/e","1635","n/e","n/e","18","n/e","0","n/e","n/e","1938"
"BZN|SE1","06.10.2022 18:00 - 06.10.2022 19:00 (CET/CEST)","n/e","n/e","n/e","n/e","n/e","n/e","n/e","n/e","n/e","n/e","n/e","n/e","n/e","1661","n/e","n/e","17","n/e","0","n/e","n/e","1947"
"BZN|SE1","06.10.2022 19:00 - 06.10.2022 20:00 (CET/CEST)","n/e","n/e","n/e","n/e","n/e","n/e","n/e","n/e","n/e","n/e","n/e","n/e","n/e","1796","n/e","n/e","18","n/e","0","n/e","n/e","1970"
"BZN|SE1","06.10.2022 20:00 - 06.10.2022 21:00 (CET/CEST)","n/e","n/e","n/e","n/e","n/e","n/e","n/e","n/e","n/e","n/e","n/e","n/e","n/e","1552","n/e","n/e","17","n/e","0","n/e","n/e","1948"
"BZN|SE1","06.10.2022 21:00 - 06.10.2022 22:00 (CET/CEST)","n/e","n/e","n/e","n/e","n/e","n/e","n/e","n/e","n/e","n/e","n/e","n/e","n/e","1331","n/e","n/e","17","n/e","0","n/e","n/e","1973"
"BZN|SE1","06.10.2022 22:00 - 06.10.2022 23:00 (CET/CEST)","n/e","n/e","n/e","n/e","n/e","n/e","n/e","n/e","n/e","n/e","n/e","n/e","n/e","1191","n/e","n/e","17","n/e","0","n/e","n/e","1814"
"BZN|SE1","06.10.2022 23:00 - 07.10.2022 00:00 (CET/CEST)","n/e","n/e","n/e","n/e","n/e","n/e","n/e","n/e","n/e","n/e","n/e","n/e","n/e","1208","n/e","n/e","17","n/e","0","n/e","n/e","1661"
"BZN|SE1","07.10.2022 00:00 - 07.10.2022 01:00 (CET/CEST)","n/e","n/e","n/e","n/e","n/e","n/e","n/e","n/e","n/e","n/e","n/e","n/e","n/e","834","n/e","n/e","17","n/e","0","n/e","n/e","1547"
"BZN|SE1","07.10.2022 01:00 - 07.10.2022 02:00 (CET/CEST)","n/e","n/e","n/e","n/e","n/e","n/e","n/e","n/e","n/e","n/e","n/e","n/e","n/e","613","n/e","n/e","18","n/e","0","n/e","n/e","1486"
"BZN|SE1","07.10.2022 02:00 - 07.10.2022 03:00 (CET/CEST)","n/e","n/e","n/e","n/e","n/e","n/e","n/e","n/e","n/e","n/e","n/e","n/e","n/e","616","n/e","n/e","18","n/e","0","n/e","n/e","1471"
"BZN|SE1","07.10.2022 03:00 - 07.10.2022 04:00 (CET/CEST)","n/e","n/e","n/e","n/e","n/e","n/e","n/e","n/e","n/e","n/e","n/e","n/e","n/e","604","n/e","n/e","18","n/e","0","n/e","n/e","1443"
"BZN|SE1","07.10.2022 04:00 - 07.10.2022 05:00 (CET/CEST)","n/e","n/e","n/e","n/e","n/e","n/e","n/e","n/e","n/e","n/e","n/e","n/e","n/e","604","n/e","n/e","15","n/e","0","n/e","n/e","1493"
"BZN|SE1","07.10.2022 05:00 - 07.10.2022 06:00 (CET/CEST)","n/e","n/e","n/e","n/e","n/e","n/e","n/e","n/e","n/e","n/e","n/e","n/e","n/e","842","n/e","n/e","15","n/e","0","n/e","n/e","1631"
"BZN|SE1","07.10.2022 06:00 - 07.10.2022 07:00 (CET/CEST)","n/e","n/e","n/e","n/e","n/e","n/e","n/e","n/e","n/e","n/e","n/e","n/e","n/e","1313","n/e","n/e","15","n/e","0","n/e","n/e","1756"
"BZN|SE1","07.10.2022 07:00 - 07.10.2022 08:00 (CET/CEST)","n/e","n/e","n/e","n/e","n/e","n/e","n/e","n/e","n/e","n/e","n/e","n/e","n/e","1752","n/e","n/e","15","n/e","0","n/e","n/e","1727"
"BZN|SE1","07.10.2022 08:00 - 07.10.2022 09:00 (CET/CEST)","n/e","n/e","n/e","n/e","n/e","n/e","n/e","n/e","n/e","n/e","n/e","n/e","n/e","1873","n/e","n/e","15","n/e","0","n/e","n/e","1608"
"BZN|SE1","07.10.2022 09:00 - 07.10.2022 10:00 (CET/CEST)","n/e","n/e","n/e","n/e","n/e","n/e","n/e","n/e","n/e","n/e","n/e","n/e","n/e","1868","n/e","n/e","15","n/e","0","n/e","n/e","1470"
"BZN|SE1","07.10.2022 10:00 - 07.10.2022 11:00 (CET/CEST)","n/e","n/e","n/e","n/e","n/e","n/e","n/e","n/e","n/e","n/e","n/e","n/e","n/e","1906","n/e","n/e","17","n/e","1","n/e","n/e","1386"
"BZN|SE1","07.10.2022 11:00 - 07.10.2022 12:00 (CET/CEST)","n/e","n/e","n/e","n/e","n/e","n/e","n/e","n/e","n/e","n/e","n/e","n/e","n/e","1909","n/e","n/e","19","n/e","1","n/e","n/e","1217"
"BZN|SE1","07.10.2022 12:00 - 07.10.2022 13:00 (CET/CEST)","n/e","n/e","n/e","n/e","n/e","n/e","n/e","n/e","n/e","n/e","n/e","n/e","n/e","1778","n/e","n/e","18","n/e","1","n/e","n/e","1083"
"BZN|SE1","07.10.2022 13:00 - 07.10.2022 14:00 (CET/CEST)","n/e","n/e","n/e","n/e","n/e","n/e","n/e","n/e","n/e","n/e","n/e","n/e","n/e","1770","n/e","n/e","19","n/e","1","n/e","n/e","1048"
"BZN|SE1","07.10.2022 14:00 - 07.10.2022 15:00 (CET/CEST)","n/e","n/e","n/e","n/e","n/e","n/e","n/e","n/e","n/e","n/e","n/e","n/e","n/e","1718","n/e","n/e","19","n/e","1","n/e","n/e","990"
"BZN|SE1","07.10.2022 15:00 - 07.10.2022 16:00 (CET/CEST)","n/e","n/e","n/e","n/e","n/e","n/e","n/e","n/e","n/e","n/e","n/e","n/e","n/e","1592","n/e","n/e","18","n/e","0","n/e","n/e","1017"
"BZN|SE1","07.10.2022 16:00 - 07.10.2022 17:00 (CET/CEST)","n/e","n/e","n/e","n/e","n/e","n/e","n/e","n/e","n/e","n/e","n/e","n/e","n/e","1460","n/e","n/e","18","n/e","0","n/e","n/e","1089"
"BZN|SE1","07.10.2022 17:00 - 07.10.2022 18:00 (CET/CEST)","n/e","n/e","n/e","n/e","n/e","n/e","n/e","n/e","n/e","n/e","n/e","n/e","n/e","1536","n/e","n/e","18","n/e","0","n/e","n/e","1042"
"BZN|SE1","07.10.2022 18:00 - 07.10.2022 19:00 (CET/CEST)","n/e","n/e","n/e","n/e","n/e","n/e","n/e","n/e","n/e","n/e","n/e","n/e","n/e","1666","n/e","n/e","18","n/e","0","n/e","n/e","984"
"BZN|SE1","07.10.2022 19:00 - 07.10.2022 20:00 (CET/CEST)","n/e","n/e","n/e","n/e","n/e","n/e","n/e","n/e","n/e","n/e","n/e","n/e","n/e","1604","n/e","n/e","18","n/e","0","n/e","n/e","1084"
"BZN|SE1","07.10.2022 20:00 - 07.10.2022 21:00 (CET/CEST)","n/e","n/e","n/e","n/e","n/e","n/e","n/e","n/e","n/e","n/e","n/e","n/e","n/e","1419","n/e","n/e","18","n/e","0","n/e","n/e","1067"
"BZN|SE1","07.10.2022 21:00 - 07.10.2022 22:00 (CET/CEST)","n/e","n/e","n/e","n/e","n/e","n/e","n/e","n/e","n/e","n/e","n/e","n/e","n/e","1205","n/e","n/e","18","n/e","0","n/e","n/e","998"
"BZN|SE1","07.10.2022 22:00 - 07.10.2022 23:00 (CET/CEST)","n/e","n/e","n/e","n/e","n/e","n/e","n/e","n/e","n/e","n/e","n/e","n/e","n/e","1048","n/e","n/e","16","n/e","0","n/e","n/e","1026"
"BZN|SE1","07.10.2022 23:00 - 08.10.2022 00:00 (CET/CEST)","n/e","n/e","n/e","n/e","n/e","n/e","n/e","n/e","n/e","n/e","n/e","n/e","n/e","885","n/e","n/e","15","n/e","0","n/e","n/e","959"
"BZN|SE1","08.10.2022 00:00 - 08.10.2022 01:00 (CET/CEST)","n/e","n/e","n/e","n/e","n/e","n/e","n/e","n/e","n/e","n/e","n/e","n/e","n/e","778","n/e","n/e","14","n/e","0","n/e","n/e","887"
"BZN|SE1","08.10.2022 01:00 - 08.10.2022 02:00 (CET/CEST)","n/e","n/e","n/e","n/e","n/e","n/e","n/e","n/e","n/e","n/e","n/e","n/e","n/e","658","n/e","n/e","14","n/e","0","n/e","n/e","815"
"BZN|SE1","08.10.2022 02:00 - 08.10.2022 03:00 (CET/CEST)","n/e","n/e","n/e","n/e","n/e","n/e","n/e","n/e","n/e","n/e","n/e","n/e","n/e","653","n/e","n/e","15","n/e","0","n/e","n/e","778"
"BZN|SE1","08.10.2022 03:00 - 08.10.2022 04:00 (CET/CEST)","n/e","n/e","n/e","n/e","n/e","n/e","n/e","n/e","n/e","n/e","n/e","n/e","n/e","644","n/e","n/e","15","n/e","0","n/e","n/e","950"
"BZN|SE1","08.10.2022 04:00 - 08.10.2022 05:00 (CET/CEST)","n/e","n/e","n/e","n/e","n/e","n/e","n/e","n/e","n/e","n/e","n/e","n/e","n/e","648","n/e","n/e","14","n/e","0","n/e","n/e","1138"
"BZN|SE1","08.10.2022 05:00 - 08.10.2022 06:00 (CET/CEST)","n/e","n/e","n/e","n/e","n/e","n/e","n/e","n/e","n/e","n/e","n/e","n/e","n/e","837","n/e","n/e","14","n/e","0","n/e","n/e","1252"
"BZN|SE1","08.10.2022 06:00 - 08.10.2022 07:00 (CET/CEST)","n/e","n/e","n/e","n/e","n/e","n/e","n/e","n/e","n/e","n/e","n/e","n/e","n/e","923","n/e","n/e","13","n/e","0","n/e","n/e","1306"
"BZN|SE1","08.10.2022 07:00 - 08.10.2022 08:00 (CET/CEST)","n/e","n/e","n/e","n/e","n/e","n/e","n/e","n/e","n/e","n/e","n/e","n/e","n/e","1286","n/e","n/e","13","n/e","0","n/e","n/e","1357"
"BZN|SE1","08.10.2022 08:00 - 08.10.2022 09:00 (CET/CEST)","n/e","n/e","n/e","n/e","n/e","n/e","n/e","n/e","n/e","n/e","n/e","n/e","n/e","1670","n/e","n/e","13","n/e","0","n/e","n/e","1394"
"BZN|SE1","08.10.2022 09:00 - 08.10.2022 10:00 (CET/CEST)","n/e","n/e","n/e","n/e","n/e","n/e","n/e","n/e","n/e","n/e","n/e","n/e","n/e","1833","n/e","n/e","16","n/e","0","n/e","n/e","1236"
"BZN|SE1","08.10.2022 10:00 - 08.10.2022 11:00 (CET/CEST)","n/e","n/e","n/e","n/e","n/e","n/e","n/e","n/e","n/e","n/e","n/e","n/e","n/e","1904","n/e","n/e","18","n/e","0","n/e","n/e","1144"
"BZN|SE1","08.10.2022 11:00 - 08.10.2022 12:00 (CET/CEST)","n/e","n/e","n/e","n/e","n/e","n/e","n/e","n/e","n/e","n/e","n/e","n/e","n/e","1813","n/e","n/e","18","n/e","1","n/e","n/e","1138"
"BZN|SE1","08.10.2022 12:00 - 08.10.2022 13:00 (CET/CEST)","n/e","n/e","n/e","n/e","n/e","n/e","n/e","n/e","n/e","n/e","n/e","n/e","n/e","1708","n/e","n/e","18","n/e","1","n/e","n/e","1185"
"BZN|SE1","08.10.2022 13:00 - 08.10.2022 14:00 (CET/CEST)","n/e","n/e","n/e","n/e","n/e","n/e","n/e","n/e","n/e","n/e","n/e","n/e","n/e","1593","n/e","n/e","18","n/e","1","n/e","n/e","1267"
"BZN|SE1","08.10.2022 14:00 - 08.10.2022 15:00 (CET/CEST)","n/e","n/e","n/e","n/e","n/e","n/e","n/e","n/e","n/e","n/e","n/e","n/e","n/e","1479","n/e","n/e","18","n/e","0","n/e","n/e","1354"
"BZN|SE1","08.10.2022 15:00 - 08.10.2022 16:00 (CET/CEST)","n/e","n/e","n/e","n/e","n/e","n/e","n/e","n/e","n/e","n/e","n/e","n/e","n/e","1627","n/e","n/e","16","n/e","0","n/e","n/e","1400"
"BZN|SE1","08.10.2022 16:00 - 08.10.2022 17:00 (CET/CEST)","n/e","n/e","n/e","n/e","n/e","n/e","n/e","n/e","n/e","n/e","n/e","n/e","n/e","1732","n/e","n/e","18","n/e","0","n/e","n/e","1342"
"BZN|SE1","08.10.2022 17:00 - 08.10.2022 18:00 (CET/CEST)","n/e","n/e","n/e","n/e","n/e","n/e","n/e","n/e","n/e","n/e","n/e","n/e","n/e","1791","n/e","n/e","18","n/e","0","n/e","n/e","1466"
"BZN|SE1","08.10.2022 18:00 - 08.10.2022 19:00 (CET/CEST)","n/e","n/e","n/e","n/e","n/e","n/e","n/e","n/e","n/e","n/e","n/e","n/e","n/e","1953","n/e","n/e","18","n/e","0","n/e","n/e","1588"
"BZN|SE1","08.10.2022 19:00 - 08.10.2022 20:00 (CET/CEST)","n/e","n/e","n/e","n/e","n/e","n/e","n/e","n/e","n/e","n/e","n/e","n/e","n/e","1928","n/e","n/e","18","n/e","0","n/e","n/e","1647"
"BZN|SE1","08.10.2022 20:00 - 08.10.2022 21:00 (CET/CEST)","n/e","n/e","n/e","n/e","n/e","n/e","n/e","n/e","n/e","n/e","n/e","n/e","n/e","1746","n/e","n/e","18","n/e","0","n/e","n/e","1736"
"BZN|SE1","08.10.2022 21:00 - 08.10.2022 22:00 (CET/CEST)","n/e","n/e","n/e","n/e","n/e","n/e","n/e","n/e","n/e","n/e","n/e","n/e","n/e","1696","n/e","n/e","15","n/e","0","n/e","n/e","1762"
"BZN|SE1","08.10.2022 22:00 - 08.10.2022 23:00 (CET/CEST)","n/e","n/e","n/e","n/e","n/e","n/e","n/e","n/e","n/e","n/e","n/e","n/e","n/e","1340","n/e","n/e","15","n/e","0","n/e","n/e","1757"
"BZN|SE1","08.10.2022 23:00 - 09.10.2022 00:00 (CET/CEST)","n/e","n/e","n/e","n/e","n/e","n/e","n/e","n/e","n/e","n/e","n/e","n/e","n/e","921","n/e","n/e","15","n/e","0","n/e","n/e","1804"
"BZN|SE1","09.10.2022 00:00 - 09.10.2022 01:00 (CET/CEST)","n/e","n/e","n/e","n/e","n/e","n/e","n/e","n/e","n/e","n/e","n/e","n/e","n/e","918","n/e","n/e","15","n/e","0","n/e","n/e","1821"
"BZN|SE1","09.10.2022 01:00 - 09.10.2022 02:00 (CET/CEST)","n/e","n/e","n/e","n/e","n/e","n/e","n/e","n/e","n/e","n/e","n/e","n/e","n/e","882","n/e","n/e","15","n/e","0","n/e","n/e","1884"
"BZN|SE1","09.10.2022 02:00 - 09.10.2022 03:00 (CET/CEST)","n/e","n/e","n/e","n/e","n/e","n/e","n/e","n/e","n/e","n/e","n/e","n/e","n/e","864","n/e","n/e","16","n/e","0","n/e","n/e","1911"
"BZN|SE1","09.10.2022 03:00 - 09.10.2022 04:00 (CET/CEST)","n/e","n/e","n/e","n/e","n/e","n/e","n/e","n/e","n/e","n/e","n/e","n/e","n/e","929","n/e","n/e","16","n/e","0","n/e","n/e","1951"
"BZN|SE1","09.10.2022 04:00 - 09.10.2022 05:00 (CET/CEST)","n/e","n/e","n/e","n/e","n/e","n/e","n/e","n/e","n/e","n/e","n/e","n/e","n/e","1131","n/e","n/e","16","n/e","0","n/e","n/e","1915"
"BZN|SE1","09.10.2022 05:00 - 09.10.2022 06:00 (CET/CEST)","n/e","n/e","n/e","n/e","n/e","n/e","n/e","n/e","n/e","n/e","n/e","n/e","n/e","1435","n/e","n/e","16","n/e","0","n/e","n/e","1907"
"BZN|SE1","09.10.2022 06:00 - 09.10.2022 07:00 (CET/CEST)","n/e","n/e","n/e","n/e","n/e","n/e","n/e","n/e","n/e","n/e","n/e","n/e","n/e","1664","n/e","n/e","15","n/e","0","n/e","n/e","1924"
"BZN|SE1","09.10.2022 07:00 - 09.10.2022 08:00 (CET/CEST)","n/e","n/e","n/e","n/e","n/e","n/e","n/e","n/e","n/e","n/e","n/e","n/e","n/e","1748","n/e","n/e","15","n/e","0","n/e","n/e","1902"
"BZN|SE1","09.10.2022 08:00 - 09.10.2022 09:00 (CET/CEST)","n/e","n/e","n/e","n/e","n/e","n/e","n/e","n/e","n/e","n/e","n/e","n/e","n/e","1930","n/e","n/e","15","n/e","0","n/e","n/e","1890"
"BZN|SE1","09.10.2022 09:00 - 09.10.2022 10:00 (CET/CEST)","n/e","n/e","n/e","n/e","n/e","n/e","n/e","n/e","n/e","n/e","n/e","n/e","n/e","2154","n/e","n/e","16","n/e","0","n/e","n/e","1757"
"BZN|SE1","09.10.2022 10:00 - 09.10.2022 11:00 (CET/CEST)","n/e","n/e","n/e","n/e","n/e","n/e","n/e","n/e","n/e","n/e","n/e","n/e","n/e","2261","n/e","n/e","16","n/e","1","n/e","n/e","1605"
"BZN|SE1","09.10.2022 11:00 - 09.10.2022 12:00 (CET/CEST)","n/e","n/e","n/e","n/e","n/e","n/e","n/e","n/e","n/e","n/e","n/e","n/e","n/e","2182","n/e","n/e","16","n/e","1","n/e","n/e","1447"
"BZN|SE1","09.10.2022 12:00 - 09.10.2022 13:00 (CET/CEST)","n/e","n/e","n/e","n/e","n/e","n/e","n/e","n/e","n/e","n/e","n/e","n/e","n/e","2125","n/e","n/e","15","n/e","1","n/e","n/e","1406"
"BZN|SE1","09.10.2022 13:00 - 09.10.2022 14:00 (CET/CEST)","n/e","n/e","n/e","n/e","n/e","n/e","n/e","n/e","n/e","n/e","n/e","n/e","n/e","2079","n/e","n/e","16","n/e","1","n/e","n/e","1395"
"BZN|SE1","09.10.2022 14:00 - 09.10.2022 15:00 (CET/CEST)","n/e","n/e","n/e","n/e","n/e","n/e","n/e","n/e","n/e","n/e","n/e","n/e","n/e","2116","n/e","n/e","16","n/e","0","n/e","n/e","1343"
"BZN|SE1","09.10.2022 15:00 - 09.10.2022 16:00 (CET/CEST)","n/e","n/e","n/e","n/e","n/e","n/e","n/e","n/e","n/e","n/e","n/e","n/e","n/e","2111","n/e","n/e","16","n/e","0","n/e","n/e","1225"
"BZN|SE1","09.10.2022 16:00 - 09.10.2022 17:00 (CET/CEST)","n/e","n/e","n/e","n/e","n/e","n/e","n/e","n/e","n/e","n/e","n/e","n/e","n/e","2267","n/e","n/e","15","n/e","0","n/e","n/e","1280"
"BZN|SE1","09.10.2022 17:00 - 09.10.2022 18:00 (CET/CEST)","n/e","n/e","n/e","n/e","n/e","n/e","n/e","n/e","n/e","n/e","n/e","n/e","n/e","2273","n/e","n/e","15","n/e","0","n/e","n/e","1318"
"BZN|SE1","09.10.2022 18:00 - 09.10.2022 19:00 (CET/CEST)","n/e","n/e","n/e","n/e","n/e","n/e","n/e","n/e","n/e","n/e","n/e","n/e","n/e","2261","n/e","n/e","15","n/e","0","n/e","n/e","1305"
"BZN|SE1","09.10.2022 19:00 - 09.10.2022 20:00 (CET/CEST)","n/e","n/e","n/e","n/e","n/e","n/e","n/e","n/e","n/e","n/e","n/e","n/e","n/e","2252","n/e","n/e","15","n/e","0","n/e","n/e","1298"
"BZN|SE1","09.10.2022 20:00 - 09.10.2022 21:00 (CET/CEST)","n/e","n/e","n/e","n/e","n/e","n/e","n/e","n/e","n/e","n/e","n/e","n/e","n/e","2076","n/e","n/e","15","n/e","0","n/e","n/e","1237"
"BZN|SE1","09.10.2022 21:00 - 09.10.2022 22:00 (CET/CEST)","n/e","n/e","n/e","n/e","n/e","n/e","n/e","n/e","n/e","n/e","n/e","n/e","n/e","2006","n/e","n/e","15","n/e","0","n/e","n/e","1403"
"BZN|SE1","09.10.2022 22:00 - 09.10.2022 23:00 (CET/CEST)","n/e","n/e","n/e","n/e","n/e","n/e","n/e","n/e","n/e","n/e","n/e","n/e","n/e","1848","n/e","n/e","15","n/e","0","n/e","n/e","1628"
"BZN|SE1","09.10.2022 23:00 - 10.10.2022 00:00 (CET/CEST)","n/e","n/e","n/e","n/e","n/e","n/e","n/e","n/e","n/e","n/e","n/e","n/e","n/e","1718","n/e","n/e","15","n/e","0","n/e","n/e","1550"
"BZN|SE1","10.10.2022 00:00 - 10.10.2022 01:00 (CET/CEST)","n/e","n/e","n/e","n/e","n/e","n/e","n/e","n/e","n/e","n/e","n/e","n/e","n/e","1722","n/e","n/e","15","n/e","0","n/e","n/e","1487"
"BZN|SE1","10.10.2022 01:00 - 10.10.2022 02:00 (CET/CEST)","n/e","n/e","n/e","n/e","n/e","n/e","n/e","n/e","n/e","n/e","n/e","n/e","n/e","1499","n/e","n/e","16","n/e","0","n/e","n/e","1404"
"BZN|SE1","10.10.2022 02:00 - 10.10.2022 03:00 (CET/CEST)","n/e","n/e","n/e","n/e","n/e","n/e","n/e","n/e","n/e","n/e","n/e","n/e","n/e","1430","n/e","n/e","16","n/e","0","n/e","n/e","1329"
"BZN|SE1","10.10.2022 03:00 - 10.10.2022 04:00 (CET/CEST)","n/e","n/e","n/e","n/e","n/e","n/e","n/e","n/e","n/e","n/e","n/e","n/e","n/e","1298","n/e","n/e","16","n/e","0","n/e","n/e","1192"
"BZN|SE1","10.10.2022 04:00 - 10.10.2022 05:00 (CET/CEST)","n/e","n/e","n/e","n/e","n/e","n/e","n/e","n/e","n/e","n/e","n/e","n/e","n/e","1393","n/e","n/e","15","n/e","0","n/e","n/e","974"
"BZN|SE1","10.10.2022 05:00 - 10.10.2022 06:00 (CET/CEST)","n/e","n/e","n/e","n/e","n/e","n/e","n/e","n/e","n/e","n/e","n/e","n/e","n/e","1592","n/e","n/e","16","n/e","0","n/e","n/e","742"
"BZN|SE1","10.10.2022 06:00 - 10.10.2022 07:00 (CET/CEST)","n/e","n/e","n/e","n/e","n/e","n/e","n/e","n/e","n/e","n/e","n/e","n/e","n/e","1980","n/e","n/e","15","n/e","0","n/e","n/e","770"
"BZN|SE1","10.10.2022 07:00 - 10.10.2022 08:00 (CET/CEST)","n/e","n/e","n/e","n/e","n/e","n/e","n/e","n/e","n/e","n/e","n/e","n/e","n/e","2002","n/e","n/e","16","n/e","0","n/e","n/e","800"
"BZN|SE1","10.10.2022 08:00 - 10.10.2022 09:00 (CET/CEST)","n/e","n/e","n/e","n/e","n/e","n/e","n/e","n/e","n/e","n/e","n/e","n/e","n/e","2107","n/e","n/e","16","n/e","0","n/e","n/e","766"
"BZN|SE1","10.10.2022 09:00 - 10.10.2022 10:00 (CET/CEST)","n/e","n/e","n/e","n/e","n/e","n/e","n/e","n/e","n/e","n/e","n/e","n/e","n/e","2131","n/e","n/e","16","n/e","0","n/e","n/e","632"
"BZN|SE1","10.10.2022 10:00 - 10.10.2022 11:00 (CET/CEST)","n/e","n/e","n/e","n/e","n/e","n/e","n/e","n/e","n/e","n/e","n/e","n/e","n/e","2080","n/e","n/e","13","n/e","1","n/e","n/e","544"
"BZN|SE1","10.10.2022 11:00 - 10.10.2022 12:00 (CET/CEST)","n/e","n/e","n/e","n/e","n/e","n/e","n/e","n/e","n/e","n/e","n/e","n/e","n/e","2047","n/e","n/e","13","n/e","1","n/e","n/e","521"
"BZN|SE1","10.10.2022 12:00 - 10.10.2022 13:00 (CET/CEST)","n/e","n/e","n/e","n/e","n/e","n/e","n/e","n/e","n/e","n/e","n/e","n/e","n/e","1851","n/e","n/e","12","n/e","1","n/e","n/e","631"
"BZN|SE1","10.10.2022 13:00 - 10.10.2022 14:00 (CET/CEST)","n/e","n/e","n/e","n/e","n/e","n/e","n/e","n/e","n/e","n/e","n/e","n/e","n/e","1666","n/e","n/e","13","n/e","1","n/e","n/e","776"
"BZN|SE1","10.10.2022 14:00 - 10.10.2022 15:00 (CET/CEST)","n/e","n/e","n/e","n/e","n/e","n/e","n/e","n/e","n/e","n/e","n/e","n/e","n/e","1694","n/e","n/e","16","n/e","0","n/e","n/e","887"
"BZN|SE1","10.10.2022 15:00 - 10.10.2022 16:00 (CET/CEST)","n/e","n/e","n/e","n/e","n/e","n/e","n/e","n/e","n/e","n/e","n/e","n/e","n/e","1866","n/e","n/e","16","n/e","0","n/e","n/e","1031"
"BZN|SE1","10.10.2022 16:00 - 10.10.2022 17:00 (CET/CEST)","n/e","n/e","n/e","n/e","n/e","n/e","n/e","n/e","n/e","n/e","n/e","n/e","n/e","2057","n/e","n/e","12","n/e","0","n/e","n/e","1091"
"BZN|SE1","10.10.2022 17:00 - 10.10.2022 18:00 (CET/CEST)","n/e","n/e","n/e","n/e","n/e","n/e","n/e","n/e","n/e","n/e","n/e","n/e","n/e","2107","n/e","n/e","12","n/e","0","n/e","n/e","1192"
"BZN|SE1","10.10.2022 18:00 - 10.10.2022 19:00 (CET/CEST)","n/e","n/e","n/e","n/e","n/e","n/e","n/e","n/e","n/e","n/e","n/e","n/e","n/e","2090","n/e","n/e","12","n/e","0","n/e","n/e","1244"
"BZN|SE1","10.10.2022 19:00 - 10.10.2022 20:00 (CET/CEST)","n/e","n/e","n/e","n/e","n/e","n/e","n/e","n/e","n/e","n/e","n/e","n/e","n/e","2018","n/e","n/e","13","n/e","0","n/e","n/e","1419"
"BZN|SE1","10.10.2022 20:00 - 10.10.2022 21:00 (CET/CEST)","n/e","n/e","n/e","n/e","n/e","n/e","n/e","n/e","n/e","n/e","n/e","n/e","n/e","1785","n/e","n/e","12","n/e","0","n/e","n/e","1540"
"BZN|SE1","10.10.2022 21:00 - 10.10.2022 22:00 (CET/CEST)","n/e","n/e","n/e","n/e","n/e","n/e","n/e","n/e","n/e","n/e","n/e","n/e","n/e","1520","n/e","n/e","12","n/e","0","n/e","n/e","1525"
"BZN|SE1","10.10.2022 22:00 - 10.10.2022 23:00 (CET/CEST)","n/e","n/e","n/e","n/e","n/e","n/e","n/e","n/e","n/e","n/e","n/e","n/e","n/e","1187","n/e","n/e","12","n/e","0","n/e","n/e","1527"
"BZN|SE1","10.10.2022 23:00 - 11.10.2022 00:00 (CET/CEST)","n/e","n/e","n/e","n/e","n/e","n/e","n/e","n/e","n/e","n/e","n/e","n/e","n/e","1017","n/e","n/e","12","n/e","0","n/e","n/e","1516"
"BZN|SE1","11.10.2022 00:00 - 11.10.2022 01:00 (CET/CEST)","n/e","n/e","n/e","n/e","n/e","n/e","n/e","n/e","n/e","n/e","n/e","n/e","n/e","971","n/e","n/e","12","n/e","0","n/e","n/e","1350"
"BZN|SE1","11.10.2022 01:00 - 11.10.2022 02:00 (CET/CEST)","n/e","n/e","n/e","n/e","n/e","n/e","n/e","n/e","n/e","n/e","n/e","n/e","n/e","881","n/e","n/e","12","n/e","0","n/e","n/e","1281"
"BZN|SE1","11.10.2022 02:00 - 11.10.2022 03:00 (CET/CEST)","n/e","n/e","n/e","n/e","n/e","n/e","n/e","n/e","n/e","n/e","n/e","n/e","n/e","895","n/e","n/e","12","n/e","0","n/e","n/e","1241"
"BZN|SE1","11.10.2022 03:00 - 11.10.2022 04:00 (CET/CEST)","n/e","n/e","n/e","n/e","n/e","n/e","n/e","n/e","n/e","n/e","n/e","n/e","n/e","911","n/e","n/e","12","n/e","0","n/e","n/e","1240"
"BZN|SE1","11.10.2022 04:00 - 11.10.2022 05:00 (CET/CEST)","n/e","n/e","n/e","n/e","n/e","n/e","n/e","n/e","n/e","n/e","n/e","n/e","n/e","905","n/e","n/e","13","n/e","0","n/e","n/e","1151"
"BZN|SE1","11.10.2022 05:00 - 11.10.2022 06:00 (CET/CEST)","n/e","n/e","n/e","n/e","n/e","n/e","n/e","n/e","n/e","n/e","n/e","n/e","n/e","1241","n/e","n/e","15","n/e","0","n/e","n/e","985"
"BZN|SE1","11.10.2022 06:00 - 11.10.2022 07:00 (CET/CEST)","n/e","n/e","n/e","n/e","n/e","n/e","n/e","n/e","n/e","n/e","n/e","n/e","n/e","1685","n/e","n/e","18","n/e","0","n/e","n/e","875"
"BZN|SE1","11.10.2022 07:00 - 11.10.2022 08:00 (CET/CEST)","n/e","n/e","n/e","n/e","n/e","n/e","n/e","n/e","n/e","n/e","n/e","n/e","n/e","1950","n/e","n/e","26","n/e","0","n/e","n/e","767"
"BZN|SE1","11.10.2022 08:00 - 11.10.2022 09:00 (CET/CEST)","n/e","n/e","n/e","n/e","n/e","n/e","n/e","n/e","n/e","n/e","n/e","n/e","n/e","2234","n/e","n/e","12","n/e","0","n/e","n/e","666"
"BZN|SE1","11.10.2022 09:00 - 11.10.2022 10:00 (CET/CEST)","n/e","n/e","n/e","n/e","n/e","n/e","n/e","n/e","n/e","n/e","n/e","n/e","n/e","2107","n/e","n/e","12","n/e","0","n/e","n/e","595"
"BZN|SE1","11.10.2022 10:00 - 11.10.2022 11:00 (CET/CEST)","n/e","n/e","n/e","n/e","n/e","n/e","n/e","n/e","n/e","n/e","n/e","n/e","n/e","2005","n/e","n/e","12","n/e","0","n/e","n/e","470"
"BZN|SE1","11.10.2022 11:00 - 11.10.2022 12:00 (CET/CEST)","n/e","n/e","n/e","n/e","n/e","n/e","n/e","n/e","n/e","n/e","n/e","n/e","n/e","2053","n/e","n/e","12","n/e","0","n/e","n/e","481"
"BZN|SE1","11.10.2022 12:00 - 11.10.2022 13:00 (CET/CEST)","n/e","n/e","n/e","n/e","n/e","n/e","n/e","n/e","n/e","n/e","n/e","n/e","n/e","1955","n/e","n/e","11","n/e","0","n/e","n/e","424"
"BZN|SE1","11.10.2022 13:00 - 11.10.2022 14:00 (CET/CEST)","n/e","n/e","n/e","n/e","n/e","n/e","n/e","n/e","n/e","n/e","n/e","n/e","n/e","1934","n/e","n/e","15","n/e","0","n/e","n/e","452"
"BZN|SE1","11.10.2022 14:00 - 11.10.2022 15:00 (CET/CEST)","n/e","n/e","n/e","n/e","n/e","n/e","n/e","n/e","n/e","n/e","n/e","n/e","n/e","1749","n/e","n/e","16","n/e","0","n/e","n/e","531"
"BZN|SE1","11.10.2022 15:00 - 11.10.2022 16:00 (CET/CEST)","n/e","n/e","n/e","n/e","n/e","n/e","n/e","n/e","n/e","n/e","n/e","n/e","n/e","1751","n/e","n/e","16","n/e","0","n/e","n/e","738"
"BZN|SE1","11.10.2022 16:00 - 11.10.2022 17:00 (CET/CEST)","n/e","n/e","n/e","n/e","n/e","n/e","n/e","n/e","n/e","n/e","n/e","n/e","n/e","1719","n/e","n/e","12","n/e","0","n/e","n/e","934"
"BZN|SE1","11.10.2022 17:00 - 11.10.2022 18:00 (CET/CEST)","n/e","n/e","n/e","n/e","n/e","n/e","n/e","n/e","n/e","n/e","n/e","n/e","n/e","1811","n/e","n/e","12","n/e","0","n/e","n/e","1071"
"BZN|SE1","11.10.2022 18:00 - 11.10.2022 19:00 (CET/CEST)","n/e","n/e","n/e","n/e","n/e","n/e","n/e","n/e","n/e","n/e","n/e","n/e","n/e","1835","n/e","n/e","12","n/e","0","n/e","n/e","1262"
"BZN|SE1","11.10.2022 19:00 - 11.10.2022 20:00 (CET/CEST)","n/e","n/e","n/e","n/e","n/e","n/e","n/e","n/e","n/e","n/e","n/e","n/e","n/e","1967","n/e","n/e","15","n/e","0","n/e","n/e","1499"
"BZN|SE1","11.10.2022 20:00 - 11.10.2022 21:00 (CET/CEST)","n/e","n/e","n/e","n/e","n/e","n/e","n/e","n/e","n/e","n/e","n/e","n/e","n/e","1613","n/e","n/e","15","n/e","0","n/e","n/e","1634"
"BZN|SE1","11.10.2022 21:00 - 11.10.2022 22:00 (CET/CEST)","n/e","n/e","n/e","n/e","n/e","n/e","n/e","n/e","n/e","n/e","n/e","n/e","n/e","1594","n/e","n/e","15","n/e","0","n/e","n/e","1699"
"BZN|SE1","11.10.2022 22:00 - 11.10.2022 23:00 (CET/CEST)","n/e","n/e","n/e","n/e","n/e","n/e","n/e","n/e","n/e","n/e","n/e","n/e","n/e","1296","n/e","n/e","12","n/e","0","n/e","n/e","1750"
"BZN|SE1","11.10.2022 23:00 - 12.10.2022 00:00 (CET/CEST)","n/e","n/e","n/e","n/e","n/e","n/e","n/e","n/e","n/e","n/e","n/e","n/e","n/e","1005","n/e","n/e","12","n/e","0","n/e","n/e","1767"
"BZN|SE1","12.10.2022 00:00 - 12.10.2022 01:00 (CET/CEST)","n/e","n/e","n/e","n/e","n/e","n/e","n/e","n/e","n/e","n/e","n/e","n/e","n/e","1085","n/e","n/e","17","n/e","0","n/e","n/e","1795"
"BZN|SE1","12.10.2022 01:00 - 12.10.2022 02:00 (CET/CEST)","n/e","n/e","n/e","n/e","n/e","n/e","n/e","n/e","n/e","n/e","n/e","n/e","n/e","1134","n/e","n/e","17","n/e","0","n/e","n/e","1836"
"BZN|SE1","12.10.2022 02:00 - 12.10.2022 03:00 (CET/CEST)","n/e","n/e","n/e","n/e","n/e","n/e","n/e","n/e","n/e","n/e","n/e","n/e","n/e","1264","n/e","n/e","17","n/e","0","n/e","n/e","1806"
"BZN|SE1","12.10.2022 03:00 - 12.10.2022 04:00 (CET/CEST)","n/e","n/e","n/e","n/e","n/e","n/e","n/e","n/e","n/e","n/e","n/e","n/e","n/e","1661","n/e","n/e","17","n/e","0","n/e","n/e","1789"
"BZN|SE1","12.10.2022 04:00 - 12.10.2022 05:00 (CET/CEST)","n/e","n/e","n/e","n/e","n/e","n/e","n/e","n/e","n/e","n/e","n/e","n/e","n/e","1833","n/e","n/e","14","n/e","0","n/e","n/e","1809"
"BZN|SE1","12.10.2022 05:00 - 12.10.2022 06:00 (CET/CEST)","n/e","n/e","n/e","n/e","n/e","n/e","n/e","n/e","n/e","n/e","n/e","n/e","n/e","2583","n/e","n/e","14","n/e","0","n/e","n/e","1807"
"BZN|SE1","12.10.2022 06:00 - 12.10.2022 07:00 (CET/CEST)","n/e","n/e","n/e","n/e","n/e","n/e","n/e","n/e","n/e","n/e","n/e","n/e","n/e","2763","n/e","n/e","14","n/e","0","n/e","n/e","1794"
"BZN|SE1","12.10.2022 07:00 - 12.10.2022 08:00 (CET/CEST)","n/e","n/e","n/e","n/e","n/e","n/e","n/e","n/e","n/e","n/e","n/e","n/e","n/e","2845","n/e","n/e","15","n/e","0","n/e","n/e","1788"
"BZN|SE1","12.10.2022 08:00 - 12.10.2022 09:00 (CET/CEST)","n/e","n/e","n/e","n/e","n/e","n/e","n/e","n/e","n/e","n/e","n/e","n/e","n/e","2901","n/e","n/e","15","n/e","0","n/e","n/e","1704"
"BZN|SE1","12.10.2022 09:00 - 12.10.2022 10:00 (CET/CEST)","n/e","n/e","n/e","n/e","n/e","n/e","n/e","n/e","n/e","n/e","n/e","n/e","n/e","2897","n/e","n/e","15","n/e","0","n/e","n/e","1496"
"BZN|SE1","12.10.2022 10:00 - 12.10.2022 11:00 (CET/CEST)","n/e","n/e","n/e","n/e","n/e","n/e","n/e","n/e","n/e","n/e","n/e","n/e","n/e","2911","n/e","n/e","15","n/e","1","n/e","n/e","1384"
"BZN|SE1","12.10.2022 11:00 - 12.10.2022 12:00 (CET/CEST)","n/e","n/e","n/e","n/e","n/e","n/e","n/e","n/e","n/e","n/e","n/e","n/e","n/e","3024","n/e","n/e","15","n/e","1","n/e","n/e","1314"
"BZN|SE1","12.10.2022 12:00 - 12.10.2022 13:00 (CET/CEST)","n/e","n/e","n/e","n/e","n/e","n/e","n/e","n/e","n/e","n/e","n/e","n/e","n/e","3042","n/e","n/e","14","n/e","1","n/e","n/e","1195"
"BZN|SE1","12.10.2022 13:00 - 12.10.2022 14:00 (CET/CEST)","n/e","n/e","n/e","n/e","n/e","n/e","n/e","n/e","n/e","n/e","n/e","n/e","n/e","3174","n/e","n/e","18","n/e","1","n/e","n/e","1000"
"BZN|SE1","12.10.2022 14:00 - 12.10.2022 15:00 (CET/CEST)","n/e","n/e","n/e","n/e","n/e","n/e","n/e","n/e","n/e","n/e","n/e","n/e","n/e","3395","n/e","n/e","18","n/e","1","n/e","n/e","890"
"BZN|SE1","12.10.2022 15:00 - 12.10.2022 16:00 (CET/CEST)","n/e","n/e","n/e","n/e","n/e","n/e","n/e","n/e","n/e","n/e","n/e","n/e","n/e","3459","n/e","n/e","18","n/e","0","n/e","n/e","771"
"BZN|SE1","12.10.2022 16:00 - 12.10.2022 17:00 (CET/CEST)","n/e","n/e","n/e","n/e","n/e","n/e","n/e","n/e","n/e","n/e","n/e","n/e","n/e","3451","n/e","n/e","17","n/e","0","n/e","n/e","755"
"BZN|SE1","12.10.2022 17:00 - 12.10.2022 18:00 (CET/CEST)","n/e","n/e","n/e","n/e","n/e","n/e","n/e","n/e","n/e","n/e","n/e","n/e","n/e","3418","n/e","n/e","17","n/e","0","n/e","n/e","744"
"BZN|SE1","12.10.2022 18:00 - 12.10.2022 19:00 (CET/CEST)","n/e","n/e","n/e","n/e","n/e","n/e","n/e","n/e","n/e","n/e","n/e","n/e","n/e","3281","n/e","n/e","17","n/e","0","n/e","n/e","852"
"BZN|SE1","12.10.2022 19:00 - 12.10.2022 20:00 (CET/CEST)","n/e","n/e","n/e","n/e","n/e","n/e","n/e","n/e","n/e","n/e","n/e","n/e","n/e","2992","n/e","n/e","14","n/e","0","n/e","n/e","991"
"BZN|SE1","12.10.2022 20:00 - 12.10.2022 21:00 (CET/CEST)","n/e","n/e","n/e","n/e","n/e","n/e","n/e","n/e","n/e","n/e","n/e","n/e","n/e","2854","n/e","n/e","14","n/e","0","n/e","n/e","990"
"BZN|SE1","12.10.2022 21:00 - 12.10.2022 22:00 (CET/CEST)","n/e","n/e","n/e","n/e","n/e","n/e","n/e","n/e","n/e","n/e","n/e","n/e","n/e","2824","n/e","n/e","14","n/e","0","n/e","n/e","990"
"BZN|SE1","12.10.2022 22:00 - 12.10.2022 23:00 (CET/CEST)","n/e","n/e","n/e","n/e","n/e","n/e","n/e","n/e","n/e","n/e","n/e","n/e","n/e","2782","n/e","n/e","14","n/e","0","n/e","n/e","1000"
"BZN|SE1","12.10.2022 23:00 - 13.10.2022 00:00 (CET/CEST)","n/e","n/e","n/e","n/e","n/e","n/e","n/e","n/e","n/e","n/e","n/e","n/e","n/e","2756","n/e","n/e","14","n/e","0","n/e","n/e","1103"
"BZN|SE1","13.10.2022 00:00 - 13.10.2022 01:00 (CET/CEST)","n/e","n/e","n/e","n/e","n/e","n/e","n/e","n/e","n/e","n/e","n/e","n/e","n/e","1935","n/e","n/e","14","n/e","0","n/e","n/e","1177"
"BZN|SE1","13.10.2022 01:00 - 13.10.2022 02:00 (CET/CEST)","n/e","n/e","n/e","n/e","n/e","n/e","n/e","n/e","n/e","n/e","n/e","n/e","n/e","1533","n/e","n/e","15","n/e","0","n/e","n/e","1211"
"BZN|SE1","13.10.2022 02:00 - 13.10.2022 03:00 (CET/CEST)","n/e","n/e","n/e","n/e","n/e","n/e","n/e","n/e","n/e","n/e","n/e","n/e","n/e","1571","n/e","n/e","15","n/e","0","n/e","n/e","1206"
"BZN|SE1","13.10.2022 03:00 - 13.10.2022 04:00 (CET/CEST)","n/e","n/e","n/e","n/e","n/e","n/e","n/e","n/e","n/e","n/e","n/e","n/e","n/e","1549","n/e","n/e","15","n/e","0","n/e","n/e","1197"
"BZN|SE1","13.10.2022 04:00 - 13.10.2022 05:00 (CET/CEST)","n/e","n/e","n/e","n/e","n/e","n/e","n/e","n/e","n/e","n/e","n/e","n/e","n/e","1699","n/e","n/e","15","n/e","0","n/e","n/e","1113"
"BZN|SE1","13.10.2022 05:00 - 13.10.2022 06:00 (CET/CEST)","n/e","n/e","n/e","n/e","n/e","n/e","n/e","n/e","n/e","n/e","n/e","n/e","n/e","2250","n/e","n/e","15","n/e","0","n/e","n/e","989"
"BZN|SE1","13.10.2022 06:00 - 13.10.2022 07:00 (CET/CEST)","n/e","n/e","n/e","n/e","n/e","n/e","n/e","n/e","n/e","n/e","n/e","n/e","n/e","2670","n/e","n/e","18","n/e","0","n/e","n/e","844"
"BZN|SE1","13.10.2022 07:00 - 13.10.2022 08:00 (CET/CEST)","n/e","n/e","n/e","n/e","n/e","n/e","n/e","n/e","n/e","n/e","n/e","n/e","n/e","2887","n/e","n/e","21","n/e","0","n/e","n/e","891"
"BZN|SE1","13.10.2022 08:00 - 13.10.2022 09:00 (CET/CEST)","n/e","n/e","n/e","n/e","n/e","n/e","n/e","n/e","n/e","n/e","n/e","n/e","n/e","3058","n/e","n/e","21","n/e","0","n/e","n/e","772"
"BZN|SE1","13.10.2022 09:00 - 13.10.2022 10:00 (CET/CEST)","n/e","n/e","n/e","n/e","n/e","n/e","n/e","n/e","n/e","n/e","n/e","n/e","n/e","3187","n/e","n/e","21","n/e","0","n/e","n/e","728"
"BZN|SE1","13.10.2022 10:00 - 13.10.2022 11:00 (CET/CEST)","n/e","n/e","n/e","n/e","n/e","n/e","n/e","n/e","n/e","n/e","n/e","n/e","n/e","3201","n/e","n/e","21","n/e","0","n/e","n/e","602"
"BZN|SE1","13.10.2022 11:00 - 13.10.2022 12:00 (CET/CEST)","n/e","n/e","n/e","n/e","n/e","n/e","n/e","n/e","n/e","n/e","n/e","n/e","n/e","3201","n/e","n/e","21","n/e","1","n/e","n/e","570"
"BZN|SE1","13.10.2022 12:00 - 13.10.2022 13:00 (CET/CEST)","n/e","n/e","n/e","n/e","n/e","n/e","n/e","n/e","n/e","n/e","n/e","n/e","n/e","3191","n/e","n/e","21","n/e","1","n/e","n/e","477"
"BZN|SE1","13.10.2022 13:00 - 13.10.2022 14:00 (CET/CEST)","n/e","n/e","n/e","n/e","n/e","n/e","n/e","n/e","n/e","n/e","n/e","n/e","n/e","3319","n/e","n/e","21","n/e","1","n/e","n/e","435"
"BZN|SE1","13.10.2022 14:00 - 13.10.2022 15:00 (CET/CEST)","n/e","n/e","n/e","n/e","n/e","n/e","n/e","n/e","n/e","n/e","n/e","n/e","n/e","3377","n/e","n/e","21","n/e","0","n/e","n/e","384"
"BZN|SE1","13.10.2022 15:00 - 13.10.2022 16:00 (CET/CEST)","n/e","n/e","n/e","n/e","n/e","n/e","n/e","n/e","n/e","n/e","n/e","n/e","n/e","3376","n/e","n/e","21","n/e","0","n/e","n/e","436"
"BZN|SE1","13.10.2022 16:00 - 13.10.2022 17:00 (CET/CEST)","n/e","n/e","n/e","n/e","n/e","n/e","n/e","n/e","n/e","n/e","n/e","n/e","n/e","3307","n/e","n/e","21","n/e","0","n/e","n/e","566"
"BZN|SE1","13.10.2022 17:00 - 13.10.2022 18:00 (CET/CEST)","n/e","n/e","n/e","n/e","n/e","n/e","n/e","n/e","n/e","n/e","n/e","n/e","n/e","3304","n/e","n/e","21","n/e","0","n/e","n/e","685"
"BZN|SE1","13.10.2022 18:00 - 13.10.2022 19:00 (CET/CEST)","n/e","n/e","n/e","n/e","n/e","n/e","n/e","n/e","n/e","n/e","n/e","n/e","n/e","3297","n/e","n/e","18","n/e","0","n/e","n/e","796"
"BZN|SE1","13.10.2022 19:00 - 13.10.2022 20:00 (CET/CEST)","n/e","n/e","n/e","n/e","n/e","n/e","n/e","n/e","n/e","n/e","n/e","n/e","n/e","3287","n/e","n/e","18","n/e","0","n/e","n/e","781"
"BZN|SE1","13.10.2022 20:00 - 13.10.2022 21:00 (CET/CEST)","n/e","n/e","n/e","n/e","n/e","n/e","n/e","n/e","n/e","n/e","n/e","n/e","n/e","3367","n/e","n/e","18","n/e","0","n/e","n/e","702"
"BZN|SE1","13.10.2022 21:00 - 13.10.2022 22:00 (CET/CEST)","n/e","n/e","n/e","n/e","n/e","n/e","n/e","n/e","n/e","n/e","n/e","n/e","n/e","3359","n/e","n/e","18","n/e","0","n/e","n/e","646"
"BZN|SE1","13.10.2022 22:00 - 13.10.2022 23:00 (CET/CEST)","n/e","n/e","n/e","n/e","n/e","n/e","n/e","n/e","n/e","n/e","n/e","n/e","n/e","3298","n/e","n/e","18","n/e","0","n/e","n/e","498"
"BZN|SE1","13.10.2022 23:00 - 14.10.2022 00:00 (CET/CEST)","n/e","n/e","n/e","n/e","n/e","n/e","n/e","n/e","n/e","n/e","n/e","n/e","n/e","3196","n/e","n/e","18","n/e","0","n/e","n/e","418"
"BZN|SE1","14.10.2022 00:00 - 14.10.2022 01:00 (CET/CEST)","n/e","n/e","n/e","n/e","n/e","n/e","n/e","n/e","n/e","n/e","n/e","n/e","n/e","3272","n/e","n/e","13","n/e","0","n/e","n/e","368"
"BZN|SE1","14.10.2022 01:00 - 14.10.2022 02:00 (CET/CEST)","n/e","n/e","n/e","n/e","n/e","n/e","n/e","n/e","n/e","n/e","n/e","n/e","n/e","3293","n/e","n/e","14","n/e","0","n/e","n/e","309"
"BZN|SE1","14.10.2022 02:00 - 14.10.2022 03:00 (CET/CEST)","n/e","n/e","n/e","n/e","n/e","n/e","n/e","n/e","n/e","n/e","n/e","n/e","n/e","3374","n/e","n/e","14","n/e","0","n/e","n/e","230"
"BZN|SE1","14.10.2022 03:00 - 14.10.2022 04:00 (CET/CEST)","n/e","n/e","n/e","n/e","n/e","n/e","n/e","n/e","n/e","n/e","n/e","n/e","n/e","3494","n/e","n/e","14","n/e","0","n/e","n/e","268"
"BZN|SE1","14.10.2022 04:00 - 14.10.2022 05:00 (CET/CEST)","n/e","n/e","n/e","n/e","n/e","n/e","n/e","n/e","n/e","n/e","n/e","n/e","n/e","3625","n/e","n/e","14","n/e","0","n/e","n/e","265"
"BZN|SE1","14.10.2022 05:00 - 14.10.2022 06:00 (CET/CEST)","n/e","n/e","n/e","n/e","n/e","n/e","n/e","n/e","n/e","n/e","n/e","n/e","n/e","3784","n/e","n/e","14","n/e","0","n/e","n/e","277"
"BZN|SE1","14.10.2022 06:00 - 14.10.2022 07:00 (CET/CEST)","n/e","n/e","n/e","n/e","n/e","n/e","n/e","n/e","n/e","n/e","n/e","n/e","n/e","3808","n/e","n/e","17","n/e","0","n/e","n/e","269"
"BZN|SE1","14.10.2022 07:00 - 14.10.2022 08:00 (CET/CEST)","n/e","n/e","n/e","n/e","n/e","n/e","n/e","n/e","n/e","n/e","n/e","n/e","n/e","3819","n/e","n/e","20","n/e","0","n/e","n/e","245"
"BZN|SE1","14.10.2022 08:00 - 14.10.2022 09:00 (CET/CEST)","n/e","n/e","n/e","n/e","n/e","n/e","n/e","n/e","n/e","n/e","n/e","n/e","n/e","3828","n/e","n/e","20","n/e","0","n/e","n/e","182"
"BZN|SE1","14.10.2022 09:00 - 14.10.2022 10:00 (CET/CEST)","n/e","n/e","n/e","n/e","n/e","n/e","n/e","n/e","n/e","n/e","n/e","n/e","n/e","3832","n/e","n/e","20","n/e","0","n/e","n/e","129"
"BZN|SE1","14.10.2022 10:00 - 14.10.2022 11:00 (CET/CEST)","n/e","n/e","n/e","n/e","n/e","n/e","n/e","n/e","n/e","n/e","n/e","n/e","n/e","3814","n/e","n/e","20","n/e","1","n/e","n/e","63"
"BZN|SE1","14.10.2022 11:00 - 14.10.2022 12:00 (CET/CEST)","n/e","n/e","n/e","n/e","n/e","n/e","n/e","n/e","n/e","n/e","n/e","n/e","n/e","3812","n/e","n/e","20","n/e","1","n/e","n/e","18"
"BZN|SE1","14.10.2022 12:00 - 14.10.2022 13:00 (CET/CEST)","n/e","n/e","n/e","n/e","n/e","n/e","n/e","n/e","n/e","n/e","n/e","n/e","n/e","3817","n/e","n/e","20","n/e","1","n/e","n/e","10"
"BZN|SE1","14.10.2022 13:00 - 14.10.2022 14:00 (CET/CEST)","n/e","n/e","n/e","n/e","n/e","n/e","n/e","n/e","n/e","n/e","n/e","n/e","n/e","3796","n/e","n/e","20","n/e","1","n/e","n/e","4"
"BZN|SE1","14.10.2022 14:00 - 14.10.2022 15:00 (CET/CEST)","n/e","n/e","n/e","n/e","n/e","n/e","n/e","n/e","n/e","n/e","n/e","n/e","n/e","3734","n/e","n/e","17","n/e","1","n/e","n/e","14"
"BZN|SE1","14.10.2022 15:00 - 14.10.2022 16:00 (CET/CEST)","n/e","n/e","n/e","n/e","n/e","n/e","n/e","n/e","n/e","n/e","n/e","n/e","n/e","3748","n/e","n/e","14","n/e","0","n/e","n/e","23"
"BZN|SE1","14.10.2022 16:00 - 14.10.2022 17:00 (CET/CEST)","n/e","n/e","n/e","n/e","n/e","n/e","n/e","n/e","n/e","n/e","n/e","n/e","n/e","3725","n/e","n/e","14","n/e","0","n/e","n/e","50"
"BZN|SE1","14.10.2022 17:00 - 14.10.2022 18:00 (CET/CEST)","n/e","n/e","n/e","n/e","n/e","n/e","n/e","n/e","n/e","n/e","n/e","n/e","n/e","3537","n/e","n/e","13","n/e","0","n/e","n/e","119"
"BZN|SE1","14.10.2022 18:00 - 14.10.2022 19:00 (CET/CEST)","n/e","n/e","n/e","n/e","n/e","n/e","n/e","n/e","n/e","n/e","n/e","n/e","n/e","3578","n/e","n/e","14","n/e","0","n/e","n/e","195"
"BZN|SE1","14.10.2022 19:00 - 14.10.2022 20:00 (CET/CEST)","n/e","n/e","n/e","n/e","n/e","n/e","n/e","n/e","n/e","n/e","n/e","n/e","n/e","3426","n/e","n/e","14","n/e","0","n/e","n/e","255"
"BZN|SE1","14.10.2022 20:00 - 14.10.2022 21:00 (CET/CEST)","n/e","n/e","n/e","n/e","n/e","n/e","n/e","n/e","n/e","n/e","n/e","n/e","n/e","3279","n/e","n/e","14","n/e","0","n/e","n/e","320"
"BZN|SE1","14.10.2022 21:00 - 14.10.2022 22:00 (CET/CEST)","n/e","n/e","n/e","n/e","n/e","n/e","n/e","n/e","n/e","n/e","n/e","n/e","n/e","3129","n/e","n/e","14","n/e","0","n/e","n/e","314"
"BZN|SE1","14.10.2022 22:00 - 14.10.2022 23:00 (CET/CEST)","n/e","n/e","n/e","n/e","n/e","n/e","n/e","n/e","n/e","n/e","n/e","n/e","n/e","3089","n/e","n/e","14","n/e","0","n/e","n/e","353"
"BZN|SE1","14.10.2022 23:00 - 15.10.2022 00:00 (CET/CEST)","n/e","n/e","n/e","n/e","n/e","n/e","n/e","n/e","n/e","n/e","n/e","n/e","n/e","2816","n/e","n/e","14","n/e","0","n/e","n/e","371"
"BZN|SE1","15.10.2022 00:00 - 15.10.2022 01:00 (CET/CEST)","n/e","n/e","n/e","n/e","n/e","n/e","n/e","n/e","n/e","n/e","n/e","n/e","n/e","2588","n/e","n/e","16","n/e","0","n/e","n/e","354"
"BZN|SE1","15.10.2022 01:00 - 15.10.2022 02:00 (CET/CEST)","n/e","n/e","n/e","n/e","n/e","n/e","n/e","n/e","n/e","n/e","n/e","n/e","n/e","2562","n/e","n/e","17","n/e","0","n/e","n/e","327"
"BZN|SE1","15.10.2022 02:00 - 15.10.2022 03:00 (CET/CEST)","n/e","n/e","n/e","n/e","n/e","n/e","n/e","n/e","n/e","n/e","n/e","n/e","n/e","2302","n/e","n/e","16","n/e","0","n/e","n/e","348"
"BZN|SE1","15.10.2022 03:00 - 15.10.2022 04:00 (CET/CEST)","n/e","n/e","n/e","n/e","n/e","n/e","n/e","n/e","n/e","n/e","n/e","n/e","n/e","2210","n/e","n/e","16","n/e","0","n/e","n/e","395"
"BZN|SE1","15.10.2022 04:00 - 15.10.2022 05:00 (CET/CEST)","n/e","n/e","n/e","n/e","n/e","n/e","n/e","n/e","n/e","n/e","n/e","n/e","n/e","1972","n/e","n/e","16","n/e","0","n/e","n/e","380"
"BZN|SE1","15.10.2022 05:00 - 15.10.2022 06:00 (CET/CEST)","n/e","n/e","n/e","n/e","n/e","n/e","n/e","n/e","n/e","n/e","n/e","n/e","n/e","1944","n/e","n/e","16","n/e","0","n/e","n/e","429"
"BZN|SE1","15.10.2022 06:00 - 15.10.2022 07:00 (CET/CEST)","n/e","n/e","n/e","n/e","n/e","n/e","n/e","n/e","n/e","n/e","n/e","n/e","n/e","2088","n/e","n/e","16","n/e","0","n/e","n/e","509"
"BZN|SE1","15.10.2022 07:00 - 15.10.2022 08:00 (CET/CEST)","n/e","n/e","n/e","n/e","n/e","n/e","n/e","n/e","n/e","n/e","n/e","n/e","n/e","2082","n/e","n/e","16","n/e","0","n/e","n/e","638"
"BZN|SE1","15.10.2022 08:00 - 15.10.2022 09:00 (CET/CEST)","n/e","n/e","n/e","n/e","n/e","n/e","n/e","n/e","n/e","n/e","n/e","n/e","n/e","2285","n/e","n/e","16","n/e","0","n/e","n/e","600"
"BZN|SE1","15.10.2022 09:00 - 15.10.2022 10:00 (CET/CEST)","n/e","n/e","n/e","n/e","n/e","n/e","n/e","n/e","n/e","n/e","n/e","n/e","n/e","2458","n/e","n/e","16","n/e","0","n/e","n/e","591"
"BZN|SE1","15.10.2022 10:00 - 15.10.2022 11:00 (CET/CEST)","n/e","n/e","n/e","n/e","n/e","n/e","n/e","n/e","n/e","n/e","n/e","n/e","n/e","2498","n/e","n/e","16","n/e","0","n/e","n/e","665"
"BZN|SE1","15.10.2022 11:00 - 15.10.2022 12:00 (CET/CEST)","n/e","n/e","n/e","n/e","n/e","n/e","n/e","n/e","n/e","n/e","n/e","n/e","n/e","2436","n/e","n/e","16","n/e","0","n/e","n/e","761"
"BZN|SE1","15.10.2022 12:00 - 15.10.2022 13:00 (CET/CEST)","n/e","n/e","n/e","n/e","n/e","n/e","n/e","n/e","n/e","n/e","n/e","n/e","n/e","2242","n/e","n/e","16","n/e","0","n/e","n/e","816"
"BZN|SE1","15.10.2022 13:00 - 15.10.2022 14:00 (CET/CEST)","n/e","n/e","n/e","n/e","n/e","n/e","n/e","n/e","n/e","n/e","n/e","n/e","n/e","2123","n/e","n/e","17","n/e","0","n/e","n/e","949"
"BZN|SE1","15.10.2022 14:00 - 15.10.2022 15:00 (CET/CEST)","n/e","n/e","n/e","n/e","n/e","n/e","n/e","n/e","n/e","n/e","n/e","n/e","n/e","1920","n/e","n/e","17","n/e","0","n/e","n/e","851"
"BZN|SE1","15.10.2022 15:00 - 15.10.2022 16:00 (CET/CEST)","n/e","n/e","n/e","n/e","n/e","n/e","n/e","n/e","n/e","n/e","n/e","n/e","n/e","1905","n/e","n/e","17","n/e","0","n/e","n/e","907"
"BZN|SE1","15.10.2022 16:00 - 15.10.2022 17:00 (CET/CEST)","n/e","n/e","n/e","n/e","n/e","n/e","n/e","n/e","n/e","n/e","n/e","n/e","n/e","1958","n/e","n/e","16","n/e","0","n/e","n/e","830"
"BZN|SE1","15.10.2022 17:00 - 15.10.2022 18:00 (CET/CEST)","n/e","n/e","n/e","n/e","n/e","n/e","n/e","n/e","n/e","n/e","n/e","n/e","n/e","2154","n/e","n/e","16","n/e","0","n/e","n/e","904"
"BZN|SE1","15.10.2022 18:00 - 15.10.2022 19:00 (CET/CEST)","n/e","n/e","n/e","n/e","n/e","n/e","n/e","n/e","n/e","n/e","n/e","n/e","n/e","2485","n/e","n/e","17","n/e","0","n/e","n/e","1017"
"BZN|SE1","15.10.2022 19:00 - 15.10.2022 20:00 (CET/CEST)","n/e","n/e","n/e","n/e","n/e","n/e","n/e","n/e","n/e","n/e","n/e","n/e","n/e","2485","n/e","n/e","17","n/e","0","n/e","n/e","1148"
"BZN|SE1","15.10.2022 20:00 - 15.10.2022 21:00 (CET/CEST)","n/e","n/e","n/e","n/e","n/e","n/e","n/e","n/e","n/e","n/e","n/e","n/e","n/e","2150","n/e","n/e","16","n/e","0","n/e","n/e","1272"
"BZN|SE1","15.10.2022 21:00 - 15.10.2022 22:00 (CET/CEST)","n/e","n/e","n/e","n/e","n/e","n/e","n/e","n/e","n/e","n/e","n/e","n/e","n/e","2036","n/e","n/e","16","n/e","0","n/e","n/e","1328"
"BZN|SE1","15.10.2022 22:00 - 15.10.2022 23:00 (CET/CEST)","n/e","n/e","n/e","n/e","n/e","n/e","n/e","n/e","n/e","n/e","n/e","n/e","n/e","1752","n/e","n/e","16","n/e","0","n/e","n/e","1419"
"BZN|SE1","15.10.2022 23:00 - 16.10.2022 00:00 (CET/CEST)","n/e","n/e","n/e","n/e","n/e","n/e","n/e","n/e","n/e","n/e","n/e","n/e","n/e","1705","n/e","n/e","16","n/e","0","n/e","n/e","1454"
"BZN|SE1","16.10.2022 00:00 - 16.10.2022 01:00 (CET/CEST)","n/e","n/e","n/e","n/e","n/e","n/e","n/e","n/e","n/e","n/e","n/e","n/e","n/e","1438","n/e","n/e","15","n/e","0","n/e","n/e","1339"
"BZN|SE1","16.10.2022 01:00 - 16.10.2022 02:00 (CET/CEST)","n/e","n/e","n/e","n/e","n/e","n/e","n/e","n/e","n/e","n/e","n/e","n/e","n/e","1342","n/e","n/e","15","n/e","0","n/e","n/e","1263"
"BZN|SE1","16.10.2022 02:00 - 16.10.2022 03:00 (CET/CEST)","n/e","n/e","n/e","n/e","n/e","n/e","n/e","n/e","n/e","n/e","n/e","n/e","n/e","1507","n/e","n/e","15","n/e","0","n/e","n/e","1112"
"BZN|SE1","16.10.2022 03:00 - 16.10.2022 04:00 (CET/CEST)","n/e","n/e","n/e","n/e","n/e","n/e","n/e","n/e","n/e","n/e","n/e","n/e","n/e","1510","n/e","n/e","15","n/e","0","n/e","n/e","923"
"BZN|SE1","16.10.2022 04:00 - 16.10.2022 05:00 (CET/CEST)","n/e","n/e","n/e","n/e","n/e","n/e","n/e","n/e","n/e","n/e","n/e","n/e","n/e","1509","n/e","n/e","14","n/e","0","n/e","n/e","724"
"BZN|SE1","16.10.2022 05:00 - 16.10.2022 06:00 (CET/CEST)","n/e","n/e","n/e","n/e","n/e","n/e","n/e","n/e","n/e","n/e","n/e","n/e","n/e","1630","n/e","n/e","15","n/e","0","n/e","n/e","554"
"BZN|SE1","16.10.2022 06:00 - 16.10.2022 07:00 (CET/CEST)","n/e","n/e","n/e","n/e","n/e","n/e","n/e","n/e","n/e","n/e","n/e","n/e","n/e","2093","n/e","n/e","14","n/e","0","n/e","n/e","517"
"BZN|SE1","16.10.2022 07:00 - 16.10.2022 08:00 (CET/CEST)","n/e","n/e","n/e","n/e","n/e","n/e","n/e","n/e","n/e","n/e","n/e","n/e","n/e","2465","n/e","n/e","15","n/e","0","n/e","n/e","284"
"BZN|SE1","16.10.2022 08:00 - 16.10.2022 09:00 (CET/CEST)","n/e","n/e","n/e","n/e","n/e","n/e","n/e","n/e","n/e","n/e","n/e","n/e","n/e","2751","n/e","n/e","15","n/e","0","n/e","n/e","139"
"BZN|SE1","16.10.2022 09:00 - 16.10.2022 10:00 (CET/CEST)","n/e","n/e","n/e","n/e","n/e","n/e","n/e","n/e","n/e","n/e","n/e","n/e","n/e","2761","n/e","n/e","15","n/e","0","n/e","n/e","130"
"BZN|SE1","16.10.2022 10:00 - 16.10.2022 11:00 (CET/CEST)","n/e","n/e","n/e","n/e","n/e","n/e","n/e","n/e","n/e","n/e","n/e","n/e","n/e","2743","n/e","n/e","15","n/e","0","n/e","n/e","137"
"BZN|SE1","16.10.2022 11:00 - 16.10.2022 12:00 (CET/CEST)","n/e","n/e","n/e","n/e","n/e","n/e","n/e","n/e","n/e","n/e","n/e","n/e","n/e","2409","n/e","n/e","15","n/e","0","n/e","n/e","124"
"BZN|SE1","16.10.2022 12:00 - 16.10.2022 13:00 (CET/CEST)","n/e","n/e","n/e","n/e","n/e","n/e","n/e","n/e","n/e","n/e","n/e","n/e","n/e","1898","n/e","n/e","14","n/e","0","n/e","n/e","126"
"BZN|SE1","16.10.2022 13:00 - 16.10.2022 14:00 (CET/CEST)","n/e","n/e","n/e","n/e","n/e","n/e","n/e","n/e","n/e","n/e","n/e","n/e","n/e","1642","n/e","n/e","15","n/e","0","n/e","n/e","188"
"BZN|SE1","16.10.2022 14:00 - 16.10.2022 15:00 (CET/CEST)","n/e","n/e","n/e","n/e","n/e","n/e","n/e","n/e","n/e","n/e","n/e","n/e","n/e","1730","n/e","n/e","15","n/e","0","n/e","n/e","233"
"BZN|SE1","16.10.2022 15:00 - 16.10.2022 16:00 (CET/CEST)","n/e","n/e","n/e","n/e","n/e","n/e","n/e","n/e","n/e","n/e","n/e","n/e","n/e","1881","n/e","n/e","14","n/e","0","n/e","n/e","244"
"BZN|SE1","16.10.2022 16:00 - 16.10.2022 17:00 (CET/CEST)","n/e","n/e","n/e","n/e","n/e","n/e","n/e","n/e","n/e","n/e","n/e","n/e","n/e","2099","n/e","n/e","14","n/e","0","n/e","n/e","205"
"BZN|SE1","16.10.2022 17:00 - 16.10.2022 18:00 (CET/CEST)","n/e","n/e","n/e","n/e","n/e","n/e","n/e","n/e","n/e","n/e","n/e","n/e","n/e","2816","n/e","n/e","14","n/e","0","n/e","n/e","260"
"BZN|SE1","16.10.2022 18:00 - 16.10.2022 19:00 (CET/CEST)","n/e","n/e","n/e","n/e","n/e","n/e","n/e","n/e","n/e","n/e","n/e","n/e","n/e","2824","n/e","n/e","15","n/e","0","n/e","n/e","358"
"BZN|SE1","16.10.2022 19:00 - 16.10.2022 20:00 (CET/CEST)","n/e","n/e","n/e","n/e","n/e","n/e","n/e","n/e","n/e","n/e","n/e","n/e","n/e","2923","n/e","n/e","15","n/e","0","n/e","n/e","351"
"BZN|SE1","16.10.2022 20:00 - 16.10.2022 21:00 (CET/CEST)","n/e","n/e","n/e","n/e","n/e","n/e","n/e","n/e","n/e","n/e","n/e","n/e","n/e","2549","n/e","n/e","14","n/e","0","n/e","n/e","326"
"BZN|SE1","16.10.2022 21:00 - 16.10.2022 22:00 (CET/CEST)","n/e","n/e","n/e","n/e","n/e","n/e","n/e","n/e","n/e","n/e","n/e","n/e","n/e","2443","n/e","n/e","14","n/e","0","n/e","n/e","351"
"BZN|SE1","16.10.2022 22:00 - 16.10.2022 23:00 (CET/CEST)","n/e","n/e","n/e","n/e","n/e","n/e","n/e","n/e","n/e","n/e","n/e","n/e","n/e","2200","n/e","n/e","14","n/e","0","n/e","n/e","401"
"BZN|SE1","16.10.2022 23:00 - 17.10.2022 00:00 (CET/CEST)","n/e","n/e","n/e","n/e","n/e","n/e","n/e","n/e","n/e","n/e","n/e","n/e","n/e","2036","n/e","n/e","14","n/e","0","n/e","n/e","445"
"BZN|SE1","17.10.2022 00:00 - 17.10.2022 01:00 (CET/CEST)","n/e","n/e","n/e","n/e","n/e","n/e","n/e","n/e","n/e","n/e","n/e","n/e","n/e","2359","n/e","n/e","15","n/e","0","n/e","n/e","495"
"BZN|SE1","17.10.2022 01:00 - 17.10.2022 02:00 (CET/CEST)","n/e","n/e","n/e","n/e","n/e","n/e","n/e","n/e","n/e","n/e","n/e","n/e","n/e","2206","n/e","n/e","16","n/e","0","n/e","n/e","583"
"BZN|SE1","17.10.2022 02:00 - 17.10.2022 03:00 (CET/CEST)","n/e","n/e","n/e","n/e","n/e","n/e","n/e","n/e","n/e","n/e","n/e","n/e","n/e","2185","n/e","n/e","16","n/e","0","n/e","n/e","666"
"BZN|SE1","17.10.2022 03:00 - 17.10.2022 04:00 (CET/CEST)","n/e","n/e","n/e","n/e","n/e","n/e","n/e","n/e","n/e","n/e","n/e","n/e","n/e","2165","n/e","n/e","16","n/e","0","n/e","n/e","823"
"BZN|SE1","17.10.2022 04:00 - 17.10.2022 05:00 (CET/CEST)","n/e","n/e","n/e","n/e","n/e","n/e","n/e","n/e","n/e","n/e","n/e","n/e","n/e","1964","n/e","n/e","16","n/e","0","n/e","n/e","970"
"BZN|SE1","17.10.2022 05:00 - 17.10.2022 06:00 (CET/CEST)","n/e","n/e","n/e","n/e","n/e","n/e","n/e","n/e","n/e","n/e","n/e","n/e","n/e","1985","n/e","n/e","16","n/e","0","n/e","n/e","1108"
"BZN|SE1","17.10.2022 06:00 - 17.10.2022 07:00 (CET/CEST)","n/e","n/e","n/e","n/e","n/e","n/e","n/e","n/e","n/e","n/e","n/e","n/e","n/e","2351","n/e","n/e","16","n/e","0","n/e","n/e","1194"
"BZN|SE1","17.10.2022 07:00 - 17.10.2022 08:00 (CET/CEST)","n/e","n/e","n/e","n/e","n/e","n/e","n/e","n/e","n/e","n/e","n/e","n/e","n/e","2811","n/e","n/e","16","n/e","0","n/e","n/e","1313"
"BZN|SE1","17.10.2022 08:00 - 17.10.2022 09:00 (CET/CEST)","n/e","n/e","n/e","n/e","n/e","n/e","n/e","n/e","n/e","n/e","n/e","n/e","n/e","2799","n/e","n/e","16","n/e","0","n/e","n/e","1221"
"BZN|SE1","17.10.2022 09:00 - 17.10.2022 10:00 (CET/CEST)","n/e","n/e","n/e","n/e","n/e","n/e","n/e","n/e","n/e","n/e","n/e","n/e","n/e","2912","n/e","n/e","16","n/e","0","n/e","n/e","1150"
"BZN|SE1","17.10.2022 10:00 - 17.10.2022 11:00 (CET/CEST)","n/e","n/e","n/e","n/e","n/e","n/e","n/e","n/e","n/e","n/e","n/e","n/e","n/e","3057","n/e","n/e","18","n/e","1","n/e","n/e","1082"
"BZN|SE1","17.10.2022 11:00 - 17.10.2022 12:00 (CET/CEST)","n/e","n/e","n/e","n/e","n/e","n/e","n/e","n/e","n/e","n/e","n/e","n/e","n/e","3036","n/e","n/e","23","n/e","1","n/e","n/e","979"
"BZN|SE1","17.10.2022 12:00 - 17.10.2022 13:00 (CET/CEST)","n/e","n/e","n/e","n/e","n/e","n/e","n/e","n/e","n/e","n/e","n/e","n/e","n/e","3102","n/e","n/e","23","n/e","1","n/e","n/e","929"
"BZN|SE1","17.10.2022 13:00 - 17.10.2022 14:00 (CET/CEST)","n/e","n/e","n/e","n/e","n/e","n/e","n/e","n/e","n/e","n/e","n/e","n/e","n/e","3106","n/e","n/e","23","n/e","1","n/e","n/e","1020"
"BZN|SE1","17.10.2022 14:00 - 17.10.2022 15:00 (CET/CEST)","n/e","n/e","n/e","n/e","n/e","n/e","n/e","n/e","n/e","n/e","n/e","n/e","n/e","3118","n/e","n/e","23","n/e","1","n/e","n/e","1209"
"BZN|SE1","17.10.2022 15:00 - 17.10.2022 16:00 (CET/CEST)","n/e","n/e","n/e","n/e","n/e","n/e","n/e","n/e","n/e","n/e","n/e","n/e","n/e","3153","n/e","n/e","23","n/e","0","n/e","n/e","1362"
"BZN|SE1","17.10.2022 16:00 - 17.10.2022 17:00 (CET/CEST)","n/e","n/e","n/e","n/e","n/e","n/e","n/e","n/e","n/e","n/e","n/e","n/e","n/e","3137","n/e","n/e","25","n/e","0","n/e","n/e","1201"
"BZN|SE1","17.10.2022 17:00 - 17.10.2022 18:00 (CET/CEST)","n/e","n/e","n/e","n/e","n/e","n/e","n/e","n/e","n/e","n/e","n/e","n/e","n/e","3145","n/e","n/e","25","n/e","0","n/e","n/e","1445"
"BZN|SE1","17.10.2022 18:00 - 17.10.2022 19:00 (CET/CEST)","n/e","n/e","n/e","n/e","n/e","n/e","n/e","n/e","n/e","n/e","n/e","n/e","n/e","3295","n/e","n/e","26","n/e","0","n/e","n/e","1452"
"BZN|SE1","17.10.2022 19:00 - 17.10.2022 20:00 (CET/CEST)","n/e","n/e","n/e","n/e","n/e","n/e","n/e","n/e","n/e","n/e","n/e","n/e","n/e","3292","n/e","n/e","25","n/e","0","n/e","n/e","1467"
"BZN|SE1","17.10.2022 20:00 - 17.10.2022 21:00 (CET/CEST)","n/e","n/e","n/e","n/e","n/e","n/e","n/e","n/e","n/e","n/e","n/e","n/e","n/e","3238","n/e","n/e","19","n/e","0","n/e","n/e","1343"
"BZN|SE1","17.10.2022 21:00 - 17.10.2022 22:00 (CET/CEST)","n/e","n/e","n/e","n/e","n/e","n/e","n/e","n/e","n/e","n/e","n/e","n/e","n/e","3047","n/e","n/e","19","n/e","0","n/e","n/e","1274"
"BZN|SE1","17.10.2022 22:00 - 17.10.2022 23:00 (CET/CEST)","n/e","n/e","n/e","n/e","n/e","n/e","n/e","n/e","n/e","n/e","n/e","n/e","n/e","2880","n/e","n/e","16","n/e","0","n/e","n/e","1234"
"BZN|SE1","17.10.2022 23:00 - 18.10.2022 00:00 (CET/CEST)","n/e","n/e","n/e","n/e","n/e","n/e","n/e","n/e","n/e","n/e","n/e","n/e","n/e","2713","n/e","n/e","16","n/e","0","n/e","n/e","1114"
"BZN|SE1","18.10.2022 00:00 - 18.10.2022 01:00 (CET/CEST)","n/e","n/e","n/e","n/e","n/e","n/e","n/e","n/e","n/e","n/e","n/e","n/e","n/e","2653","n/e","n/e","16","n/e","0","n/e","n/e","1132"
"BZN|SE1","18.10.2022 01:00 - 18.10.2022 02:00 (CET/CEST)","n/e","n/e","n/e","n/e","n/e","n/e","n/e","n/e","n/e","n/e","n/e","n/e","n/e","2651","n/e","n/e","16","n/e","0","n/e","n/e","1061"
"BZN|SE1","18.10.2022 02:00 - 18.10.2022 03:00 (CET/CEST)","n/e","n/e","n/e","n/e","n/e","n/e","n/e","n/e","n/e","n/e","n/e","n/e","n/e","2646","n/e","n/e","16","n/e","0","n/e","n/e","971"
"BZN|SE1","18.10.2022 03:00 - 18.10.2022 04:00 (CET/CEST)","n/e","n/e","n/e","n/e","n/e","n/e","n/e","n/e","n/e","n/e","n/e","n/e","n/e","2688","n/e","n/e","16","n/e","0","n/e","n/e","1045"
"BZN|SE1","18.10.2022 04:00 - 18.10.2022 05:00 (CET/CEST)","n/e","n/e","n/e","n/e","n/e","n/e","n/e","n/e","n/e","n/e","n/e","n/e","n/e","2700","n/e","n/e","16","n/e","0","n/e","n/e","1069"
"BZN|SE1","18.10.2022 05:00 - 18.10.2022 06:00 (CET/CEST)","n/e","n/e","n/e","n/e","n/e","n/e","n/e","n/e","n/e","n/e","n/e","n/e","n/e","2807","n/e","n/e","16","n/e","0","n/e","n/e","1153"
"BZN|SE1","18.10.2022 06:00 - 18.10.2022 07:00 (CET/CEST)","n/e","n/e","n/e","n/e","n/e","n/e","n/e","n/e","n/e","n/e","n/e","n/e","n/e","3310","n/e","n/e","16","n/e","0","n/e","n/e","1144"
"BZN|SE1","18.10.2022 07:00 - 18.10.2022 08:00 (CET/CEST)","n/e","n/e","n/e","n/e","n/e","n/e","n/e","n/e","n/e","n/e","n/e","n/e","n/e","3359","n/e","n/e","16","n/e","0","n/e","n/e","1048"
"BZN|SE1","18.10.2022 08:00 - 18.10.2022 09:00 (CET/CEST)","n/e","n/e","n/e","n/e","n/e","n/e","n/e","n/e","n/e","n/e","n/e","n/e","n/e","3359","n/e","n/e","22","n/e","0","n/e","n/e","972"
"BZN|SE1","18.10.2022 09:00 - 18.10.2022 10:00 (CET/CEST)","n/e","n/e","n/e","n/e","n/e","n/e","n/e","n/e","n/e","n/e","n/e","n/e","n/e","3354","n/e","n/e","22","n/e","0","n/e","n/e","876"
"BZN|SE1","18.10.2022 10:00 - 18.10.2022 11:00 (CET/CEST)","n/e","n/e","n/e","n/e","n/e","n/e","n/e","n/e","n/e","n/e","n/e","n/e","n/e","3334","n/e","n/e","23","n/e","0","n/e","n/e","720"
"BZN|SE1","18.10.2022 11:00 - 18.10.2022 12:00 (CET/CEST)","n/e","n/e","n/e","n/e","n/e","n/e","n/e","n/e","n/e","n/e","n/e","n/e","n/e","3400","n/e","n/e","23","n/e","1","n/e","n/e","612"
"BZN|SE1","18.10.2022 12:00 - 18.10.2022 13:00 (CET/CEST)","n/e","n/e","n/e","n/e","n/e","n/e","n/e","n/e","n/e","n/e","n/e","n/e","n/e","3292","n/e","n/e","22","n/e","1","n/e","n/e","627"
"BZN|SE1","18.10.2022 13:00 - 18.10.2022 14:00 (CET/CEST)","n/e","n/e","n/e","n/e","n/e","n/e","n/e","n/e","n/e","n/e","n/e","n/e","n/e","2760","n/e","n/e","23","n/e","1","n/e","n/e","623"
"BZN|SE1","18.10.2022 14:00 - 18.10.2022 15:00 (CET/CEST)","n/e","n/e","n/e","n/e","n/e","n/e","n/e","n/e","n/e","n/e","n/e","n/e","n/e","2770","n/e","n/e","23","n/e","1","n/e","n/e","648"
"BZN|SE1","18.10.2022 15:00 - 18.10.2022 16:00 (CET/CEST)","n/e","n/e","n/e","n/e","n/e","n/e","n/e","n/e","n/e","n/e","n/e","n/e","n/e","2517","n/e","n/e","16","n/e","0","n/e","n/e","670"
"BZN|SE1","18.10.2022 16:00 - 18.10.2022 17:00 (CET/CEST)","n/e","n/e","n/e","n/e","n/e","n/e","n/e","n/e","n/e","n/e","n/e","n/e","n/e","2645","n/e","n/e","16","n/e","0","n/e","n/e","796"
"BZN|SE1","18.10.2022 17:00 - 18.10.2022 18:00 (CET/CEST)","n/e","n/e","n/e","n/e","n/e","n/e","n/e","n/e","n/e","n/e","n/e","n/e","n/e","2715","n/e","n/e","16","n/e","0","n/e","n/e","930"
"BZN|SE1","18.10.2022 18:00 - 18.10.2022 19:00 (CET/CEST)","n/e","n/e","n/e","n/e","n/e","n/e","n/e","n/e","n/e","n/e","n/e","n/e","n/e","2602","n/e","n/e","16","n/e","0","n/e","n/e","1003"
"BZN|SE1","18.10.2022 19:00 - 18.10.2022 20:00 (CET/CEST)","n/e","n/e","n/e","n/e","n/e","n/e","n/e","n/e","n/e","n/e","n/e","n/e","n/e","2517","n/e","n/e","16","n/e","0","n/e","n/e","1059"
"BZN|SE1","18.10.2022 20:00 - 18.10.2022 21:00 (CET/CEST)","n/e","n/e","n/e","n/e","n/e","n/e","n/e","n/e","n/e","n/e","n/e","n/e","n/e","2377","n/e","n/e","16","n/e","0","n/e","n/e","1187"
"BZN|SE1","18.10.2022 21:00 - 18.10.2022 22:00 (CET/CEST)","n/e","n/e","n/e","n/e","n/e","n/e","n/e","n/e","n/e","n/e","n/e","n/e","n/e","2149","n/e","n/e","16","n/e","0","n/e","n/e","1146"
"BZN|SE1","18.10.2022 22:00 - 18.10.2022 23:00 (CET/CEST)","n/e","n/e","n/e","n/e","n/e","n/e","n/e","n/e","n/e","n/e","n/e","n/e","n/e","1958","n/e","n/e","16","n/e","0","n/e","n/e","1114"
"BZN|SE1","18.10.2022 23:00 - 19.10.2022 00:00 (CET/CEST)","n/e","n/e","n/e","n/e","n/e","n/e","n/e","n/e","n/e","n/e","n/e","n/e","n/e","1876","n/e","n/e","16","n/e","0","n/e","n/e","1036"
"BZN|SE1","19.10.2022 00:00 - 19.10.2022 01:00 (CET/CEST)","n/e","n/e","n/e","n/e","n/e","n/e","n/e","n/e","n/e","n/e","n/e","n/e","n/e","1714","n/e","n/e","16","n/e","0","n/e","n/e","972"
"BZN|SE1","19.10.2022 01:00 - 19.10.2022 02:00 (CET/CEST)","n/e","n/e","n/e","n/e","n/e","n/e","n/e","n/e","n/e","n/e","n/e","n/e","n/e","1715","n/e","n/e","16","n/e","0","n/e","n/e","896"
"BZN|SE1","19.10.2022 02:00 - 19.10.2022 03:00 (CET/CEST)","n/e","n/e","n/e","n/e","n/e","n/e","n/e","n/e","n/e","n/e","n/e","n/e","n/e","1714","n/e","n/e","16","n/e","0","n/e","n/e","793"
"BZN|SE1","19.10.2022 03:00 - 19.10.2022 04:00 (CET/CEST)","n/e","n/e","n/e","n/e","n/e","n/e","n/e","n/e","n/e","n/e","n/e","n/e","n/e","1749","n/e","n/e","16","n/e","0","n/e","n/e","784"
"BZN|SE1","19.10.2022 04:00 - 19.10.2022 05:00 (CET/CEST)","n/e","n/e","n/e","n/e","n/e","n/e","n/e","n/e","n/e","n/e","n/e","n/e","n/e","1909","n/e","n/e","16","n/e","0","n/e","n/e","762"
"BZN|SE1","19.10.2022 05:00 - 19.10.2022 06:00 (CET/CEST)","n/e","n/e","n/e","n/e","n/e","n/e","n/e","n/e","n/e","n/e","n/e","n/e","n/e","2325","n/e","n/e","16","n/e","0","n/e","n/e","850"
"BZN|SE1","19.10.2022 06:00 - 19.10.2022 07:00 (CET/CEST)","n/e","n/e","n/e","n/e","n/e","n/e","n/e","n/e","n/e","n/e","n/e","n/e","n/e","2695","n/e","n/e","16","n/e","0","n/e","n/e","959"
"BZN|SE1","19.10.2022 07:00 - 19.10.2022 08:00 (CET/CEST)","n/e","n/e","n/e","n/e","n/e","n/e","n/e","n/e","n/e","n/e","n/e","n/e","n/e","2731","n/e","n/e","16","n/e","0","n/e","n/e","1019"
"BZN|SE1","19.10.2022 08:00 - 19.10.2022 09:00 (CET/CEST)","n/e","n/e","n/e","n/e","n/e","n/e","n/e","n/e","n/e","n/e","n/e","n/e","n/e","2848","n/e","n/e","16","n/e","0","n/e","n/e","1105"
"BZN|SE1","19.10.2022 09:00 - 19.10.2022 10:00 (CET/CEST)","n/e","n/e","n/e","n/e","n/e","n/e","n/e","n/e","n/e","n/e","n/e","n/e","n/e","2819","n/e","n/e","18","n/e","0","n/e","n/e","1148"
"BZN|SE1","19.10.2022 10:00 - 19.10.2022 11:00 (CET/CEST)","n/e","n/e","n/e","n/e","n/e","n/e","n/e","n/e","n/e","n/e","n/e","n/e","n/e","2777","n/e","n/e","19","n/e","0","n/e","n/e","1198"
"BZN|SE1","19.10.2022 11:00 - 19.10.2022 12:00 (CET/CEST)","n/e","n/e","n/e","n/e","n/e","n/e","n/e","n/e","n/e","n/e","n/e","n/e","n/e","2725","n/e","n/e","18","n/e","1","n/e","n/e","1248"
"BZN|SE1","19.10.2022 12:00 - 19.10.2022 13:00 (CET/CEST)","n/e","n/e","n/e","n/e","n/e","n/e","n/e","n/e","n/e","n/e","n/e","n/e","n/e","2656","n/e","n/e","18","n/e","1","n/e","n/e","1219"
"BZN|SE1","19.10.2022 13:00 - 19.10.2022 14:00 (CET/CEST)","n/e","n/e","n/e","n/e","n/e","n/e","n/e","n/e","n/e","n/e","n/e","n/e","n/e","2572","n/e","n/e","19","n/e","1","n/e","n/e","1239"
"BZN|SE1","19.10.2022 14:00 - 19.10.2022 15:00 (CET/CEST)","n/e","n/e","n/e","n/e","n/e","n/e","n/e","n/e","n/e","n/e","n/e","n/e","n/e","2518","n/e","n/e","19","n/e","0","n/e","n/e","1275"
"BZN|SE1","19.10.2022 15:00 - 19.10.2022 16:00 (CET/CEST)","n/e","n/e","n/e","n/e","n/e","n/e","n/e","n/e","n/e","n/e","n/e","n/e","n/e","2525","n/e","n/e","18","n/e","0","n/e","n/e","1394"
"BZN|SE1","19.10.2022 16:00 - 19.10.2022 17:00 (CET/CEST)","n/e","n/e","n/e","n/e","n/e","n/e","n/e","n/e","n/e","n/e","n/e","n/e","n/e","2503","n/e","n/e","18","n/e","0","n/e","n/e","1513"
"BZN|SE1","19.10.2022 17:00 - 19.10.2022 18:00 (CET/CEST)","n/e","n/e","n/e","n/e","n/e","n/e","n/e","n/e","n/e","n/e","n/e","n/e","n/e","2462","n/e","n/e","18","n/e","0","n/e","n/e","1527"
"BZN|SE1","19.10.2022 18:00 - 19.10.2022 19:00 (CET/CEST)","n/e","n/e","n/e","n/e","n/e","n/e","n/e","n/e","n/e","n/e","n/e","n/e","n/e","2296","n/e","n/e","18","n/e","0","n/e","n/e","1665"
"BZN|SE1","19.10.2022 19:00 - 19.10.2022 20:00 (CET/CEST)","n/e","n/e","n/e","n/e","n/e","n/e","n/e","n/e","n/e","n/e","n/e","n/e","n/e","2297","n/e","n/e","18","n/e","0","n/e","n/e","1546"
"BZN|SE1","19.10.2022 20:00 - 19.10.2022 21:00 (CET/CEST)","n/e","n/e","n/e","n/e","n/e","n/e","n/e","n/e","n/e","n/e","n/e","n/e","n/e","2306","n/e","n/e","18","n/e","0","n/e","n/e","1550"
"BZN|SE1","19.10.2022 21:00 - 19.10.2022 22:00 (CET/CEST)","n/e","n/e","n/e","n/e","n/e","n/e","n/e","n/e","n/e","n/e","n/e","n/e","n/e","2401","n/e","n/e","18","n/e","0","n/e","n/e","1447"
"BZN|SE1","19.10.2022 22:00 - 19.10.2022 23:00 (CET/CEST)","n/e","n/e","n/e","n/e","n/e","n/e","n/e","n/e","n/e","n/e","n/e","n/e","n/e","2528","n/e","n/e","18","n/e","0","n/e","n/e","1386"
"BZN|SE1","19.10.2022 23:00 - 20.10.2022 00:00 (CET/CEST)","n/e","n/e","n/e","n/e","n/e","n/e","n/e","n/e","n/e","n/e","n/e","n/e","n/e","2451","n/e","n/e","21","n/e","0","n/e","n/e","1308"
"BZN|SE1","20.10.2022 00:00 - 20.10.2022 01:00 (CET/CEST)","n/e","n/e","n/e","n/e","n/e","n/e","n/e","n/e","n/e","n/e","n/e","n/e","n/e","2544","n/e","n/e","25","n/e","0","n/e","n/e","1185"
"BZN|SE1","20.10.2022 01:00 - 20.10.2022 02:00 (CET/CEST)","n/e","n/e","n/e","n/e","n/e","n/e","n/e","n/e","n/e","n/e","n/e","n/e","n/e","2556","n/e","n/e","25","n/e","0","n/e","n/e","1083"
"BZN|SE1","20.10.2022 02:00 - 20.10.2022 03:00 (CET/CEST)","n/e","n/e","n/e","n/e","n/e","n/e","n/e","n/e","n/e","n/e","n/e","n/e","n/e","2732","n/e","n/e","25","n/e","0","n/e","n/e","1050"
"BZN|SE1","20.10.2022 03:00 - 20.10.2022 04:00 (CET/CEST)","n/e","n/e","n/e","n/e","n/e","n/e","n/e","n/e","n/e","n/e","n/e","n/e","n/e","2851","n/e","n/e","25","n/e","0","n/e","n/e","929"
"BZN|SE1","20.10.2022 04:00 - 20.10.2022 05:00 (CET/CEST)","n/e","n/e","n/e","n/e","n/e","n/e","n/e","n/e","n/e","n/e","n/e","n/e","n/e","3112","n/e","n/e","25","n/e","0","n/e","n/e","886"
"BZN|SE1","20.10.2022 05:00 - 20.10.2022 06:00 (CET/CEST)","n/e","n/e","n/e","n/e","n/e","n/e","n/e","n/e","n/e","n/e","n/e","n/e","n/e","3330","n/e","n/e","25","n/e","0","n/e","n/e","765"
"BZN|SE1","20.10.2022 06:00 - 20.10.2022 07:00 (CET/CEST)","n/e","n/e","n/e","n/e","n/e","n/e","n/e","n/e","n/e","n/e","n/e","n/e","n/e","3383","n/e","n/e","25","n/e","0","n/e","n/e","620"
"BZN|SE1","20.10.2022 07:00 - 20.10.2022 08:00 (CET/CEST)","n/e","n/e","n/e","n/e","n/e","n/e","n/e","n/e","n/e","n/e","n/e","n/e","n/e","3502","n/e","n/e","30","n/e","0","n/e","n/e","449"
"BZN|SE1","20.10.2022 08:00 - 20.10.2022 09:00 (CET/CEST)","n/e","n/e","n/e","n/e","n/e","n/e","n/e","n/e","n/e","n/e","n/e","n/e","n/e","3797","n/e","n/e","30","n/e","0","n/e","n/e","295"
"BZN|SE1","20.10.2022 09:00 - 20.10.2022 10:00 (CET/CEST)","n/e","n/e","n/e","n/e","n/e","n/e","n/e","n/e","n/e","n/e","n/e","n/e","n/e","3860","n/e","n/e","30","n/e","0","n/e","n/e","212"
"BZN|SE1","20.10.2022 10:00 - 20.10.2022 11:00 (CET/CEST)","n/e","n/e","n/e","n/e","n/e","n/e","n/e","n/e","n/e","n/e","n/e","n/e","n/e","3907","n/e","n/e","30","n/e","0","n/e","n/e","168"
"BZN|SE1","20.10.2022 11:00 - 20.10.2022 12:00 (CET/CEST)","n/e","n/e","n/e","n/e","n/e","n/e","n/e","n/e","n/e","n/e","n/e","n/e","n/e","3914","n/e","n/e","24","n/e","0","n/e","n/e","111"
"BZN|SE1","20.10.2022 12:00 - 20.10.2022 13:00 (CET/CEST)","n/e","n/e","n/e","n/e","n/e","n/e","n/e","n/e","n/e","n/e","n/e","n/e","n/e","3918","n/e","n/e","24","n/e","0","n/e","n/e","81"
"BZN|SE1","20.10.2022 13:00 - 20.10.2022 14:00 (CET/CEST)","n/e","n/e","n/e","n/e","n/e","n/e","n/e","n/e","n/e","n/e","n/e","n/e","n/e","3913","n/e","n/e","24","n/e","0","n/e","n/e","95"
"BZN|SE1","20.10.2022 14:00 - 20.10.2022 15:00 (CET/CEST)","n/e","n/e","n/e","n/e","n/e","n/e","n/e","n/e","n/e","n/e","n/e","n/e","n/e","3925","n/e","n/e","24","n/e","0","n/e","n/e","86"
"BZN|SE1","20.10.2022 15:00 - 20.10.2022 16:00 (CET/CEST)","n/e","n/e","n/e","n/e","n/e","n/e","n/e","n/e","n/e","n/e","n/e","n/e","n/e","3906","n/e","n/e","24","n/e","0","n/e","n/e","144"
"BZN|SE1","20.10.2022 16:00 - 20.10.2022 17:00 (CET/CEST)","n/e","n/e","n/e","n/e","n/e","n/e","n/e","n/e","n/e","n/e","n/e","n/e","n/e","3920","n/e","n/e","24","n/e","0","n/e","n/e","259"
"BZN|SE1","20.10.2022 17:00 - 20.10.2022 18:00 (CET/CEST)","n/e","n/e","n/e","n/e","n/e","n/e","n/e","n/e","n/e","n/e","n/e","n/e","n/e","3913","n/e","n/e","24","n/e","0","n/e","n/e","344"
"BZN|SE1","20.10.2022 18:00 - 20.10.2022 19:00 (CET/CEST)","n/e","n/e","n/e","n/e","n/e","n/e","n/e","n/e","n/e","n/e","n/e","n/e","n/e","3893","n/e","n/e","24","n/e","0","n/e","n/e","385"
"BZN|SE1","20.10.2022 19:00 - 20.10.2022 20:00 (CET/CEST)","n/e","n/e","n/e","n/e","n/e","n/e","n/e","n/e","n/e","n/e","n/e","n/e","n/e","3776","n/e","n/e","24","n/e","0","n/e","n/e","405"
"BZN|SE1","20.10.2022 20:00 - 20.10.2022 21:00 (CET/CEST)","n/e","n/e","n/e","n/e","n/e","n/e","n/e","n/e","n/e","n/e","n/e","n/e","n/e","3799","n/e","n/e","24","n/e","0","n/e","n/e","330"
"BZN|SE1","20.10.2022 21:00 - 20.10.2022 22:00 (CET/CEST)","n/e","n/e","n/e","n/e","n/e","n/e","n/e","n/e","n/e","n/e","n/e","n/e","n/e","3765","n/e","n/e","20","n/e","0","n/e","n/e","322"
"BZN|SE1","20.10.2022 22:00 - 20.10.2022 23:00 (CET/CEST)","n/e","n/e","n/e","n/e","n/e","n/e","n/e","n/e","n/e","n/e","n/e","n/e","n/e","3765","n/e","n/e","21","n/e","0","n/e","n/e","346"
"BZN|SE1","20.10.2022 23:00 - 21.10.2022 00:00 (CET/CEST)","n/e","n/e","n/e","n/e","n/e","n/e","n/e","n/e","n/e","n/e","n/e","n/e","n/e","3682","n/e","n/e","21","n/e","0","n/e","n/e","369"
"BZN|SE1","21.10.2022 00:00 - 21.10.2022 01:00 (CET/CEST)","n/e","n/e","n/e","n/e","n/e","n/e","n/e","n/e","n/e","n/e","n/e","n/e","n/e","3405","n/e","n/e","19","n/e","0","n/e","n/e","306"
"BZN|SE1","21.10.2022 01:00 - 21.10.2022 02:00 (CET/CEST)","n/e","n/e","n/e","n/e","n/e","n/e","n/e","n/e","n/e","n/e","n/e","n/e","n/e","3332","n/e","n/e","19","n/e","0","n/e","n/e","268"
"BZN|SE1","21.10.2022 02:00 - 21.10.2022 03:00 (CET/CEST)","n/e","n/e","n/e","n/e","n/e","n/e","n/e","n/e","n/e","n/e","n/e","n/e","n/e","3331","n/e","n/e","19","n/e","0","n/e","n/e","279"
"BZN|SE1","21.10.2022 03:00 - 21.10.2022 04:00 (CET/CEST)","n/e","n/e","n/e","n/e","n/e","n/e","n/e","n/e","n/e","n/e","n/e","n/e","n/e","3330","n/e","n/e","21","n/e","0","n/e","n/e","268"
"BZN|SE1","21.10.2022 04:00 - 21.10.2022 05:00 (CET/CEST)","n/e","n/e","n/e","n/e","n/e","n/e","n/e","n/e","n/e","n/e","n/e","n/e","n/e","3385","n/e","n/e","26","n/e","0","n/e","n/e","304"
"BZN|SE1","21.10.2022 05:00 - 21.10.2022 06:00 (CET/CEST)","n/e","n/e","n/e","n/e","n/e","n/e","n/e","n/e","n/e","n/e","n/e","n/e","n/e","3702","n/e","n/e","31","n/e","0","n/e","n/e","308"
"BZN|SE1","21.10.2022 06:00 - 21.10.2022 07:00 (CET/CEST)","n/e","n/e","n/e","n/e","n/e","n/e","n/e","n/e","n/e","n/e","n/e","n/e","n/e","3839","n/e","n/e","36","n/e","0","n/e","n/e","271"
"BZN|SE1","21.10.2022 07:00 - 21.10.2022 08:00 (CET/CEST)","n/e","n/e","n/e","n/e","n/e","n/e","n/e","n/e","n/e","n/e","n/e","n/e","n/e","3825","n/e","n/e","36","n/e","0","n/e","n/e","260"
"BZN|SE1","21.10.2022 08:00 - 21.10.2022 09:00 (CET/CEST)","n/e","n/e","n/e","n/e","n/e","n/e","n/e","n/e","n/e","n/e","n/e","n/e","n/e","3856","n/e","n/e","36","n/e","0","n/e","n/e","214"
"BZN|SE1","21.10.2022 09:00 - 21.10.2022 10:00 (CET/CEST)","n/e","n/e","n/e","n/e","n/e","n/e","n/e","n/e","n/e","n/e","n/e","n/e","n/e","3931","n/e","n/e","36","n/e","0","n/e","n/e","169"
"BZN|SE1","21.10.2022 10:00 - 21.10.2022 11:00 (CET/CEST)","n/e","n/e","n/e","n/e","n/e","n/e","n/e","n/e","n/e","n/e","n/e","n/e","n/e","3946","n/e","n/e","33","n/e","0","n/e","n/e","123"
"BZN|SE1","21.10.2022 11:00 - 21.10.2022 12:00 (CET/CEST)","n/e","n/e","n/e","n/e","n/e","n/e","n/e","n/e","n/e","n/e","n/e","n/e","n/e","3959","n/e","n/e","33","n/e","0","n/e","n/e","95"
"BZN|SE1","21.10.2022 12:00 - 21.10.2022 13:00 (CET/CEST)","n/e","n/e","n/e","n/e","n/e","n/e","n/e","n/e","n/e","n/e","n/e","n/e","n/e","3957","n/e","n/e","32","n/e","0","n/e","n/e","100"
"BZN|SE1","21.10.2022 13:00 - 21.10.2022 14:00 (CET/CEST)","n/e","n/e","n/e","n/e","n/e","n/e","n/e","n/e","n/e","n/e","n/e","n/e","n/e","3925","n/e","n/e","33","n/e","0","n/e","n/e","93"
"BZN|SE1","21.10.2022 14:00 - 21.10.2022 15:00 (CET/CEST)","n/e","n/e","n/e","n/e","n/e","n/e","n/e","n/e","n/e","n/e","n/e","n/e","n/e","3921","n/e","n/e","33","n/e","0","n/e","n/e","108"
"BZN|SE1","21.10.2022 15:00 - 21.10.2022 16:00 (CET/CEST)","n/e","n/e","n/e","n/e","n/e","n/e","n/e","n/e","n/e","n/e","n/e","n/e","n/e","3921","n/e","n/e","33","n/e","0","n/e","n/e","127"
"BZN|SE1","21.10.2022 16:00 - 21.10.2022 17:00 (CET/CEST)","n/e","n/e","n/e","n/e","n/e","n/e","n/e","n/e","n/e","n/e","n/e","n/e","n/e","3924","n/e","n/e","33","n/e","0","n/e","n/e","149"
"BZN|SE1","21.10.2022 17:00 - 21.10.2022 18:00 (CET/CEST)","n/e","n/e","n/e","n/e","n/e","n/e","n/e","n/e","n/e","n/e","n/e","n/e","n/e","3906","n/e","n/e","22","n/e","0","n/e","n/e","203"
"BZN|SE1","21.10.2022 18:00 - 21.10.2022 19:00 (CET/CEST)","n/e","n/e","n/e","n/e","n/e","n/e","n/e","n/e","n/e","n/e","n/e","n/e","n/e","3922","n/e","n/e","20","n/e","0","n/e","n/e","237"
"BZN|SE1","21.10.2022 19:00 - 21.10.2022 20:00 (CET/CEST)","n/e","n/e","n/e","n/e","n/e","n/e","n/e","n/e","n/e","n/e","n/e","n/e","n/e","3925","n/e","n/e","20","n/e","0","n/e","n/e","255"
"BZN|SE1","21.10.2022 20:00 - 21.10.2022 21:00 (CET/CEST)","n/e","n/e","n/e","n/e","n/e","n/e","n/e","n/e","n/e","n/e","n/e","n/e","n/e","3847","n/e","n/e","20","n/e","0","n/e","n/e","318"
"BZN|SE1","21.10.2022 21:00 - 21.10.2022 22:00 (CET/CEST)","n/e","n/e","n/e","n/e","n/e","n/e","n/e","n/e","n/e","n/e","n/e","n/e","n/e","3744","n/e","n/e","20","n/e","0","n/e","n/e","357"
"BZN|SE1","21.10.2022 22:00 - 21.10.2022 23:00 (CET/CEST)","n/e","n/e","n/e","n/e","n/e","n/e","n/e","n/e","n/e","n/e","n/e","n/e","n/e","3428","n/e","n/e","17","n/e","0","n/e","n/e","378"
"BZN|SE1","21.10.2022 23:00 - 22.10.2022 00:00 (CET/CEST)","n/e","n/e","n/e","n/e","n/e","n/e","n/e","n/e","n/e","n/e","n/e","n/e","n/e","3276","n/e","n/e","17","n/e","0","n/e","n/e","412"
"BZN|SE1","22.10.2022 00:00 - 22.10.2022 01:00 (CET/CEST)","n/e","n/e","n/e","n/e","n/e","n/e","n/e","n/e","n/e","n/e","n/e","n/e","n/e","3370","n/e","n/e","18","n/e","0","n/e","n/e","454"
"BZN|SE1","22.10.2022 01:00 - 22.10.2022 02:00 (CET/CEST)","n/e","n/e","n/e","n/e","n/e","n/e","n/e","n/e","n/e","n/e","n/e","n/e","n/e","3327","n/e","n/e","19","n/e","0","n/e","n/e","515"
"BZN|SE1","22.10.2022 02:00 - 22.10.2022 03:00 (CET/CEST)","n/e","n/e","n/e","n/e","n/e","n/e","n/e","n/e","n/e","n/e","n/e","n/e","n/e","3304","n/e","n/e","19","n/e","0","n/e","n/e","632"
"BZN|SE1","22.10.2022 03:00 - 22.10.2022 04:00 (CET/CEST)","n/e","n/e","n/e","n/e","n/e","n/e","n/e","n/e","n/e","n/e","n/e","n/e","n/e","3291","n/e","n/e","19","n/e","0","n/e","n/e","695"
"BZN|SE1","22.10.2022 04:00 - 22.10.2022 05:00 (CET/CEST)","n/e","n/e","n/e","n/e","n/e","n/e","n/e","n/e","n/e","n/e","n/e","n/e","n/e","3282","n/e","n/e","22","n/e","0","n/e","n/e","822"
"BZN|SE1","22.10.2022 05:00 - 22.10.2022 06:00 (CET/CEST)","n/e","n/e","n/e","n/e","n/e","n/e","n/e","n/e","n/e","n/e","n/e","n/e","n/e","3319","n/e","n/e","23","n/e","0","n/e","n/e","938"
"BZN|SE1","22.10.2022 06:00 - 22.10.2022 07:00 (CET/CEST)","n/e","n/e","n/e","n/e","n/e","n/e","n/e","n/e","n/e","n/e","n/e","n/e","n/e","3491","n/e","n/e","22","n/e","0","n/e","n/e","958"
"BZN|SE1","22.10.2022 07:00 - 22.10.2022 08:00 (CET/CEST)","n/e","n/e","n/e","n/e","n/e","n/e","n/e","n/e","n/e","n/e","n/e","n/e","n/e","3594","n/e","n/e","23","n/e","0","n/e","n/e","989"
"BZN|SE1","22.10.2022 08:00 - 22.10.2022 09:00 (CET/CEST)","n/e","n/e","n/e","n/e","n/e","n/e","n/e","n/e","n/e","n/e","n/e","n/e","n/e","3564","n/e","n/e","23","n/e","0","n/e","n/e","1013"
"BZN|SE1","22.10.2022 09:00 - 22.10.2022 10:00 (CET/CEST)","n/e","n/e","n/e","n/e","n/e","n/e","n/e","n/e","n/e","n/e","n/e","n/e","n/e","3560","n/e","n/e","22","n/e","0","n/e","n/e","1120"
"BZN|SE1","22.10.2022 10:00 - 22.10.2022 11:00 (CET/CEST)","n/e","n/e","n/e","n/e","n/e","n/e","n/e","n/e","n/e","n/e","n/e","n/e","n/e","3458","n/e","n/e","23","n/e","0","n/e","n/e","1233"
"BZN|SE1","22.10.2022 11:00 - 22.10.2022 12:00 (CET/CEST)","n/e","n/e","n/e","n/e","n/e","n/e","n/e","n/e","n/e","n/e","n/e","n/e","n/e","3463","n/e","n/e","23","n/e","0","n/e","n/e","1173"
"BZN|SE1","22.10.2022 12:00 - 22.10.2022 13:00 (CET/CEST)","n/e","n/e","n/e","n/e","n/e","n/e","n/e","n/e","n/e","n/e","n/e","n/e","n/e","3485","n/e","n/e","22","n/e","0","n/e","n/e","1076"
"BZN|SE1","22.10.2022 13:00 - 22.10.2022 14:00 (CET/CEST)","n/e","n/e","n/e","n/e","n/e","n/e","n/e","n/e","n/e","n/e","n/e","n/e","n/e","3512","n/e","n/e","21","n/e","0","n/e","n/e","1075"
"BZN|SE1","22.10.2022 14:00 - 22.10.2022 15:00 (CET/CEST)","n/e","n/e","n/e","n/e","n/e","n/e","n/e","n/e","n/e","n/e","n/e","n/e","n/e","3440","n/e","n/e","21","n/e","0","n/e","n/e","1194"
"BZN|SE1","22.10.2022 15:00 - 22.10.2022 16:00 (CET/CEST)","n/e","n/e","n/e","n/e","n/e","n/e","n/e","n/e","n/e","n/e","n/e","n/e","n/e","3241","n/e","n/e","18","n/e","0","n/e","n/e","1281"
"BZN|SE1","22.10.2022 16:00 - 22.10.2022 17:00 (CET/CEST)","n/e","n/e","n/e","n/e","n/e","n/e","n/e","n/e","n/e","n/e","n/e","n/e","n/e","3049","n/e","n/e","18","n/e","0","n/e","n/e","1409"
"BZN|SE1","22.10.2022 17:00 - 22.10.2022 18:00 (CET/CEST)","n/e","n/e","n/e","n/e","n/e","n/e","n/e","n/e","n/e","n/e","n/e","n/e","n/e","3028","n/e","n/e","17","n/e","0","n/e","n/e","1562"
"BZN|SE1","22.10.2022 18:00 - 22.10.2022 19:00 (CET/CEST)","n/e","n/e","n/e","n/e","n/e","n/e","n/e","n/e","n/e","n/e","n/e","n/e","n/e","2950","n/e","n/e","18","n/e","0","n/e","n/e","1619"
"BZN|SE1","22.10.2022 19:00 - 22.10.2022 20:00 (CET/CEST)","n/e","n/e","n/e","n/e","n/e","n/e","n/e","n/e","n/e","n/e","n/e","n/e","n/e","2927","n/e","n/e","19","n/e","0","n/e","n/e","1569"
"BZN|SE1","22.10.2022 20:00 - 22.10.2022 21:00 (CET/CEST)","n/e","n/e","n/e","n/e","n/e","n/e","n/e","n/e","n/e","n/e","n/e","n/e","n/e","2944","n/e","n/e","18","n/e","0","n/e","n/e","1481"
"BZN|SE1","22.10.2022 21:00 - 22.10.2022 22:00 (CET/CEST)","n/e","n/e","n/e","n/e","n/e","n/e","n/e","n/e","n/e","n/e","n/e","n/e","n/e","2964","n/e","n/e","18","n/e","0","n/e","n/e","1426"
"BZN|SE1","22.10.2022 22:00 - 22.10.2022 23:00 (CET/CEST)","n/e","n/e","n/e","n/e","n/e","n/e","n/e","n/e","n/e","n/e","n/e","n/e","n/e","2870","n/e","n/e","18","n/e","0","n/e","n/e","1406"
"BZN|SE1","22.10.2022 23:00 - 23.10.2022 00:00 (CET/CEST)","n/e","n/e","n/e","n/e","n/e","n/e","n/e","n/e","n/e","n/e","n/e","n/e","n/e","2848","n/e","n/e","18","n/e","0","n/e","n/e","1461"
"BZN|SE1","23.10.2022 00:00 - 23.10.2022 01:00 (CET/CEST)","n/e","n/e","n/e","n/e","n/e","n/e","n/e","n/e","n/e","n/e","n/e","n/e","n/e","2962","n/e","n/e","17","n/e","0","n/e","n/e","1473"
"BZN|SE1","23.10.2022 01:00 - 23.10.2022 02:00 (CET/CEST)","n/e","n/e","n/e","n/e","n/e","n/e","n/e","n/e","n/e","n/e","n/e","n/e","n/e","2938","n/e","n/e","18","n/e","0","n/e","n/e","1679"
"BZN|SE1","23.10.2022 02:00 - 23.10.2022 03:00 (CET/CEST)","n/e","n/e","n/e","n/e","n/e","n/e","n/e","n/e","n/e","n/e","n/e","n/e","n/e","2877","n/e","n/e","17","n/e","0","n/e","n/e","1711"
"BZN|SE1","23.10.2022 03:00 - 23.10.2022 04:00 (CET/CEST)","n/e","n/e","n/e","n/e","n/e","n/e","n/e","n/e","n/e","n/e","n/e","n/e","n/e","2885","n/e","n/e","18","n/e","0","n/e","n/e","1730"
"BZN|SE1","23.10.2022 04:00 - 23.10.2022 05:00 (CET/CEST)","n/e","n/e","n/e","n/e","n/e","n/e","n/e","n/e","n/e","n/e","n/e","n/e","n/e","2811","n/e","n/e","17","n/e","0","n/e","n/e","1749"
"BZN|SE1","23.10.2022 05:00 - 23.10.2022 06:00 (CET/CEST)","n/e","n/e","n/e","n/e","n/e","n/e","n/e","n/e","n/e","n/e","n/e","n/e","n/e","2801","n/e","n/e","18","n/e","0","n/e","n/e","1767"
"BZN|SE1","23.10.2022 06:00 - 23.10.2022 07:00 (CET/CEST)","n/e","n/e","n/e","n/e","n/e","n/e","n/e","n/e","n/e","n/e","n/e","n/e","n/e","2842","n/e","n/e","17","n/e","0","n/e","n/e","1736"
"BZN|SE1","23.10.2022 07:00 - 23.10.2022 08:00 (CET/CEST)","n/e","n/e","n/e","n/e","n/e","n/e","n/e","n/e","n/e","n/e","n/e","n/e","n/e","2864","n/e","n/e","17","n/e","0","n/e","n/e","1757"
"BZN|SE1","23.10.2022 08:00 - 23.10.2022 09:00 (CET/CEST)","n/e","n/e","n/e","n/e","n/e","n/e","n/e","n/e","n/e","n/e","n/e","n/e","n/e","2938","n/e","n/e","18","n/e","0","n/e","n/e","1690"
"BZN|SE1","23.10.2022 09:00 - 23.10.2022 10:00 (CET/CEST)","n/e","n/e","n/e","n/e","n/e","n/e","n/e","n/e","n/e","n/e","n/e","n/e","n/e","3016","n/e","n/e","17","n/e","0","n/e","n/e","1656"
"BZN|SE1","23.10.2022 10:00 - 23.10.2022 11:00 (CET/CEST)","n/e","n/e","n/e","n/e","n/e","n/e","n/e","n/e","n/e","n/e","n/e","n/e","n/e","3091","n/e","n/e","18","n/e","1","n/e","n/e","1530"
"BZN|SE1","23.10.2022 11:00 - 23.10.2022 12:00 (CET/CEST)","n/e","n/e","n/e","n/e","n/e","n/e","n/e","n/e","n/e","n/e","n/e","n/e","n/e","3188","n/e","n/e","18","n/e","1","n/e","n/e","1407"
"BZN|SE1","23.10.2022 12:00 - 23.10.2022 13:00 (CET/CEST)","n/e","n/e","n/e","n/e","n/e","n/e","n/e","n/e","n/e","n/e","n/e","n/e","n/e","3244","n/e","n/e","17","n/e","1","n/e","n/e","1402"
"BZN|SE1","23.10.2022 13:00 - 23.10.2022 14:00 (CET/CEST)","n/e","n/e","n/e","n/e","n/e","n/e","n/e","n/e","n/e","n/e","n/e","n/e","n/e","3191","n/e","n/e","18","n/e","1","n/e","n/e","1400"
"BZN|SE1","23.10.2022 14:00 - 23.10.2022 15:00 (CET/CEST)","n/e","n/e","n/e","n/e","n/e","n/e","n/e","n/e","n/e","n/e","n/e","n/e","n/e","3190","n/e","n/e","18","n/e","0","n/e","n/e","1426"
"BZN|SE1","23.10.2022 15:00 - 23.10.2022 16:00 (CET/CEST)","n/e","n/e","n/e","n/e","n/e","n/e","n/e","n/e","n/e","n/e","n/e","n/e","n/e","3150","n/e","n/e","17","n/e","0","n/e","n/e","1474"
"BZN|SE1","23.10.2022 16:00 - 23.10.2022 17:00 (CET/CEST)","n/e","n/e","n/e","n/e","n/e","n/e","n/e","n/e","n/e","n/e","n/e","n/e","n/e","3152","n/e","n/e","17","n/e","0","n/e","n/e","1459"
"BZN|SE1","23.10.2022 17:00 - 23.10.2022 18:00 (CET/CEST)","n/e","n/e","n/e","n/e","n/e","n/e","n/e","n/e","n/e","n/e","n/e","n/e","n/e","3205","n/e","n/e","16","n/e","0","n/e","n/e","1382"
"BZN|SE1","23.10.2022 18:00 - 23.10.2022 19:00 (CET/CEST)","n/e","n/e","n/e","n/e","n/e","n/e","n/e","n/e","n/e","n/e","n/e","n/e","n/e","3189","n/e","n/e","17","n/e","0","n/e","n/e","1400"
"BZN|SE1","23.10.2022 19:00 - 23.10.2022 20:00 (CET/CEST)","n/e","n/e","n/e","n/e","n/e","n/e","n/e","n/e","n/e","n/e","n/e","n/e","n/e","3188","n/e","n/e","17","n/e","0","n/e","n/e","1397"
"BZN|SE1","23.10.2022 20:00 - 23.10.2022 21:00 (CET/CEST)","n/e","n/e","n/e","n/e","n/e","n/e","n/e","n/e","n/e","n/e","n/e","n/e","n/e","3180","n/e","n/e","17","n/e","0","n/e","n/e","1437"
"BZN|SE1","23.10.2022 21:00 - 23.10.2022 22:00 (CET/CEST)","n/e","n/e","n/e","n/e","n/e","n/e","n/e","n/e","n/e","n/e","n/e","n/e","n/e","3272","n/e","n/e","17","n/e","0","n/e","n/e","1384"
"BZN|SE1","23.10.2022 22:00 - 23.10.2022 23:00 (CET/CEST)","n/e","n/e","n/e","n/e","n/e","n/e","n/e","n/e","n/e","n/e","n/e","n/e","n/e","3270","n/e","n/e","17","n/e","0","n/e","n/e","1309"
"BZN|SE1","23.10.2022 23:00 - 24.10.2022 00:00 (CET/CEST)","n/e","n/e","n/e","n/e","n/e","n/e","n/e","n/e","n/e","n/e","n/e","n/e","n/e","3261","n/e","n/e","17","n/e","0","n/e","n/e","1223"
"BZN|SE1","24.10.2022 00:00 - 24.10.2022 01:00 (CET/CEST)","n/e","n/e","n/e","n/e","n/e","n/e","n/e","n/e","n/e","n/e","n/e","n/e","n/e","3152","n/e","n/e","15","n/e","0","n/e","n/e","1042"
"BZN|SE1","24.10.2022 01:00 - 24.10.2022 02:00 (CET/CEST)","n/e","n/e","n/e","n/e","n/e","n/e","n/e","n/e","n/e","n/e","n/e","n/e","n/e","3038","n/e","n/e","16","n/e","0","n/e","n/e","925"
"BZN|SE1","24.10.2022 02:00 - 24.10.2022 03:00 (CET/CEST)","n/e","n/e","n/e","n/e","n/e","n/e","n/e","n/e","n/e","n/e","n/e","n/e","n/e","2987","n/e","n/e","15","n/e","0","n/e","n/e","799"
"BZN|SE1","24.10.2022 03:00 - 24.10.2022 04:00 (CET/CEST)","n/e","n/e","n/e","n/e","n/e","n/e","n/e","n/e","n/e","n/e","n/e","n/e","n/e","2925","n/e","n/e","20","n/e","0","n/e","n/e","658"
"BZN|SE1","24.10.2022 04:00 - 24.10.2022 05:00 (CET/CEST)","n/e","n/e","n/e","n/e","n/e","n/e","n/e","n/e","n/e","n/e","n/e","n/e","n/e","3099","n/e","n/e","24","n/e","0","n/e","n/e","491"
"BZN|SE1","24.10.2022 05:00 - 24.10.2022 06:00 (CET/CEST)","n/e","n/e","n/e","n/e","n/e","n/e","n/e","n/e","n/e","n/e","n/e","n/e","n/e","3254","n/e","n/e","27","n/e","0","n/e","n/e","408"
"BZN|SE1","24.10.2022 06:00 - 24.10.2022 07:00 (CET/CEST)","n/e","n/e","n/e","n/e","n/e","n/e","n/e","n/e","n/e","n/e","n/e","n/e","n/e","3571","n/e","n/e","27","n/e","0","n/e","n/e","285"
"BZN|SE1","24.10.2022 07:00 - 24.10.2022 08:00 (CET/CEST)","n/e","n/e","n/e","n/e","n/e","n/e","n/e","n/e","n/e","n/e","n/e","n/e","n/e","3880","n/e","n/e","27","n/e","0","n/e","n/e","185"
"BZN|SE1","24.10.2022 08:00 - 24.10.2022 09:00 (CET/CEST)","n/e","n/e","n/e","n/e","n/e","n/e","n/e","n/e","n/e","n/e","n/e","n/e","n/e","3840","n/e","n/e","27","n/e","0","n/e","n/e","115"
"BZN|SE1","24.10.2022 09:00 - 24.10.2022 10:00 (CET/CEST)","n/e","n/e","n/e","n/e","n/e","n/e","n/e","n/e","n/e","n/e","n/e","n/e","n/e","3892","n/e","n/e","27","n/e","0","n/e","n/e","74"
"BZN|SE1","24.10.2022 10:00 - 24.10.2022 11:00 (CET/CEST)","n/e","n/e","n/e","n/e","n/e","n/e","n/e","n/e","n/e","n/e","n/e","n/e","n/e","3853","n/e","n/e","28","n/e","0","n/e","n/e","49"
"BZN|SE1","24.10.2022 11:00 - 24.10.2022 12:00 (CET/CEST)","n/e","n/e","n/e","n/e","n/e","n/e","n/e","n/e","n/e","n/e","n/e","n/e","n/e","3542","n/e","n/e","28","n/e","1","n/e","n/e","25"
"BZN|SE1","24.10.2022 12:00 - 24.10.2022 13:00 (CET/CEST)","n/e","n/e","n/e","n/e","n/e","n/e","n/e","n/e","n/e","n/e","n/e","n/e","n/e","3476","n/e","n/e","27","n/e","1","n/e","n/e","21"
"BZN|SE1","24.10.2022 13:00 - 24.10.2022 14:00 (CET/CEST)","n/e","n/e","n/e","n/e","n/e","n/e","n/e","n/e","n/e","n/e","n/e","n/e","n/e","3490","n/e","n/e","29","n/e","1","n/e","n/e","24"
"BZN|SE1","24.10.2022 14:00 - 24.10.2022 15:00 (CET/CEST)","n/e","n/e","n/e","n/e","n/e","n/e","n/e","n/e","n/e","n/e","n/e","n/e","n/e","3531","n/e","n/e","29","n/e","0","n/e","n/e","28"
"BZN|SE1","24.10.2022 15:00 - 24.10.2022 16:00 (CET/CEST)","n/e","n/e","n/e","n/e","n/e","n/e","n/e","n/e","n/e","n/e","n/e","n/e","n/e","3330","n/e","n/e","29","n/e","0","n/e","n/e","34"
"BZN|SE1","24.10.2022 16:00 - 24.10.2022 17:00 (CET/CEST)","n/e","n/e","n/e","n/e","n/e","n/e","n/e","n/e","n/e","n/e","n/e","n/e","n/e","3546","n/e","n/e","29","n/e","0","n/e","n/e","44"
"BZN|SE1","24.10.2022 17:00 - 24.10.2022 18:00 (CET/CEST)","n/e","n/e","n/e","n/e","n/e","n/e","n/e","n/e","n/e","n/e","n/e","n/e","n/e","3581","n/e","n/e","28","n/e","0","n/e","n/e","69"
"BZN|SE1","24.10.2022 18:00 - 24.10.2022 19:00 (CET/CEST)","n/e","n/e","n/e","n/e","n/e","n/e","n/e","n/e","n/e","n/e","n/e","n/e","n/e","3511","n/e","n/e","29","n/e","0","n/e","n/e","88"
"BZN|SE1","24.10.2022 19:00 - 24.10.2022 20:00 (CET/CEST)","n/e","n/e","n/e","n/e","n/e","n/e","n/e","n/e","n/e","n/e","n/e","n/e","n/e","3278","n/e","n/e","26","n/e","0","n/e","n/e","106"
"BZN|SE1","24.10.2022 20:00 - 24.10.2022 21:00 (CET/CEST)","n/e","n/e","n/e","n/e","n/e","n/e","n/e","n/e","n/e","n/e","n/e","n/e","n/e","3328","n/e","n/e","26","n/e","0","n/e","n/e","113"
"BZN|SE1","24.10.2022 21:00 - 24.10.2022 22:00 (CET/CEST)","n/e","n/e","n/e","n/e","n/e","n/e","n/e","n/e","n/e","n/e","n/e","n/e","n/e","3137","n/e","n/e","22","n/e","0","n/e","n/e","132"
"BZN|SE1","24.10.2022 22:00 - 24.10.2022 23:00 (CET/CEST)","n/e","n/e","n/e","n/e","n/e","n/e","n/e","n/e","n/e","n/e","n/e","n/e","n/e","2894","n/e","n/e","18","n/e","0","n/e","n/e","144"
"BZN|SE1","24.10.2022 23:00 - 25.10.2022 00:00 (CET/CEST)","n/e","n/e","n/e","n/e","n/e","n/e","n/e","n/e","n/e","n/e","n/e","n/e","n/e","2797","n/e","n/e","18","n/e","0","n/e","n/e","162"
"BZN|SE1","25.10.2022 00:00 - 25.10.2022 01:00 (CET/CEST)","n/e","n/e","n/e","n/e","n/e","n/e","n/e","n/e","n/e","n/e","n/e","n/e","n/e","2717","n/e","n/e","21","n/e","0","n/e","n/e","206"
"BZN|SE1","25.10.2022 01:00 - 25.10.2022 02:00 (CET/CEST)","n/e","n/e","n/e","n/e","n/e","n/e","n/e","n/e","n/e","n/e","n/e","n/e","n/e","2716","n/e","n/e","21","n/e","0","n/e","n/e","238"
"BZN|SE1","25.10.2022 02:00 - 25.10.2022 03:00 (CET/CEST)","n/e","n/e","n/e","n/e","n/e","n/e","n/e","n/e","n/e","n/e","n/e","n/e","n/e","2610","n/e","n/e","21","n/e","0","n/e","n/e","283"
"BZN|SE1","25.10.2022 03:00 - 25.10.2022 04:00 (CET/CEST)","n/e","n/e","n/e","n/e","n/e","n/e","n/e","n/e","n/e","n/e","n/e","n/e","n/e","2620","n/e","n/e","21","n/e","0","n/e","n/e","352"
"BZN|SE1","25.10.2022 04:00 - 25.10.2022 05:00 (CET/CEST)","n/e","n/e","n/e","n/e","n/e","n/e","n/e","n/e","n/e","n/e","n/e","n/e","n/e","2629","n/e","n/e","21","n/e","0","n/e","n/e","425"
"BZN|SE1","25.10.2022 05:00 - 25.10.2022 06:00 (CET/CEST)","n/e","n/e","n/e","n/e","n/e","n/e","n/e","n/e","n/e","n/e","n/e","n/e","n/e","2834","n/e","n/e","21","n/e","0","n/e","n/e","495"
"BZN|SE1","25.10.2022 06:00 - 25.10.2022 07:00 (CET/CEST)","n/e","n/e","n/e","n/e","n/e","n/e","n/e","n/e","n/e","n/e","n/e","n/e","n/e","2988","n/e","n/e","20","n/e","0","n/e","n/e","556"
"BZN|SE1","25.10.2022 07:00 - 25.10.2022 08:00 (CET/CEST)","n/e","n/e","n/e","n/e","n/e","n/e","n/e","n/e","n/e","n/e","n/e","n/e","n/e","3051","n/e","n/e","24","n/e","0","n/e","n/e","609"
"BZN|SE1","25.10.2022 08:00 - 25.10.2022 09:00 (CET/CEST)","n/e","n/e","n/e","n/e","n/e","n/e","n/e","n/e","n/e","n/e","n/e","n/e","n/e","3064","n/e","n/e","24","n/e","0","n/e","n/e","617"
"BZN|SE1","25.10.2022 09:00 - 25.10.2022 10:00 (CET/CEST)","n/e","n/e","n/e","n/e","n/e","n/e","n/e","n/e","n/e","n/e","n/e","n/e","n/e","3114","n/e","n/e","24","n/e","0","n/e","n/e","594"
"BZN|SE1","25.10.2022 10:00 - 25.10.2022 11:00 (CET/CEST)","n/e","n/e","n/e","n/e","n/e","n/e","n/e","n/e","n/e","n/e","n/e","n/e","n/e","3178","n/e","n/e","24","n/e","0","n/e","n/e","632"
"BZN|SE1","25.10.2022 11:00 - 25.10.2022 12:00 (CET/CEST)","n/e","n/e","n/e","n/e","n/e","n/e","n/e","n/e","n/e","n/e","n/e","n/e","n/e","3425","n/e","n/e","24","n/e","0","n/e","n/e","571"
"BZN|SE1","25.10.2022 12:00 - 25.10.2022 13:00 (CET/CEST)","n/e","n/e","n/e","n/e","n/e","n/e","n/e","n/e","n/e","n/e","n/e","n/e","n/e","3398","n/e","n/e","23","n/e","0","n/e","n/e","515"
"BZN|SE1","25.10.2022 13:00 - 25.10.2022 14:00 (CET/CEST)","n/e","n/e","n/e","n/e","n/e","n/e","n/e","n/e","n/e","n/e","n/e","n/e","n/e","3424","n/e","n/e","27","n/e","0","n/e","n/e","490"
"BZN|SE1","25.10.2022 14:00 - 25.10.2022 15:00 (CET/CEST)","n/e","n/e","n/e","n/e","n/e","n/e","n/e","n/e","n/e","n/e","n/e","n/e","n/e","3468","n/e","n/e","30","n/e","0","n/e","n/e","489"
"BZN|SE1","25.10.2022 15:00 - 25.10.2022 16:00 (CET/CEST)","n/e","n/e","n/e","n/e","n/e","n/e","n/e","n/e","n/e","n/e","n/e","n/e","n/e","3482","n/e","n/e","29","n/e","0","n/e","n/e","518"
"BZN|SE1","25.10.2022 16:00 - 25.10.2022 17:00 (CET/CEST)","n/e","n/e","n/e","n/e","n/e","n/e","n/e","n/e","n/e","n/e","n/e","n/e","n/e","3543","n/e","n/e","29","n/e","0","n/e","n/e","513"
"BZN|SE1","25.10.2022 17:00 - 25.10.2022 18:00 (CET/CEST)","n/e","n/e","n/e","n/e","n/e","n/e","n/e","n/e","n/e","n/e","n/e","n/e","n/e","3769","n/e","n/e","32","n/e","0","n/e","n/e","542"
"BZN|SE1","25.10.2022 18:00 - 25.10.2022 19:00 (CET/CEST)","n/e","n/e","n/e","n/e","n/e","n/e","n/e","n/e","n/e","n/e","n/e","n/e","n/e","3849","n/e","n/e","33","n/e","0","n/e","n/e","635"
"BZN|SE1","25.10.2022 19:00 - 25.10.2022 20:00 (CET/CEST)","n/e","n/e","n/e","n/e","n/e","n/e","n/e","n/e","n/e","n/e","n/e","n/e","n/e","3859","n/e","n/e","33","n/e","0","n/e","n/e","701"
"BZN|SE1","25.10.2022 20:00 - 25.10.2022 21:00 (CET/CEST)","n/e","n/e","n/e","n/e","n/e","n/e","n/e","n/e","n/e","n/e","n/e","n/e","n/e","3556","n/e","n/e","33","n/e","0","n/e","n/e","580"
"BZN|SE1","25.10.2022 21:00 - 25.10.2022 22:00 (CET/CEST)","n/e","n/e","n/e","n/e","n/e","n/e","n/e","n/e","n/e","n/e","n/e","n/e","n/e","3434","n/e","n/e","29","n/e","0","n/e","n/e","571"
"BZN|SE1","25.10.2022 22:00 - 25.10.2022 23:00 (CET/CEST)","n/e","n/e","n/e","n/e","n/e","n/e","n/e","n/e","n/e","n/e","n/e","n/e","n/e","3292","n/e","n/e","25","n/e","0","n/e","n/e","444"
"BZN|SE1","25.10.2022 23:00 - 26.10.2022 00:00 (CET/CEST)","n/e","n/e","n/e","n/e","n/e","n/e","n/e","n/e","n/e","n/e","n/e","n/e","n/e","3076","n/e","n/e","21","n/e","0","n/e","n/e","392"
"BZN|SE1","26.10.2022 00:00 - 26.10.2022 01:00 (CET/CEST)","n/e","n/e","n/e","n/e","n/e","n/e","n/e","n/e","n/e","n/e","n/e","n/e","n/e","3252","n/e","n/e","20","n/e","0","n/e","n/e","356"
"BZN|SE1","26.10.2022 01:00 - 26.10.2022 02:00 (CET/CEST)","n/e","n/e","n/e","n/e","n/e","n/e","n/e","n/e","n/e","n/e","n/e","n/e","n/e","3265","n/e","n/e","20","n/e","0","n/e","n/e","361"
"BZN|SE1","26.10.2022 02:00 - 26.10.2022 03:00 (CET/CEST)","n/e","n/e","n/e","n/e","n/e","n/e","n/e","n/e","n/e","n/e","n/e","n/e","n/e","3234","n/e","n/e","20","n/e","0","n/e","n/e","346"
"BZN|SE1","26.10.2022 03:00 - 26.10.2022 04:00 (CET/CEST)","n/e","n/e","n/e","n/e","n/e","n/e","n/e","n/e","n/e","n/e","n/e","n/e","n/e","3330","n/e","n/e","20","n/e","0","n/e","n/e","332"
"BZN|SE1","26.10.2022 04:00 - 26.10.2022 05:00 (CET/CEST)","n/e","n/e","n/e","n/e","n/e","n/e","n/e","n/e","n/e","n/e","n/e","n/e","n/e","3377","n/e","n/e","19","n/e","0","n/e","n/e","313"
"BZN|SE1","26.10.2022 05:00 - 26.10.2022 06:00 (CET/CEST)","n/e","n/e","n/e","n/e","n/e","n/e","n/e","n/e","n/e","n/e","n/e","n/e","n/e","3442","n/e","n/e","23","n/e","0","n/e","n/e","314"
"BZN|SE1","26.10.2022 06:00 - 26.10.2022 07:00 (CET/CEST)","n/e","n/e","n/e","n/e","n/e","n/e","n/e","n/e","n/e","n/e","n/e","n/e","n/e","3831","n/e","n/e","25","n/e","0","n/e","n/e","314"
"BZN|SE1","26.10.2022 07:00 - 26.10.2022 08:00 (CET/CEST)","n/e","n/e","n/e","n/e","n/e","n/e","n/e","n/e","n/e","n/e","n/e","n/e","n/e","3837","n/e","n/e","28","n/e","0","n/e","n/e","299"
"BZN|SE1","26.10.2022 08:00 - 26.10.2022 09:00 (CET/CEST)","n/e","n/e","n/e","n/e","n/e","n/e","n/e","n/e","n/e","n/e","n/e","n/e","n/e","3843","n/e","n/e","28","n/e","0","n/e","n/e","311"
"BZN|SE1","26.10.2022 09:00 - 26.10.2022 10:00 (CET/CEST)","n/e","n/e","n/e","n/e","n/e","n/e","n/e","n/e","n/e","n/e","n/e","n/e","n/e","3844","n/e","n/e","28","n/e","0","n/e","n/e","277"
"BZN|SE1","26.10.2022 10:00 - 26.10.2022 11:00 (CET/CEST)","n/e","n/e","n/e","n/e","n/e","n/e","n/e","n/e","n/e","n/e","n/e","n/e","n/e","3806","n/e","n/e","28","n/e","0","n/e","n/e","220"
"BZN|SE1","26.10.2022 11:00 - 26.10.2022 12:00 (CET/CEST)","n/e","n/e","n/e","n/e","n/e","n/e","n/e","n/e","n/e","n/e","n/e","n/e","n/e","3815","n/e","n/e","28","n/e","0","n/e","n/e","162"
"BZN|SE1","26.10.2022 12:00 - 26.10.2022 13:00 (CET/CEST)","n/e","n/e","n/e","n/e","n/e","n/e","n/e","n/e","n/e","n/e","n/e","n/e","n/e","3801","n/e","n/e","28","n/e","0","n/e","n/e","158"
"BZN|SE1","26.10.2022 13:00 - 26.10.2022 14:00 (CET/CEST)","n/e","n/e","n/e","n/e","n/e","n/e","n/e","n/e","n/e","n/e","n/e","n/e","n/e","3801","n/e","n/e","29","n/e","0","n/e","n/e","230"
"BZN|SE1","26.10.2022 14:00 - 26.10.2022 15:00 (CET/CEST)","n/e","n/e","n/e","n/e","n/e","n/e","n/e","n/e","n/e","n/e","n/e","n/e","n/e","3806","n/e","n/e","29","n/e","0","n/e","n/e","266"
"BZN|SE1","26.10.2022 15:00 - 26.10.2022 16:00 (CET/CEST)","n/e","n/e","n/e","n/e","n/e","n/e","n/e","n/e","n/e","n/e","n/e","n/e","n/e","3595","n/e","n/e","28","n/e","0","n/e","n/e","315"
"BZN|SE1","26.10.2022 16:00 - 26.10.2022 17:00 (CET/CEST)","n/e","n/e","n/e","n/e","n/e","n/e","n/e","n/e","n/e","n/e","n/e","n/e","n/e","3573","n/e","n/e","33","n/e","0","n/e","n/e","346"
"BZN|SE1","26.10.2022 17:00 - 26.10.2022 18:00 (CET/CEST)","n/e","n/e","n/e","n/e","n/e","n/e","n/e","n/e","n/e","n/e","n/e","n/e","n/e","3564","n/e","n/e","32","n/e","0","n/e","n/e","398"
"BZN|SE1","26.10.2022 18:00 - 26.10.2022 19:00 (CET/CEST)","n/e","n/e","n/e","n/e","n/e","n/e","n/e","n/e","n/e","n/e","n/e","n/e","n/e","3531","n/e","n/e","33","n/e","0","n/e","n/e","356"
"BZN|SE1","26.10.2022 19:00 - 26.10.2022 20:00 (CET/CEST)","n/e","n/e","n/e","n/e","n/e","n/e","n/e","n/e","n/e","n/e","n/e","n/e","n/e","3488","n/e","n/e","33","n/e","0","n/e","n/e","303"
"BZN|SE1","26.10.2022 20:00 - 26.10.2022 21:00 (CET/CEST)","n/e","n/e","n/e","n/e","n/e","n/e","n/e","n/e","n/e","n/e","n/e","n/e","n/e","3508","n/e","n/e","30","n/e","0","n/e","n/e","266"
"BZN|SE1","26.10.2022 21:00 - 26.10.2022 22:00 (CET/CEST)","n/e","n/e","n/e","n/e","n/e","n/e","n/e","n/e","n/e","n/e","n/e","n/e","n/e","3494","n/e","n/e","26","n/e","0","n/e","n/e","211"
"BZN|SE1","26.10.2022 22:00 - 26.10.2022 23:00 (CET/CEST)","n/e","n/e","n/e","n/e","n/e","n/e","n/e","n/e","n/e","n/e","n/e","n/e","n/e","3390","n/e","n/e","23","n/e","0","n/e","n/e","122"
"BZN|SE1","26.10.2022 23:00 - 27.10.2022 00:00 (CET/CEST)","n/e","n/e","n/e","n/e","n/e","n/e","n/e","n/e","n/e","n/e","n/e","n/e","n/e","3152","n/e","n/e","23","n/e","0","n/e","n/e","104"
"BZN|SE1","27.10.2022 00:00 - 27.10.2022 01:00 (CET/CEST)","n/e","n/e","n/e","n/e","n/e","n/e","n/e","n/e","n/e","n/e","n/e","n/e","n/e","3228","n/e","n/e","24","n/e","0","n/e","n/e","79"
"BZN|SE1","27.10.2022 01:00 - 27.10.2022 02:00 (CET/CEST)","n/e","n/e","n/e","n/e","n/e","n/e","n/e","n/e","n/e","n/e","n/e","n/e","n/e","3144","n/e","n/e","24","n/e","0","n/e","n/e","75"
"BZN|SE1","27.10.2022 02:00 - 27.10.2022 03:00 (CET/CEST)","n/e","n/e","n/e","n/e","n/e","n/e","n/e","n/e","n/e","n/e","n/e","n/e","n/e","3051","n/e","n/e","23","n/e","0","n/e","n/e","86"
"BZN|SE1","27.10.2022 03:00 - 27.10.2022 04:00 (CET/CEST)","n/e","n/e","n/e","n/e","n/e","n/e","n/e","n/e","n/e","n/e","n/e","n/e","n/e","2928","n/e","n/e","23","n/e","0","n/e","n/e","99"
"BZN|SE1","27.10.2022 04:00 - 27.10.2022 05:00 (CET/CEST)","n/e","n/e","n/e","n/e","n/e","n/e","n/e","n/e","n/e","n/e","n/e","n/e","n/e","2905","n/e","n/e","23","n/e","0","n/e","n/e","116"
"BZN|SE1","27.10.2022 05:00 - 27.10.2022 06:00 (CET/CEST)","n/e","n/e","n/e","n/e","n/e","n/e","n/e","n/e","n/e","n/e","n/e","n/e","n/e","2958","n/e","n/e","24","n/e","0","n/e","n/e","95"
"BZN|SE1","27.10.2022 06:00 - 27.10.2022 07:00 (CET/CEST)","n/e","n/e","n/e","n/e","n/e","n/e","n/e","n/e","n/e","n/e","n/e","n/e","n/e","3202","n/e","n/e","27","n/e","0","n/e","n/e","117"
"BZN|SE1","27.10.2022 07:00 - 27.10.2022 08:00 (CET/CEST)","n/e","n/e","n/e","n/e","n/e","n/e","n/e","n/e","n/e","n/e","n/e","n/e","n/e","3484","n/e","n/e","30","n/e","0","n/e","n/e","123"
"BZN|SE1","27.10.2022 08:00 - 27.10.2022 09:00 (CET/CEST)","n/e","n/e","n/e","n/e","n/e","n/e","n/e","n/e","n/e","n/e","n/e","n/e","n/e","3443","n/e","n/e","31","n/e","0","n/e","n/e","161"
"BZN|SE1","27.10.2022 09:00 - 27.10.2022 10:00 (CET/CEST)","n/e","n/e","n/e","n/e","n/e","n/e","n/e","n/e","n/e","n/e","n/e","n/e","n/e","3434","n/e","n/e","30","n/e","0","n/e","n/e","194"
"BZN|SE1","27.10.2022 10:00 - 27.10.2022 11:00 (CET/CEST)","n/e","n/e","n/e","n/e","n/e","n/e","n/e","n/e","n/e","n/e","n/e","n/e","n/e","3432","n/e","n/e","30","n/e","0","n/e","n/e","228"
"BZN|SE1","27.10.2022 11:00 - 27.10.2022 12:00 (CET/CEST)","n/e","n/e","n/e","n/e","n/e","n/e","n/e","n/e","n/e","n/e","n/e","n/e","n/e","3445","n/e","n/e","30","n/e","0","n/e","n/e","265"
"BZN|SE1","27.10.2022 12:00 - 27.10.2022 13:00 (CET/CEST)","n/e","n/e","n/e","n/e","n/e","n/e","n/e","n/e","n/e","n/e","n/e","n/e","n/e","3454","n/e","n/e","29","n/e","0","n/e","n/e","268"
"BZN|SE1","27.10.2022 13:00 - 27.10.2022 14:00 (CET/CEST)","n/e","n/e","n/e","n/e","n/e","n/e","n/e","n/e","n/e","n/e","n/e","n/e","n/e","3370","n/e","n/e","30","n/e","0","n/e","n/e","229"
"BZN|SE1","27.10.2022 14:00 - 27.10.2022 15:00 (CET/CEST)","n/e","n/e","n/e","n/e","n/e","n/e","n/e","n/e","n/e","n/e","n/e","n/e","n/e","3355","n/e","n/e","30","n/e","0","n/e","n/e","237"
"BZN|SE1","27.10.2022 15:00 - 27.10.2022 16:00 (CET/CEST)","n/e","n/e","n/e","n/e","n/e","n/e","n/e","n/e","n/e","n/e","n/e","n/e","n/e","3407","n/e","n/e","29","n/e","0","n/e","n/e","172"
"BZN|SE1","27.10.2022 16:00 - 27.10.2022 17:00 (CET/CEST)","n/e","n/e","n/e","n/e","n/e","n/e","n/e","n/e","n/e","n/e","n/e","n/e","n/e","3450","n/e","n/e","31","n/e","0","n/e","n/e","156"
"BZN|SE1","27.10.2022 17:00 - 27.10.2022 18:00 (CET/CEST)","n/e","n/e","n/e","n/e","n/e","n/e","n/e","n/e","n/e","n/e","n/e","n/e","n/e","3451","n/e","n/e","30","n/e","0","n/e","n/e","162"
"BZN|SE1","27.10.2022 18:00 - 27.10.2022 19:00 (CET/CEST)","n/e","n/e","n/e","n/e","n/e","n/e","n/e","n/e","n/e","n/e","n/e","n/e","n/e","3408","n/e","n/e","32","n/e","0","n/e","n/e","174"
"BZN|SE1","27.10.2022 19:00 - 27.10.2022 20:00 (CET/CEST)","n/e","n/e","n/e","n/e","n/e","n/e","n/e","n/e","n/e","n/e","n/e","n/e","n/e","3311","n/e","n/e","32","n/e","0","n/e","n/e","199"
"BZN|SE1","27.10.2022 20:00 - 27.10.2022 21:00 (CET/CEST)","n/e","n/e","n/e","n/e","n/e","n/e","n/e","n/e","n/e","n/e","n/e","n/e","n/e","3254","n/e","n/e","30","n/e","0","n/e","n/e","223"
"BZN|SE1","27.10.2022 21:00 - 27.10.2022 22:00 (CET/CEST)","n/e","n/e","n/e","n/e","n/e","n/e","n/e","n/e","n/e","n/e","n/e","n/e","n/e","2951","n/e","n/e","26","n/e","0","n/e","n/e","240"
"BZN|SE1","27.10.2022 22:00 - 27.10.2022 23:00 (CET/CEST)","n/e","n/e","n/e","n/e","n/e","n/e","n/e","n/e","n/e","n/e","n/e","n/e","n/e","2833","n/e","n/e","19","n/e","0","n/e","n/e","400"
"BZN|SE1","27.10.2022 23:00 - 28.10.2022 00:00 (CET/CEST)","n/e","n/e","n/e","n/e","n/e","n/e","n/e","n/e","n/e","n/e","n/e","n/e","n/e","2823","n/e","n/e","20","n/e","0","n/e","n/e","506"
"BZN|SE1","28.10.2022 00:00 - 28.10.2022 01:00 (CET/CEST)","n/e","n/e","n/e","n/e","n/e","n/e","n/e","n/e","n/e","n/e","n/e","n/e","n/e","2509","n/e","n/e","20","n/e","0","n/e","n/e","686"
"BZN|SE1","28.10.2022 01:00 - 28.10.2022 02:00 (CET/CEST)","n/e","n/e","n/e","n/e","n/e","n/e","n/e","n/e","n/e","n/e","n/e","n/e","n/e","2187","n/e","n/e","20","n/e","0","n/e","n/e","899"
"BZN|SE1","28.10.2022 02:00 - 28.10.2022 03:00 (CET/CEST)","n/e","n/e","n/e","n/e","n/e","n/e","n/e","n/e","n/e","n/e","n/e","n/e","n/e","1873","n/e","n/e","20","n/e","0","n/e","n/e","1077"
"BZN|SE1","28.10.2022 03:00 - 28.10.2022 04:00 (CET/CEST)","n/e","n/e","n/e","n/e","n/e","n/e","n/e","n/e","n/e","n/e","n/e","n/e","n/e","1824","n/e","n/e","20","n/e","0","n/e","n/e","1076"
"BZN|SE1","28.10.2022 04:00 - 28.10.2022 05:00 (CET/CEST)","n/e","n/e","n/e","n/e","n/e","n/e","n/e","n/e","n/e","n/e","n/e","n/e","n/e","1788","n/e","n/e","19","n/e","0","n/e","n/e","1118"
"BZN|SE1","28.10.2022 05:00 - 28.10.2022 06:00 (CET/CEST)","n/e","n/e","n/e","n/e","n/e","n/e","n/e","n/e","n/e","n/e","n/e","n/e","n/e","2001","n/e","n/e","20","n/e","0","n/e","n/e","1345"
"BZN|SE1","28.10.2022 06:00 - 28.10.2022 07:00 (CET/CEST)","n/e","n/e","n/e","n/e","n/e","n/e","n/e","n/e","n/e","n/e","n/e","n/e","n/e","2507","n/e","n/e","19","n/e","0","n/e","n/e","1481"
"BZN|SE1","28.10.2022 07:00 - 28.10.2022 08:00 (CET/CEST)","n/e","n/e","n/e","n/e","n/e","n/e","n/e","n/e","n/e","n/e","n/e","n/e","n/e","2541","n/e","n/e","20","n/e","0","n/e","n/e","1467"
"BZN|SE1","28.10.2022 08:00 - 28.10.2022 09:00 (CET/CEST)","n/e","n/e","n/e","n/e","n/e","n/e","n/e","n/e","n/e","n/e","n/e","n/e","n/e","2521","n/e","n/e","20","n/e","0","n/e","n/e","1527"
"BZN|SE1","28.10.2022 09:00 - 28.10.2022 10:00 (CET/CEST)","n/e","n/e","n/e","n/e","n/e","n/e","n/e","n/e","n/e","n/e","n/e","n/e","n/e","2695","n/e","n/e","24","n/e","0","n/e","n/e","1622"
"BZN|SE1","28.10.2022 10:00 - 28.10.2022 11:00 (CET/CEST)","n/e","n/e","n/e","n/e","n/e","n/e","n/e","n/e","n/e","n/e","n/e","n/e","n/e","2626","n/e","n/e","25","n/e","0","n/e","n/e","1656"
"BZN|SE1","28.10.2022 11:00 - 28.10.2022 12:00 (CET/CEST)","n/e","n/e","n/e","n/e","n/e","n/e","n/e","n/e","n/e","n/e","n/e","n/e","n/e","2626","n/e","n/e","25","n/e","0","n/e","n/e","1576"
"BZN|SE1","28.10.2022 12:00 - 28.10.2022 13:00 (CET/CEST)","n/e","n/e","n/e","n/e","n/e","n/e","n/e","n/e","n/e","n/e","n/e","n/e","n/e","2664","n/e","n/e","25","n/e","0","n/e","n/e","1540"
"BZN|SE1","28.10.2022 13:00 - 28.10.2022 14:00 (CET/CEST)","n/e","n/e","n/e","n/e","n/e","n/e","n/e","n/e","n/e","n/e","n/e","n/e","n/e","2721","n/e","n/e","25","n/e","0","n/e","n/e","1456"
"BZN|SE1","28.10.2022 14:00 - 28.10.2022 15:00 (CET/CEST)","n/e","n/e","n/e","n/e","n/e","n/e","n/e","n/e","n/e","n/e","n/e","n/e","n/e","2739","n/e","n/e","25","n/e","0","n/e","n/e","1411"
"BZN|SE1","28.10.2022 15:00 - 28.10.2022 16:00 (CET/CEST)","n/e","n/e","n/e","n/e","n/e","n/e","n/e","n/e","n/e","n/e","n/e","n/e","n/e","2738","n/e","n/e","24","n/e","0","n/e","n/e","1349"
"BZN|SE1","28.10.2022 16:00 - 28.10.2022 17:00 (CET/CEST)","n/e","n/e","n/e","n/e","n/e","n/e","n/e","n/e","n/e","n/e","n/e","n/e","n/e","2736","n/e","n/e","24","n/e","0","n/e","n/e","1341"
"BZN|SE1","28.10.2022 17:00 - 28.10.2022 18:00 (CET/CEST)","n/e","n/e","n/e","n/e","n/e","n/e","n/e","n/e","n/e","n/e","n/e","n/e","n/e","2720","n/e","n/e","24","n/e","0","n/e","n/e","1353"
"BZN|SE1","28.10.2022 18:00 - 28.10.2022 19:00 (CET/CEST)","n/e","n/e","n/e","n/e","n/e","n/e","n/e","n/e","n/e","n/e","n/e","n/e","n/e","2664","n/e","n/e","25","n/e","0","n/e","n/e","1335"
"BZN|SE1","28.10.2022 19:00 - 28.10.2022 20:00 (CET/CEST)","n/e","n/e","n/e","n/e","n/e","n/e","n/e","n/e","n/e","n/e","n/e","n/e","n/e","2661","n/e","n/e","25","n/e","0","n/e","n/e","1269"
"BZN|SE1","28.10.2022 20:00 - 28.10.2022 21:00 (CET/CEST)","n/e","n/e","n/e","n/e","n/e","n/e","n/e","n/e","n/e","n/e","n/e","n/e","n/e","2635","n/e","n/e","25","n/e","0","n/e","n/e","1258"
"BZN|SE1","28.10.2022 21:00 - 28.10.2022 22:00 (CET/CEST)","n/e","n/e","n/e","n/e","n/e","n/e","n/e","n/e","n/e","n/e","n/e","n/e","n/e","2633","n/e","n/e","25","n/e","0","n/e","n/e","1249"
"BZN|SE1","28.10.2022 22:00 - 28.10.2022 23:00 (CET/CEST)","n/e","n/e","n/e","n/e","n/e","n/e","n/e","n/e","n/e","n/e","n/e","n/e","n/e","2601","n/e","n/e","23","n/e","0","n/e","n/e","1159"
"BZN|SE1","28.10.2022 23:00 - 29.10.2022 00:00 (CET/CEST)","n/e","n/e","n/e","n/e","n/e","n/e","n/e","n/e","n/e","n/e","n/e","n/e","n/e","2497","n/e","n/e","23","n/e","0","n/e","n/e","1156"
"BZN|SE1","29.10.2022 00:00 - 29.10.2022 01:00 (CET/CEST)","n/e","n/e","n/e","n/e","n/e","n/e","n/e","n/e","n/e","n/e","n/e","n/e","n/e","1904","n/e","n/e","23","n/e","0","n/e","n/e","1112"
"BZN|SE1","29.10.2022 01:00 - 29.10.2022 02:00 (CET/CEST)","n/e","n/e","n/e","n/e","n/e","n/e","n/e","n/e","n/e","n/e","n/e","n/e","n/e","1657","n/e","n/e","23","n/e","0","n/e","n/e","933"
"BZN|SE1","29.10.2022 02:00 - 29.10.2022 03:00 (CET/CEST)","n/e","n/e","n/e","n/e","n/e","n/e","n/e","n/e","n/e","n/e","n/e","n/e","n/e","1346","n/e","n/e","23","n/e","0","n/e","n/e","848"
"BZN|SE1","29.10.2022 03:00 - 29.10.2022 04:00 (CET/CEST)","n/e","n/e","n/e","n/e","n/e","n/e","n/e","n/e","n/e","n/e","n/e","n/e","n/e","1098","n/e","n/e","23","n/e","0","n/e","n/e","790"
"BZN|SE1","29.10.2022 04:00 - 29.10.2022 05:00 (CET/CEST)","n/e","n/e","n/e","n/e","n/e","n/e","n/e","n/e","n/e","n/e","n/e","n/e","n/e","1075","n/e","n/e","24","n/e","0","n/e","n/e","720"
"BZN|SE1","29.10.2022 05:00 - 29.10.2022 06:00 (CET/CEST)","n/e","n/e","n/e","n/e","n/e","n/e","n/e","n/e","n/e","n/e","n/e","n/e","n/e","1044","n/e","n/e","25","n/e","0","n/e","n/e","840"
"BZN|SE1","29.10.2022 06:00 - 29.10.2022 07:00 (CET/CEST)","n/e","n/e","n/e","n/e","n/e","n/e","n/e","n/e","n/e","n/e","n/e","n/e","n/e","1029","n/e","n/e","24","n/e","0","n/e","n/e","1062"
"BZN|SE1","29.10.2022 07:00 - 29.10.2022 08:00 (CET/CEST)","n/e","n/e","n/e","n/e","n/e","n/e","n/e","n/e","n/e","n/e","n/e","n/e","n/e","1030","n/e","n/e","24","n/e","0","n/e","n/e","1104"
"BZN|SE1","29.10.2022 08:00 - 29.10.2022 09:00 (CET/CEST)","n/e","n/e","n/e","n/e","n/e","n/e","n/e","n/e","n/e","n/e","n/e","n/e","n/e","719","n/e","n/e","25","n/e","0","n/e","n/e","1248"
"BZN|SE1","29.10.2022 09:00 - 29.10.2022 10:00 (CET/CEST)","n/e","n/e","n/e","n/e","n/e","n/e","n/e","n/e","n/e","n/e","n/e","n/e","n/e","730","n/e","n/e","24","n/e","0","n/e","n/e","1348"
"BZN|SE1","29.10.2022 10:00 - 29.10.2022 11:00 (CET/CEST)","n/e","n/e","n/e","n/e","n/e","n/e","n/e","n/e","n/e","n/e","n/e","n/e","n/e","851","n/e","n/e","25","n/e","0","n/e","n/e","1339"
"BZN|SE1","29.10.2022 11:00 - 29.10.2022 12:00 (CET/CEST)","n/e","n/e","n/e","n/e","n/e","n/e","n/e","n/e","n/e","n/e","n/e","n/e","n/e","952","n/e","n/e","25","n/e","0","n/e","n/e","1499"
"BZN|SE1","29.10.2022 12:00 - 29.10.2022 13:00 (CET/CEST)","n/e","n/e","n/e","n/e","n/e","n/e","n/e","n/e","n/e","n/e","n/e","n/e","n/e","800","n/e","n/e","25","n/e","0","n/e","n/e","1619"
"BZN|SE1","29.10.2022 13:00 - 29.10.2022 14:00 (CET/CEST)","n/e","n/e","n/e","n/e","n/e","n/e","n/e","n/e","n/e","n/e","n/e","n/e","n/e","805","n/e","n/e","25","n/e","0","n/e","n/e","1821"
"BZN|SE1","29.10.2022 14:00 - 29.10.2022 15:00 (CET/CEST)","n/e","n/e","n/e","n/e","n/e","n/e","n/e","n/e","n/e","n/e","n/e","n/e","n/e","803","n/e","n/e","26","n/e","0","n/e","n/e","1952"
"BZN|SE1","29.10.2022 15:00 - 29.10.2022 16:00 (CET/CEST)","n/e","n/e","n/e","n/e","n/e","n/e","n/e","n/e","n/e","n/e","n/e","n/e","n/e","904","n/e","n/e","25","n/e","0","n/e","n/e","1986"
"BZN|SE1","29.10.2022 16:00 - 29.10.2022 17:00 (CET/CEST)","n/e","n/e","n/e","n/e","n/e","n/e","n/e","n/e","n/e","n/e","n/e","n/e","n/e","1102","n/e","n/e","25","n/e","0","n/e","n/e","2008"
"BZN|SE1","29.10.2022 17:00 - 29.10.2022 18:00 (CET/CEST)","n/e","n/e","n/e","n/e","n/e","n/e","n/e","n/e","n/e","n/e","n/e","n/e","n/e","1153","n/e","n/e","24","n/e","0","n/e","n/e","2030"
"BZN|SE1","29.10.2022 18:00 - 29.10.2022 19:00 (CET/CEST)","n/e","n/e","n/e","n/e","n/e","n/e","n/e","n/e","n/e","n/e","n/e","n/e","n/e","1192","n/e","n/e","25","n/e","0","n/e","n/e","2052"
"BZN|SE1","29.10.2022 19:00 - 29.10.2022 20:00 (CET/CEST)","n/e","n/e","n/e","n/e","n/e","n/e","n/e","n/e","n/e","n/e","n/e","n/e","n/e","1203","n/e","n/e","25","n/e","0","n/e","n/e","1975"
"BZN|SE1","29.10.2022 20:00 - 29.10.2022 21:00 (CET/CEST)","n/e","n/e","n/e","n/e","n/e","n/e","n/e","n/e","n/e","n/e","n/e","n/e","n/e","1201","n/e","n/e","25","n/e","0","n/e","n/e","1954"
"BZN|SE1","29.10.2022 21:00 - 29.10.2022 22:00 (CET/CEST)","n/e","n/e","n/e","n/e","n/e","n/e","n/e","n/e","n/e","n/e","n/e","n/e","n/e","1201","n/e","n/e","25","n/e","0","n/e","n/e","1915"
"BZN|SE1","29.10.2022 22:00 - 29.10.2022 23:00 (CET/CEST)","n/e","n/e","n/e","n/e","n/e","n/e","n/e","n/e","n/e","n/e","n/e","n/e","n/e","1201","n/e","n/e","22","n/e","0","n/e","n/e","1860"
"BZN|SE1","29.10.2022 23:00 - 30.10.2022 00:00 (CET/CEST)","n/e","n/e","n/e","n/e","n/e","n/e","n/e","n/e","n/e","n/e","n/e","n/e","n/e","1200","n/e","n/e","25","n/e","0","n/e","n/e","1817"
"BZN|SE1","30.10.2022 00:00 - 30.10.2022 01:00 (CET/CEST)","n/e","n/e","n/e","n/e","n/e","n/e","n/e","n/e","n/e","n/e","n/e","n/e","n/e","1053","n/e","n/e","24","n/e","0","n/e","n/e","1762"
"BZN|SE1","30.10.2022 01:00 - 30.10.2022 02:00 (CET/CEST)","n/e","n/e","n/e","n/e","n/e","n/e","n/e","n/e","n/e","n/e","n/e","n/e","n/e","1062","n/e","n/e","24","n/e","0","n/e","n/e","1674"
"BZN|SE1","30.10.2022 02:00 - 30.10.2022 03:00 (CET/CEST)","n/e","n/e","n/e","n/e","n/e","n/e","n/e","n/e","n/e","n/e","n/e","n/e","n/e","2527","n/e","n/e","48","n/e","0","n/e","n/e","2933"
"BZN|SE1","30.10.2022 02:00 - 30.10.2022 03:00 (CET/CEST)","n/e","n/e","n/e","n/e","n/e","n/e","n/e","n/e","n/e","n/e","n/e","n/e","n/e","2632","n/e","n/e","48","n/e","0","n/e","n/e","3162"
"BZN|SE1","30.10.2022 03:00 - 30.10.2022 04:00 (CET/CEST)","n/e","n/e","n/e","n/e","n/e","n/e","n/e","n/e","n/e","n/e","n/e","n/e","n/e","1325","n/e","n/e","24","n/e","0","n/e","n/e","1401"
"BZN|SE1","30.10.2022 04:00 - 30.10.2022 05:00 (CET/CEST)","n/e","n/e","n/e","n/e","n/e","n/e","n/e","n/e","n/e","n/e","n/e","n/e","n/e","1409","n/e","n/e","24","n/e","0","n/e","n/e","1436"
"BZN|SE1","30.10.2022 05:00 - 30.10.2022 06:00 (CET/CEST)","n/e","n/e","n/e","n/e","n/e","n/e","n/e","n/e","n/e","n/e","n/e","n/e","n/e","1706","n/e","n/e","24","n/e","0","n/e","n/e","1336"
"BZN|SE1","30.10.2022 06:00 - 30.10.2022 07:00 (CET/CEST)","n/e","n/e","n/e","n/e","n/e","n/e","n/e","n/e","n/e","n/e","n/e","n/e","n/e","1989","n/e","n/e","24","n/e","0","n/e","n/e","1265"
"BZN|SE1","30.10.2022 07:00 - 30.10.2022 08:00 (CET/CEST)","n/e","n/e","n/e","n/e","n/e","n/e","n/e","n/e","n/e","n/e","n/e","n/e","n/e","2197","n/e","n/e","24","n/e","0","n/e","n/e","1262"
"BZN|SE1","30.10.2022 08:00 - 30.10.2022 09:00 (CET/CEST)","n/e","n/e","n/e","n/e","n/e","n/e","n/e","n/e","n/e","n/e","n/e","n/e","n/e","2684","n/e","n/e","23","n/e","0","n/e","n/e","1429"
"BZN|SE1","30.10.2022 09:00 - 30.10.2022 10:00 (CET/CEST)","n/e","n/e","n/e","n/e","n/e","n/e","n/e","n/e","n/e","n/e","n/e","n/e","n/e","3035","n/e","n/e","23","n/e","0","n/e","n/e","1416"
"BZN|SE1","30.10.2022 10:00 - 30.10.2022 11:00 (CET/CEST)","n/e","n/e","n/e","n/e","n/e","n/e","n/e","n/e","n/e","n/e","n/e","n/e","n/e","3079","n/e","n/e","23","n/e","0","n/e","n/e","1347"
"BZN|SE1","30.10.2022 11:00 - 30.10.2022 12:00 (CET/CEST)","n/e","n/e","n/e","n/e","n/e","n/e","n/e","n/e","n/e","n/e","n/e","n/e","n/e","3155","n/e","n/e","23","n/e","0","n/e","n/e","1295"
"BZN|SE1","30.10.2022 12:00 - 30.10.2022 13:00 (CET/CEST)","n/e","n/e","n/e","n/e","n/e","n/e","n/e","n/e","n/e","n/e","n/e","n/e","n/e","3211","n/e","n/e","23","n/e","0","n/e","n/e","1234"
"BZN|SE1","30.10.2022 13:00 - 30.10.2022 14:00 (CET/CEST)","n/e","n/e","n/e","n/e","n/e","n/e","n/e","n/e","n/e","n/e","n/e","n/e","n/e","3219","n/e","n/e","23","n/e","0","n/e","n/e","1111"
"BZN|SE1","30.10.2022 14:00 - 30.10.2022 15:00 (CET/CEST)","n/e","n/e","n/e","n/e","n/e","n/e","n/e","n/e","n/e","n/e","n/e","n/e","n/e","3249","n/e","n/e","23","n/e","0","n/e","n/e","1062"
"BZN|SE1","30.10.2022 15:00 - 30.10.2022 16:00 (CET/CEST)","n/e","n/e","n/e","n/e","n/e","n/e","n/e","n/e","n/e","n/e","n/e","n/e","n/e","3242","n/e","n/e","21","n/e","0","n/e","n/e","920"
"BZN|SE1","30.10.2022 16:00 - 30.10.2022 17:00 (CET/CEST)","n/e","n/e","n/e","n/e","n/e","n/e","n/e","n/e","n/e","n/e","n/e","n/e","n/e","3243","n/e","n/e","21","n/e","0","n/e","n/e","871"
"BZN|SE1","30.10.2022 17:00 - 30.10.2022 18:00 (CET/CEST)","n/e","n/e","n/e","n/e","n/e","n/e","n/e","n/e","n/e","n/e","n/e","n/e","n/e","3252","n/e","n/e","21","n/e","0","n/e","n/e","894"
"BZN|SE1","30.10.2022 18:00 - 30.10.2022 19:00 (CET/CEST)","n/e","n/e","n/e","n/e","n/e","n/e","n/e","n/e","n/e","n/e","n/e","n/e","n/e","3237","n/e","n/e","20","n/e","0","n/e","n/e","885"
"BZN|SE1","30.10.2022 19:00 - 30.10.2022 20:00 (CET/CEST)","n/e","n/e","n/e","n/e","n/e","n/e","n/e","n/e","n/e","n/e","n/e","n/e","n/e","3238","n/e","n/e","20","n/e","0","n/e","n/e","876"
"BZN|SE1","30.10.2022 20:00 - 30.10.2022 21:00 (CET/CEST)","n/e","n/e","n/e","n/e","n/e","n/e","n/e","n/e","n/e","n/e","n/e","n/e","n/e","3234","n/e","n/e","20","n/e","0","n/e","n/e","753"
"BZN|SE1","30.10.2022 21:00 - 30.10.2022 22:00 (CET/CEST)","n/e","n/e","n/e","n/e","n/e","n/e","n/e","n/e","n/e","n/e","n/e","n/e","n/e","3296","n/e","n/e","24","n/e","0","n/e","n/e","582"
"BZN|SE1","30.10.2022 22:00 - 30.10.2022 23:00 (CET/CEST)","n/e","n/e","n/e","n/e","n/e","n/e","n/e","n/e","n/e","n/e","n/e","n/e","n/e","3307","n/e","n/e","24","n/e","0","n/e","n/e","405"
"BZN|SE1","30.10.2022 23:00 - 31.10.2022 00:00 (CET/CEST)","n/e","n/e","n/e","n/e","n/e","n/e","n/e","n/e","n/e","n/e","n/e","n/e","n/e","3384","n/e","n/e","24","n/e","0","n/e","n/e","236"
"BZN|SE1","31.10.2022 00:00 - 31.10.2022 01:00 (CET/CEST)","n/e","n/e","n/e","n/e","n/e","n/e","n/e","n/e","n/e","n/e","n/e","n/e","n/e","3340","n/e","n/e","23","n/e","0","n/e","n/e","136"
"BZN|SE1","31.10.2022 01:00 - 31.10.2022 02:00 (CET/CEST)","n/e","n/e","n/e","n/e","n/e","n/e","n/e","n/e","n/e","n/e","n/e","n/e","n/e","3358","n/e","n/e","23","n/e","0","n/e","n/e","62"
"BZN|SE1","31.10.2022 02:00 - 31.10.2022 03:00 (CET/CEST)","n/e","n/e","n/e","n/e","n/e","n/e","n/e","n/e","n/e","n/e","n/e","n/e","n/e","3250","n/e","n/e","24","n/e","0","n/e","n/e","66"
"BZN|SE1","31.10.2022 03:00 - 31.10.2022 04:00 (CET/CEST)","n/e","n/e","n/e","n/e","n/e","n/e","n/e","n/e","n/e","n/e","n/e","n/e","n/e","3241","n/e","n/e","24","n/e","0","n/e","n/e","130"
"BZN|SE1","31.10.2022 04:00 - 31.10.2022 05:00 (CET/CEST)","n/e","n/e","n/e","n/e","n/e","n/e","n/e","n/e","n/e","n/e","n/e","n/e","n/e","3213","n/e","n/e","31","n/e","0","n/e","n/e","251"
"BZN|SE1","31.10.2022 05:00 - 31.10.2022 06:00 (CET/CEST)","n/e","n/e","n/e","n/e","n/e","n/e","n/e","n/e","n/e","n/e","n/e","n/e","n/e","3063","n/e","n/e","33","n/e","0","n/e","n/e","438"
"BZN|SE1","31.10.2022 06:00 - 31.10.2022 07:00 (CET/CEST)","n/e","n/e","n/e","n/e","n/e","n/e","n/e","n/e","n/e","n/e","n/e","n/e","n/e","3109","n/e","n/e","33","n/e","0","n/e","n/e","644"
"BZN|SE1","31.10.2022 07:00 - 31.10.2022 08:00 (CET/CEST)","n/e","n/e","n/e","n/e","n/e","n/e","n/e","n/e","n/e","n/e","n/e","n/e","n/e","3092","n/e","n/e","33","n/e","0","n/e","n/e","737"
"BZN|SE1","31.10.2022 08:00 - 31.10.2022 09:00 (CET/CEST)","n/e","n/e","n/e","n/e","n/e","n/e","n/e","n/e","n/e","n/e","n/e","n/e","n/e","3147","n/e","n/e","33","n/e","0","n/e","n/e","713"
"BZN|SE1","31.10.2022 09:00 - 31.10.2022 10:00 (CET/CEST)","n/e","n/e","n/e","n/e","n/e","n/e","n/e","n/e","n/e","n/e","n/e","n/e","n/e","3159","n/e","n/e","33","n/e","0","n/e","n/e","697"
"BZN|SE1","31.10.2022 10:00 - 31.10.2022 11:00 (CET/CEST)","n/e","n/e","n/e","n/e","n/e","n/e","n/e","n/e","n/e","n/e","n/e","n/e","n/e","3169","n/e","n/e","33","n/e","0","n/e","n/e","479"
"BZN|SE1","31.10.2022 11:00 - 31.10.2022 12:00 (CET/CEST)","n/e","n/e","n/e","n/e","n/e","n/e","n/e","n/e","n/e","n/e","n/e","n/e","n/e","3191","n/e","n/e","36","n/e","0","n/e","n/e","294"
"BZN|SE1","31.10.2022 12:00 - 31.10.2022 13:00 (CET/CEST)","n/e","n/e","n/e","n/e","n/e","n/e","n/e","n/e","n/e","n/e","n/e","n/e","n/e","3241","n/e","n/e","35","n/e","0","n/e","n/e","251"
"BZN|SE1","31.10.2022 13:00 - 31.10.2022 14:00 (CET/CEST)","n/e","n/e","n/e","n/e","n/e","n/e","n/e","n/e","n/e","n/e","n/e","n/e","n/e","3256","n/e","n/e","35","n/e","0","n/e","n/e","235"
"BZN|SE1","31.10.2022 14:00 - 31.10.2022 15:00 (CET/CEST)","n/e","n/e","n/e","n/e","n/e","n/e","n/e","n/e","n/e","n/e","n/e","n/e","n/e","3259","n/e","n/e","34","n/e","0","n/e","n/e","222"
"BZN|SE1","31.10.2022 15:00 - 31.10.2022 16:00 (CET/CEST)","n/e","n/e","n/e","n/e","n/e","n/e","n/e","n/e","n/e","n/e","n/e","n/e","n/e","3281","n/e","n/e","35","n/e","0","n/e","n/e","212"
"BZN|SE1","31.10.2022 16:00 - 31.10.2022 17:00 (CET/CEST)","n/e","n/e","n/e","n/e","n/e","n/e","n/e","n/e","n/e","n/e","n/e","n/e","n/e","3265","n/e","n/e","30","n/e","0","n/e","n/e","235"
"BZN|SE1","31.10.2022 17:00 - 31.10.2022 18:00 (CET/CEST)","n/e","n/e","n/e","n/e","n/e","n/e","n/e","n/e","n/e","n/e","n/e","n/e","n/e","3271","n/e","n/e","30","n/e","0","n/e","n/e","307"
"BZN|SE1","31.10.2022 18:00 - 31.10.2022 19:00 (CET/CEST)","n/e","n/e","n/e","n/e","n/e","n/e","n/e","n/e","n/e","n/e","n/e","n/e","n/e","3226","n/e","n/e","30","n/e","0","n/e","n/e","553"
"BZN|SE1","31.10.2022 19:00 - 31.10.2022 20:00 (CET/CEST)","n/e","n/e","n/e","n/e","n/e","n/e","n/e","n/e","n/e","n/e","n/e","n/e","n/e","2954","n/e","n/e","30","n/e","0","n/e","n/e","734"
"BZN|SE1","31.10.2022 20:00 - 31.10.2022 21:00 (CET/CEST)","n/e","n/e","n/e","n/e","n/e","n/e","n/e","n/e","n/e","n/e","n/e","n/e","n/e","3014","n/e","n/e","30","n/e","0","n/e","n/e","749"
"BZN|SE1","31.10.2022 21:00 - 31.10.2022 22:00 (CET/CEST)","n/e","n/e","n/e","n/e","n/e","n/e","n/e","n/e","n/e","n/e","n/e","n/e","n/e","3008","n/e","n/e","30","n/e","0","n/e","n/e","854"
"BZN|SE1","31.10.2022 22:00 - 31.10.2022 23:00 (CET/CEST)","n/e","n/e","n/e","n/e","n/e","n/e","n/e","n/e","n/e","n/e","n/e","n/e","n/e","3012","n/e","n/e","30","n/e","0","n/e","n/e","908"
"BZN|SE1","31.10.2022 23:00 - 01.11.2022 00:00 (CET/CEST)","n/e","n/e","n/e","n/e","n/e","n/e","n/e","n/e","n/e","n/e","n/e","n/e","n/e","2957","n/e","n/e","30","n/e","0","n/e","n/e","990"
"BZN|SE1","01.11.2022 00:00 - 01.11.2022 01:00 (CET/CEST)","n/e","n/e","n/e","n/e","n/e","n/e","n/e","n/e","n/e","n/e","n/e","n/e","n/e","2383","n/e","n/e","28","n/e","0","n/e","n/e","975"
"BZN|SE1","01.11.2022 01:00 - 01.11.2022 02:00 (CET/CEST)","n/e","n/e","n/e","n/e","n/e","n/e","n/e","n/e","n/e","n/e","n/e","n/e","n/e","2368","n/e","n/e","28","n/e","0","n/e","n/e","1028"
"BZN|SE1","01.11.2022 02:00 - 01.11.2022 03:00 (CET/CEST)","n/e","n/e","n/e","n/e","n/e","n/e","n/e","n/e","n/e","n/e","n/e","n/e","n/e","2354","n/e","n/e","28","n/e","0","n/e","n/e","866"
"BZN|SE1","01.11.2022 03:00 - 01.11.2022 04:00 (CET/CEST)","n/e","n/e","n/e","n/e","n/e","n/e","n/e","n/e","n/e","n/e","n/e","n/e","n/e","2380","n/e","n/e","28","n/e","0","n/e","n/e","820"
"BZN|SE1","01.11.2022 04:00 - 01.11.2022 05:00 (CET/CEST)","n/e","n/e","n/e","n/e","n/e","n/e","n/e","n/e","n/e","n/e","n/e","n/e","n/e","2444","n/e","n/e","28","n/e","0","n/e","n/e","842"
"BZN|SE1","01.11.2022 05:00 - 01.11.2022 06:00 (CET/CEST)","n/e","n/e","n/e","n/e","n/e","n/e","n/e","n/e","n/e","n/e","n/e","n/e","n/e","3150","n/e","n/e","30","n/e","0","n/e","n/e","775"
"BZN|SE1","01.11.2022 06:00 - 01.11.2022 07:00 (CET/CEST)","n/e","n/e","n/e","n/e","n/e","n/e","n/e","n/e","n/e","n/e","n/e","n/e","n/e","3289","n/e","n/e","30","n/e","0","n/e","n/e","674"
"BZN|SE1","01.11.2022 07:00 - 01.11.2022 08:00 (CET/CEST)","n/e","n/e","n/e","n/e","n/e","n/e","n/e","n/e","n/e","n/e","n/e","n/e","n/e","3489","n/e","n/e","30","n/e","0","n/e","n/e","494"
"BZN|SE1","01.11.2022 08:00 - 01.11.2022 09:00 (CET/CEST)","n/e","n/e","n/e","n/e","n/e","n/e","n/e","n/e","n/e","n/e","n/e","n/e","n/e","3478","n/e","n/e","30","n/e","0","n/e","n/e","357"
"BZN|SE1","01.11.2022 09:00 - 01.11.2022 10:00 (CET/CEST)","n/e","n/e","n/e","n/e","n/e","n/e","n/e","n/e","n/e","n/e","n/e","n/e","n/e","3499","n/e","n/e","30","n/e","0","n/e","n/e","279"
"BZN|SE1","01.11.2022 10:00 - 01.11.2022 11:00 (CET/CEST)","n/e","n/e","n/e","n/e","n/e","n/e","n/e","n/e","n/e","n/e","n/e","n/e","n/e","3489","n/e","n/e","30","n/e","0","n/e","n/e","202"
"BZN|SE1","01.11.2022 11:00 - 01.11.2022 12:00 (CET/CEST)","n/e","n/e","n/e","n/e","n/e","n/e","n/e","n/e","n/e","n/e","n/e","n/e","n/e","3176","n/e","n/e","30","n/e","0","n/e","n/e","130"
"BZN|SE1","01.11.2022 12:00 - 01.11.2022 13:00 (CET/CEST)","n/e","n/e","n/e","n/e","n/e","n/e","n/e","n/e","n/e","n/e","n/e","n/e","n/e","2692","n/e","n/e","30","n/e","0","n/e","n/e","66"
"BZN|SE1","01.11.2022 13:00 - 01.11.2022 14:00 (CET/CEST)","n/e","n/e","n/e","n/e","n/e","n/e","n/e","n/e","n/e","n/e","n/e","n/e","n/e","3005","n/e","n/e","30","n/e","0","n/e","n/e","43"
"BZN|SE1","01.11.2022 14:00 - 01.11.2022 15:00 (CET/CEST)","n/e","n/e","n/e","n/e","n/e","n/e","n/e","n/e","n/e","n/e","n/e","n/e","n/e","3414","n/e","n/e","30","n/e","0","n/e","n/e","21"
"BZN|SE1","01.11.2022 15:00 - 01.11.2022 16:00 (CET/CEST)","n/e","n/e","n/e","n/e","n/e","n/e","n/e","n/e","n/e","n/e","n/e","n/e","n/e","3535","n/e","n/e","30","n/e","0","n/e","n/e","27"
"BZN|SE1","01.11.2022 16:00 - 01.11.2022 17:00 (CET/CEST)","n/e","n/e","n/e","n/e","n/e","n/e","n/e","n/e","n/e","n/e","n/e","n/e","n/e","3484","n/e","n/e","30","n/e","0","n/e","n/e","55"
"BZN|SE1","01.11.2022 17:00 - 01.11.2022 18:00 (CET/CEST)","n/e","n/e","n/e","n/e","n/e","n/e","n/e","n/e","n/e","n/e","n/e","n/e","n/e","3374","n/e","n/e","30","n/e","0","n/e","n/e","111"
"BZN|SE1","01.11.2022 18:00 - 01.11.2022 19:00 (CET/CEST)","n/e","n/e","n/e","n/e","n/e","n/e","n/e","n/e","n/e","n/e","n/e","n/e","n/e","3063","n/e","n/e","30","n/e","0","n/e","n/e","205"
"BZN|SE1","01.11.2022 19:00 - 01.11.2022 20:00 (CET/CEST)","n/e","n/e","n/e","n/e","n/e","n/e","n/e","n/e","n/e","n/e","n/e","n/e","n/e","2941","n/e","n/e","30","n/e","0","n/e","n/e","299"
"BZN|SE1","01.11.2022 20:00 - 01.11.2022 21:00 (CET/CEST)","n/e","n/e","n/e","n/e","n/e","n/e","n/e","n/e","n/e","n/e","n/e","n/e","n/e","2581","n/e","n/e","30","n/e","0","n/e","n/e","393"
"BZN|SE1","01.11.2022 21:00 - 01.11.2022 22:00 (CET/CEST)","n/e","n/e","n/e","n/e","n/e","n/e","n/e","n/e","n/e","n/e","n/e","n/e","n/e","2411","n/e","n/e","30","n/e","0","n/e","n/e","433"
"BZN|SE1","01.11.2022 22:00 - 01.11.2022 23:00 (CET/CEST)","n/e","n/e","n/e","n/e","n/e","n/e","n/e","n/e","n/e","n/e","n/e","n/e","n/e","2297","n/e","n/e","30","n/e","0","n/e","n/e","515"
"BZN|SE1","01.11.2022 23:00 - 02.11.2022 00:00 (CET/CEST)","n/e","n/e","n/e","n/e","n/e","n/e","n/e","n/e","n/e","n/e","n/e","n/e","n/e","2119","n/e","n/e","30","n/e","0","n/e","n/e","590"
"BZN|SE1","02.11.2022 00:00 - 02.11.2022 01:00 (CET/CEST)","n/e","n/e","n/e","n/e","n/e","n/e","n/e","n/e","n/e","n/e","n/e","n/e","n/e","2122","n/e","n/e","34","n/e","0","n/e","n/e","740"
"BZN|SE1","02.11.2022 01:00 - 02.11.2022 02:00 (CET/CEST)","n/e","n/e","n/e","n/e","n/e","n/e","n/e","n/e","n/e","n/e","n/e","n/e","n/e","2043","n/e","n/e","34","n/e","0","n/e","n/e","838"
"BZN|SE1","02.11.2022 02:00 - 02.11.2022 03:00 (CET/CEST)","n/e","n/e","n/e","n/e","n/e","n/e","n/e","n/e","n/e","n/e","n/e","n/e","n/e","1797","n/e","n/e","34","n/e","0","n/e","n/e","920"
"BZN|SE1","02.11.2022 03:00 - 02.11.2022 04:00 (CET/CEST)","n/e","n/e","n/e","n/e","n/e","n/e","n/e","n/e","n/e","n/e","n/e","n/e","n/e","1665","n/e","n/e","34","n/e","0","n/e","n/e","1004"
"BZN|SE1","02.11.2022 04:00 - 02.11.2022 05:00 (CET/CEST)","n/e","n/e","n/e","n/e","n/e","n/e","n/e","n/e","n/e","n/e","n/e","n/e","n/e","1940","n/e","n/e","30","n/e","0","n/e","n/e","1006"
"BZN|SE1","02.11.2022 05:00 - 02.11.2022 06:00 (CET/CEST)","n/e","n/e","n/e","n/e","n/e","n/e","n/e","n/e","n/e","n/e","n/e","n/e","n/e","2213","n/e","n/e","25","n/e","0","n/e","n/e","1124"
"BZN|SE1","02.11.2022 06:00 - 02.11.2022 07:00 (CET/CEST)","n/e","n/e","n/e","n/e","n/e","n/e","n/e","n/e","n/e","n/e","n/e","n/e","n/e","2675","n/e","n/e","25","n/e","0","n/e","n/e","1046"
"BZN|SE1","02.11.2022 07:00 - 02.11.2022 08:00 (CET/CEST)","n/e","n/e","n/e","n/e","n/e","n/e","n/e","n/e","n/e","n/e","n/e","n/e","n/e","2819","n/e","n/e","25","n/e","0","n/e","n/e","957"
"BZN|SE1","02.11.2022 08:00 - 02.11.2022 09:00 (CET/CEST)","n/e","n/e","n/e","n/e","n/e","n/e","n/e","n/e","n/e","n/e","n/e","n/e","n/e","2933","n/e","n/e","25","n/e","0","n/e","n/e","904"
"BZN|SE1","02.11.2022 09:00 - 02.11.2022 10:00 (CET/CEST)","n/e","n/e","n/e","n/e","n/e","n/e","n/e","n/e","n/e","n/e","n/e","n/e","n/e","2943","n/e","n/e","24","n/e","0","n/e","n/e","897"
"BZN|SE1","02.11.2022 10:00 - 02.11.2022 11:00 (CET/CEST)","n/e","n/e","n/e","n/e","n/e","n/e","n/e","n/e","n/e","n/e","n/e","n/e","n/e","3020","n/e","n/e","25","n/e","0","n/e","n/e","849"
"BZN|SE1","02.11.2022 11:00 - 02.11.2022 12:00 (CET/CEST)","n/e","n/e","n/e","n/e","n/e","n/e","n/e","n/e","n/e","n/e","n/e","n/e","n/e","3013","n/e","n/e","20","n/e","0","n/e","n/e","804"
"BZN|SE1","02.11.2022 12:00 - 02.11.2022 13:00 (CET/CEST)","n/e","n/e","n/e","n/e","n/e","n/e","n/e","n/e","n/e","n/e","n/e","n/e","n/e","2948","n/e","n/e","20","n/e","0","n/e","n/e","797"
"BZN|SE1","02.11.2022 13:00 - 02.11.2022 14:00 (CET/CEST)","n/e","n/e","n/e","n/e","n/e","n/e","n/e","n/e","n/e","n/e","n/e","n/e","n/e","3305","n/e","n/e","19","n/e","0","n/e","n/e","779"
"BZN|SE1","02.11.2022 14:00 - 02.11.2022 15:00 (CET/CEST)","n/e","n/e","n/e","n/e","n/e","n/e","n/e","n/e","n/e","n/e","n/e","n/e","n/e","3361","n/e","n/e","19","n/e","0","n/e","n/e","721"
"BZN|SE1","02.11.2022 15:00 - 02.11.2022 16:00 (CET/CEST)","n/e","n/e","n/e","n/e","n/e","n/e","n/e","n/e","n/e","n/e","n/e","n/e","n/e","3376","n/e","n/e","19","n/e","0","n/e","n/e","668"
"BZN|SE1","02.11.2022 16:00 - 02.11.2022 17:00 (CET/CEST)","n/e","n/e","n/e","n/e","n/e","n/e","n/e","n/e","n/e","n/e","n/e","n/e","n/e","3368","n/e","n/e","19","n/e","0","n/e","n/e","643"
"BZN|SE1","02.11.2022 17:00 - 02.11.2022 18:00 (CET/CEST)","n/e","n/e","n/e","n/e","n/e","n/e","n/e","n/e","n/e","n/e","n/e","n/e","n/e","3275","n/e","n/e","19","n/e","0","n/e","n/e","610"
"BZN|SE1","02.11.2022 18:00 - 02.11.2022 19:00 (CET/CEST)","n/e","n/e","n/e","n/e","n/e","n/e","n/e","n/e","n/e","n/e","n/e","n/e","n/e","3254","n/e","n/e","19","n/e","0","n/e","n/e","599"
"BZN|SE1","02.11.2022 19:00 - 02.11.2022 20:00 (CET/CEST)","n/e","n/e","n/e","n/e","n/e","n/e","n/e","n/e","n/e","n/e","n/e","n/e","n/e","3116","n/e","n/e","19","n/e","0","n/e","n/e","546"
"BZN|SE1","02.11.2022 20:00 - 02.11.2022 21:00 (CET/CEST)","n/e","n/e","n/e","n/e","n/e","n/e","n/e","n/e","n/e","n/e","n/e","n/e","n/e","3115","n/e","n/e","19","n/e","0","n/e","n/e","518"
"BZN|SE1","02.11.2022 21:00 - 02.11.2022 22:00 (CET/CEST)","n/e","n/e","n/e","n/e","n/e","n/e","n/e","n/e","n/e","n/e","n/e","n/e","n/e","3014","n/e","n/e","19","n/e","0","n/e","n/e","505"
"BZN|SE1","02.11.2022 22:00 - 02.11.2022 23:00 (CET/CEST)","n/e","n/e","n/e","n/e","n/e","n/e","n/e","n/e","n/e","n/e","n/e","n/e","n/e","2940","n/e","n/e","20","n/e","0","n/e","n/e","502"
"BZN|SE1","02.11.2022 23:00 - 03.11.2022 00:00 (CET/CEST)","n/e","n/e","n/e","n/e","n/e","n/e","n/e","n/e","n/e","n/e","n/e","n/e","n/e","2733","n/e","n/e","20","n/e","0","n/e","n/e","458"
"BZN|SE1","03.11.2022 00:00 - 03.11.2022 01:00 (CET/CEST)","n/e","n/e","n/e","n/e","n/e","n/e","n/e","n/e","n/e","n/e","n/e","n/e","n/e","2710","n/e","n/e","20","n/e","0","n/e","n/e","460"
"BZN|SE1","03.11.2022 01:00 - 03.11.2022 02:00 (CET/CEST)","n/e","n/e","n/e","n/e","n/e","n/e","n/e","n/e","n/e","n/e","n/e","n/e","n/e","2542","n/e","n/e","20","n/e","0","n/e","n/e","430"
"BZN|SE1","03.11.2022 02:00 - 03.11.2022 03:00 (CET/CEST)","n/e","n/e","n/e","n/e","n/e","n/e","n/e","n/e","n/e","n/e","n/e","n/e","n/e","2509","n/e","n/e","20","n/e","0","n/e","n/e","460"
"BZN|SE1","03.11.2022 03:00 - 03.11.2022 04:00 (CET/CEST)","n/e","n/e","n/e","n/e","n/e","n/e","n/e","n/e","n/e","n/e","n/e","n/e","n/e","2549","n/e","n/e","20","n/e","0","n/e","n/e","446"
"BZN|SE1","03.11.2022 04:00 - 03.11.2022 05:00 (CET/CEST)","n/e","n/e","n/e","n/e","n/e","n/e","n/e","n/e","n/e","n/e","n/e","n/e","n/e","2601","n/e","n/e","25","n/e","0","n/e","n/e","462"
"BZN|SE1","03.11.2022 05:00 - 03.11.2022 06:00 (CET/CEST)","n/e","n/e","n/e","n/e","n/e","n/e","n/e","n/e","n/e","n/e","n/e","n/e","n/e","2832","n/e","n/e","25","n/e","0","n/e","n/e","488"
"BZN|SE1","03.11.2022 06:00 - 03.11.2022 07:00 (CET/CEST)","n/e","n/e","n/e","n/e","n/e","n/e","n/e","n/e","n/e","n/e","n/e","n/e","n/e","2850","n/e","n/e","25","n/e","0","n/e","n/e","538"
"BZN|SE1","03.11.2022 07:00 - 03.11.2022 08:00 (CET/CEST)","n/e","n/e","n/e","n/e","n/e","n/e","n/e","n/e","n/e","n/e","n/e","n/e","n/e","2854","n/e","n/e","25","n/e","0","n/e","n/e","543"
"BZN|SE1","03.11.2022 08:00 - 03.11.2022 09:00 (CET/CEST)","n/e","n/e","n/e","n/e","n/e","n/e","n/e","n/e","n/e","n/e","n/e","n/e","n/e","2830","n/e","n/e","25","n/e","0","n/e","n/e","541"
"BZN|SE1","03.11.2022 09:00 - 03.11.2022 10:00 (CET/CEST)","n/e","n/e","n/e","n/e","n/e","n/e","n/e","n/e","n/e","n/e","n/e","n/e","n/e","2864","n/e","n/e","25","n/e","0","n/e","n/e","588"
"BZN|SE1","03.11.2022 10:00 - 03.11.2022 11:00 (CET/CEST)","n/e","n/e","n/e","n/e","n/e","n/e","n/e","n/e","n/e","n/e","n/e","n/e","n/e","2797","n/e","n/e","25","n/e","0","n/e","n/e","616"
"BZN|SE1","03.11.2022 11:00 - 03.11.2022 12:00 (CET/CEST)","n/e","n/e","n/e","n/e","n/e","n/e","n/e","n/e","n/e","n/e","n/e","n/e","n/e","2801","n/e","n/e","25","n/e","0","n/e","n/e","628"
"BZN|SE1","03.11.2022 12:00 - 03.11.2022 13:00 (CET/CEST)","n/e","n/e","n/e","n/e","n/e","n/e","n/e","n/e","n/e","n/e","n/e","n/e","n/e","2767","n/e","n/e","25","n/e","0","n/e","n/e","586"
"BZN|SE1","03.11.2022 13:00 - 03.11.2022 14:00 (CET/CEST)","n/e","n/e","n/e","n/e","n/e","n/e","n/e","n/e","n/e","n/e","n/e","n/e","n/e","2790","n/e","n/e","25","n/e","0","n/e","n/e","593"
"BZN|SE1","03.11.2022 14:00 - 03.11.2022 15:00 (CET/CEST)","n/e","n/e","n/e","n/e","n/e","n/e","n/e","n/e","n/e","n/e","n/e","n/e","n/e","2804","n/e","n/e","25","n/e","0","n/e","n/e","637"
"BZN|SE1","03.11.2022 15:00 - 03.11.2022 16:00 (CET/CEST)","n/e","n/e","n/e","n/e","n/e","n/e","n/e","n/e","n/e","n/e","n/e","n/e","n/e","2843","n/e","n/e","24","n/e","0","n/e","n/e","686"
"BZN|SE1","03.11.2022 16:00 - 03.11.2022 17:00 (CET/CEST)","n/e","n/e","n/e","n/e","n/e","n/e","n/e","n/e","n/e","n/e","n/e","n/e","n/e","2816","n/e","n/e","24","n/e","0","n/e","n/e","815"
"BZN|SE1","03.11.2022 17:00 - 03.11.2022 18:00 (CET/CEST)","n/e","n/e","n/e","n/e","n/e","n/e","n/e","n/e","n/e","n/e","n/e","n/e","n/e","2772","n/e","n/e","30","n/e","0","n/e","n/e","848"
"BZN|SE1","03.11.2022 18:00 - 03.11.2022 19:00 (CET/CEST)","n/e","n/e","n/e","n/e","n/e","n/e","n/e","n/e","n/e","n/e","n/e","n/e","n/e","2863","n/e","n/e","37","n/e","0","n/e","n/e","876"
"BZN|SE1","03.11.2022 19:00 - 03.11.2022 20:00 (CET/CEST)","n/e","n/e","n/e","n/e","n/e","n/e","n/e","n/e","n/e","n/e","n/e","n/e","n/e","2887","n/e","n/e","40","n/e","0","n/e","n/e","969"
"BZN|SE1","03.11.2022 20:00 - 03.11.2022 21:00 (CET/CEST)","n/e","n/e","n/e","n/e","n/e","n/e","n/e","n/e","n/e","n/e","n/e","n/e","n/e","2705","n/e","n/e","40","n/e","0","n/e","n/e","898"
"BZN|SE1","03.11.2022 21:00 - 03.11.2022 22:00 (CET/CEST)","n/e","n/e","n/e","n/e","n/e","n/e","n/e","n/e","n/e","n/e","n/e","n/e","n/e","2601","n/e","n/e","40","n/e","0","n/e","n/e","1021"
"BZN|SE1","03.11.2022 22:00 - 03.11.2022 23:00 (CET/CEST)","n/e","n/e","n/e","n/e","n/e","n/e","n/e","n/e","n/e","n/e","n/e","n/e","n/e","2541","n/e","n/e","41","n/e","0","n/e","n/e","1048"
"BZN|SE1","03.11.2022 23:00 - 04.11.2022 00:00 (CET/CEST)","n/e","n/e","n/e","n/e","n/e","n/e","n/e","n/e","n/e","n/e","n/e","n/e","n/e","2227","n/e","n/e","36","n/e","0","n/e","n/e","1064"
"BZN|SE1","04.11.2022 00:00 - 04.11.2022 01:00 (CET/CEST)","n/e","n/e","n/e","n/e","n/e","n/e","n/e","n/e","n/e","n/e","n/e","n/e","n/e","2058","n/e","n/e","31","n/e","0","n/e","n/e","1018"
"BZN|SE1","04.11.2022 01:00 - 04.11.2022 02:00 (CET/CEST)","n/e","n/e","n/e","n/e","n/e","n/e","n/e","n/e","n/e","n/e","n/e","n/e","n/e","1976","n/e","n/e","31","n/e","0","n/e","n/e","1013"
"BZN|SE1","04.11.2022 02:00 - 04.11.2022 03:00 (CET/CEST)","n/e","n/e","n/e","n/e","n/e","n/e","n/e","n/e","n/e","n/e","n/e","n/e","n/e","1949","n/e","n/e","31","n/e","0","n/e","n/e","874"
"BZN|SE1","04.11.2022 03:00 - 04.11.2022 04:00 (CET/CEST)","n/e","n/e","n/e","n/e","n/e","n/e","n/e","n/e","n/e","n/e","n/e","n/e","n/e","1949","n/e","n/e","31","n/e","0","n/e","n/e","758"
"BZN|SE1","04.11.2022 04:00 - 04.11.2022 05:00 (CET/CEST)","n/e","n/e","n/e","n/e","n/e","n/e","n/e","n/e","n/e","n/e","n/e","n/e","n/e","2057","n/e","n/e","30","n/e","0","n/e","n/e","659"
"BZN|SE1","04.11.2022 05:00 - 04.11.2022 06:00 (CET/CEST)","n/e","n/e","n/e","n/e","n/e","n/e","n/e","n/e","n/e","n/e","n/e","n/e","n/e","2345","n/e","n/e","35","n/e","0","n/e","n/e","631"
"BZN|SE1","04.11.2022 06:00 - 04.11.2022 07:00 (CET/CEST)","n/e","n/e","n/e","n/e","n/e","n/e","n/e","n/e","n/e","n/e","n/e","n/e","n/e","2746","n/e","n/e","40","n/e","0","n/e","n/e","591"
"BZN|SE1","04.11.2022 07:00 - 04.11.2022 08:00 (CET/CEST)","n/e","n/e","n/e","n/e","n/e","n/e","n/e","n/e","n/e","n/e","n/e","n/e","n/e","2806","n/e","n/e","40","n/e","0","n/e","n/e","586"
"BZN|SE1","04.11.2022 08:00 - 04.11.2022 09:00 (CET/CEST)","n/e","n/e","n/e","n/e","n/e","n/e","n/e","n/e","n/e","n/e","n/e","n/e","n/e","2824","n/e","n/e","40","n/e","0","n/e","n/e","629"
"BZN|SE1","04.11.2022 09:00 - 04.11.2022 10:00 (CET/CEST)","n/e","n/e","n/e","n/e","n/e","n/e","n/e","n/e","n/e","n/e","n/e","n/e","n/e","2936","n/e","n/e","40","n/e","0","n/e","n/e","666"
"BZN|SE1","04.11.2022 10:00 - 04.11.2022 11:00 (CET/CEST)","n/e","n/e","n/e","n/e","n/e","n/e","n/e","n/e","n/e","n/e","n/e","n/e","n/e","2874","n/e","n/e","40","n/e","0","n/e","n/e","713"
"BZN|SE1","04.11.2022 11:00 - 04.11.2022 12:00 (CET/CEST)","n/e","n/e","n/e","n/e","n/e","n/e","n/e","n/e","n/e","n/e","n/e","n/e","n/e","2878","n/e","n/e","40","n/e","0","n/e","n/e","670"
"BZN|SE1","04.11.2022 12:00 - 04.11.2022 13:00 (CET/CEST)","n/e","n/e","n/e","n/e","n/e","n/e","n/e","n/e","n/e","n/e","n/e","n/e","n/e","2782","n/e","n/e","40","n/e","0","n/e","n/e","711"
"BZN|SE1","04.11.2022 13:00 - 04.11.2022 14:00 (CET/CEST)","n/e","n/e","n/e","n/e","n/e","n/e","n/e","n/e","n/e","n/e","n/e","n/e","n/e","2748","n/e","n/e","41","n/e","0","n/e","n/e","763"
"BZN|SE1","04.11.2022 14:00 - 04.11.2022 15:00 (CET/CEST)","n/e","n/e","n/e","n/e","n/e","n/e","n/e","n/e","n/e","n/e","n/e","n/e","n/e","2670","n/e","n/e","35","n/e","0","n/e","n/e","827"
"BZN|SE1","04.11.2022 15:00 - 04.11.2022 16:00 (CET/CEST)","n/e","n/e","n/e","n/e","n/e","n/e","n/e","n/e","n/e","n/e","n/e","n/e","n/e","2542","n/e","n/e","30","n/e","0","n/e","n/e","858"
"BZN|SE1","04.11.2022 16:00 - 04.11.2022 17:00 (CET/CEST)","n/e","n/e","n/e","n/e","n/e","n/e","n/e","n/e","n/e","n/e","n/e","n/e","n/e","2545","n/e","n/e","25","n/e","0","n/e","n/e","967"
"BZN|SE1","04.11.2022 17:00 - 04.11.2022 18:00 (CET/CEST)","n/e","n/e","n/e","n/e","n/e","n/e","n/e","n/e","n/e","n/e","n/e","n/e","n/e","2527","n/e","n/e","25","n/e","0","n/e","n/e","1063"
"BZN|SE1","04.11.2022 18:00 - 04.11.2022 19:00 (CET/CEST)","n/e","n/e","n/e","n/e","n/e","n/e","n/e","n/e","n/e","n/e","n/e","n/e","n/e","2468","n/e","n/e","26","n/e","0","n/e","n/e","1053"
"BZN|SE1","04.11.2022 19:00 - 04.11.2022 20:00 (CET/CEST)","n/e","n/e","n/e","n/e","n/e","n/e","n/e","n/e","n/e","n/e","n/e","n/e","n/e","2473","n/e","n/e","26","n/e","0","n/e","n/e","1080"
"BZN|SE1","04.11.2022 20:00 - 04.11.2022 21:00 (CET/CEST)","n/e","n/e","n/e","n/e","n/e","n/e","n/e","n/e","n/e","n/e","n/e","n/e","n/e","2470","n/e","n/e","26","n/e","0","n/e","n/e","1113"
"BZN|SE1","04.11.2022 21:00 - 04.11.2022 22:00 (CET/CEST)","n/e","n/e","n/e","n/e","n/e","n/e","n/e","n/e","n/e","n/e","n/e","n/e","n/e","2443","n/e","n/e","22","n/e","0","n/e","n/e","1181"
"BZN|SE1","04.11.2022 22:00 - 04.11.2022 23:00 (CET/CEST)","n/e","n/e","n/e","n/e","n/e","n/e","n/e","n/e","n/e","n/e","n/e","n/e","n/e","2408","n/e","n/e","25","n/e","0","n/e","n/e","1138"
"BZN|SE1","04.11.2022 23:00 - 05.11.2022 00:00 (CET/CEST)","n/e","n/e","n/e","n/e","n/e","n/e","n/e","n/e","n/e","n/e","n/e","n/e","n/e","2216","n/e","n/e","25","n/e","0","n/e","n/e","1171"
"BZN|SE1","05.11.2022 00:00 - 05.11.2022 01:00 (CET/CEST)","n/e","n/e","n/e","n/e","n/e","n/e","n/e","n/e","n/e","n/e","n/e","n/e","n/e","2441","n/e","n/e","25","n/e","0","n/e","n/e","1218"
"BZN|SE1","05.11.2022 01:00 - 05.11.2022 02:00 (CET/CEST)","n/e","n/e","n/e","n/e","n/e","n/e","n/e","n/e","n/e","n/e","n/e","n/e","n/e","2379","n/e","n/e","25","n/e","0","n/e","n/e","1151"
"BZN|SE1","05.11.2022 02:00 - 05.11.2022 03:00 (CET/CEST)","n/e","n/e","n/e","n/e","n/e","n/e","n/e","n/e","n/e","n/e","n/e","n/e","n/e","2372","n/e","n/e","25","n/e","0","n/e","n/e","1056"
"BZN|SE1","05.11.2022 03:00 - 05.11.2022 04:00 (CET/CEST)","n/e","n/e","n/e","n/e","n/e","n/e","n/e","n/e","n/e","n/e","n/e","n/e","n/e","2381","n/e","n/e","25","n/e","0","n/e","n/e","1066"
"BZN|SE1","05.11.2022 04:00 - 05.11.2022 05:00 (CET/CEST)","n/e","n/e","n/e","n/e","n/e","n/e","n/e","n/e","n/e","n/e","n/e","n/e","n/e","2429","n/e","n/e","25","n/e","0","n/e","n/e","1117"
"BZN|SE1","05.11.2022 05:00 - 05.11.2022 06:00 (CET/CEST)","n/e","n/e","n/e","n/e","n/e","n/e","n/e","n/e","n/e","n/e","n/e","n/e","n/e","2438","n/e","n/e","25","n/e","0","n/e","n/e","1184"
"BZN|SE1","05.11.2022 06:00 - 05.11.2022 07:00 (CET/CEST)","n/e","n/e","n/e","n/e","n/e","n/e","n/e","n/e","n/e","n/e","n/e","n/e","n/e","2535","n/e","n/e","25","n/e","0","n/e","n/e","1140"
"BZN|SE1","05.11.2022 07:00 - 05.11.2022 08:00 (CET/CEST)","n/e","n/e","n/e","n/e","n/e","n/e","n/e","n/e","n/e","n/e","n/e","n/e","n/e","2560","n/e","n/e","25","n/e","0","n/e","n/e","1102"
"BZN|SE1","05.11.2022 08:00 - 05.11.2022 09:00 (CET/CEST)","n/e","n/e","n/e","n/e","n/e","n/e","n/e","n/e","n/e","n/e","n/e","n/e","n/e","2615","n/e","n/e","25","n/e","0","n/e","n/e","1090"
"BZN|SE1","05.11.2022 09:00 - 05.11.2022 10:00 (CET/CEST)","n/e","n/e","n/e","n/e","n/e","n/e","n/e","n/e","n/e","n/e","n/e","n/e","n/e","2613","n/e","n/e","26","n/e","0","n/e","n/e","1026"
"BZN|SE1","05.11.2022 10:00 - 05.11.2022 11:00 (CET/CEST)","n/e","n/e","n/e","n/e","n/e","n/e","n/e","n/e","n/e","n/e","n/e","n/e","n/e","2639","n/e","n/e","25","n/e","0","n/e","n/e","932"
"BZN|SE1","05.11.2022 11:00 - 05.11.2022 12:00 (CET/CEST)","n/e","n/e","n/e","n/e","n/e","n/e","n/e","n/e","n/e","n/e","n/e","n/e","n/e","2658","n/e","n/e","25","n/e","0","n/e","n/e","920"
"BZN|SE1","05.11.2022 12:00 - 05.11.2022 13:00 (CET/CEST)","n/e","n/e","n/e","n/e","n/e","n/e","n/e","n/e","n/e","n/e","n/e","n/e","n/e","2651","n/e","n/e","25","n/e","0","n/e","n/e","903"
"BZN|SE1","05.11.2022 13:00 - 05.11.2022 14:00 (CET/CEST)","n/e","n/e","n/e","n/e","n/e","n/e","n/e","n/e","n/e","n/e","n/e","n/e","n/e","2707","n/e","n/e","25","n/e","0","n/e","n/e","853"
"BZN|SE1","05.11.2022 14:00 - 05.11.2022 15:00 (CET/CEST)","n/e","n/e","n/e","n/e","n/e","n/e","n/e","n/e","n/e","n/e","n/e","n/e","n/e","2696","n/e","n/e","25","n/e","0","n/e","n/e","858"
"BZN|SE1","05.11.2022 15:00 - 05.11.2022 16:00 (CET/CEST)","n/e","n/e","n/e","n/e","n/e","n/e","n/e","n/e","n/e","n/e","n/e","n/e","n/e","2706","n/e","n/e","25","n/e","0","n/e","n/e","896"
"BZN|SE1","05.11.2022 16:00 - 05.11.2022 17:00 (CET/CEST)","n/e","n/e","n/e","n/e","n/e","n/e","n/e","n/e","n/e","n/e","n/e","n/e","n/e","2764","n/e","n/e","26","n/e","0","n/e","n/e","913"
"BZN|SE1","05.11.2022 17:00 - 05.11.2022 18:00 (CET/CEST)","n/e","n/e","n/e","n/e","n/e","n/e","n/e","n/e","n/e","n/e","n/e","n/e","n/e","2774","n/e","n/e","26","n/e","0","n/e","n/e","875"
"BZN|SE1","05.11.2022 18:00 - 05.11.2022 19:00 (CET/CEST)","n/e","n/e","n/e","n/e","n/e","n/e","n/e","n/e","n/e","n/e","n/e","n/e","n/e","2796","n/e","n/e","24","n/e","0","n/e","n/e","859"
"BZN|SE1","05.11.2022 19:00 - 05.11.2022 20:00 (CET/CEST)","n/e","n/e","n/e","n/e","n/e","n/e","n/e","n/e","n/e","n/e","n/e","n/e","n/e","2811","n/e","n/e","24","n/e","0","n/e","n/e","840"
"BZN|SE1","05.11.2022 20:00 - 05.11.2022 21:00 (CET/CEST)","n/e","n/e","n/e","n/e","n/e","n/e","n/e","n/e","n/e","n/e","n/e","n/e","n/e","2830","n/e","n/e","24","n/e","0","n/e","n/e","833"
"BZN|SE1","05.11.2022 21:00 - 05.11.2022 22:00 (CET/CEST)","n/e","n/e","n/e","n/e","n/e","n/e","n/e","n/e","n/e","n/e","n/e","n/e","n/e","2814","n/e","n/e","24","n/e","0","n/e","n/e","794"
"BZN|SE1","05.11.2022 22:00 - 05.11.2022 23:00 (CET/CEST)","n/e","n/e","n/e","n/e","n/e","n/e","n/e","n/e","n/e","n/e","n/e","n/e","n/e","2802","n/e","n/e","25","n/e","0","n/e","n/e","733"
"BZN|SE1","05.11.2022 23:00 - 06.11.2022 00:00 (CET/CEST)","n/e","n/e","n/e","n/e","n/e","n/e","n/e","n/e","n/e","n/e","n/e","n/e","n/e","2610","n/e","n/e","25","n/e","0","n/e","n/e","649"
"BZN|SE1","06.11.2022 00:00 - 06.11.2022 01:00 (CET/CEST)","n/e","n/e","n/e","n/e","n/e","n/e","n/e","n/e","n/e","n/e","n/e","n/e","n/e","2655","n/e","n/e","25","n/e","0","n/e","n/e","648"
"BZN|SE1","06.11.2022 01:00 - 06.11.2022 02:00 (CET/CEST)","n/e","n/e","n/e","n/e","n/e","n/e","n/e","n/e","n/e","n/e","n/e","n/e","n/e","2490","n/e","n/e","25","n/e","0","n/e","n/e","568"
"BZN|SE1","06.11.2022 02:00 - 06.11.2022 03:00 (CET/CEST)","n/e","n/e","n/e","n/e","n/e","n/e","n/e","n/e","n/e","n/e","n/e","n/e","n/e","2521","n/e","n/e","25","n/e","0","n/e","n/e","534"
"BZN|SE1","06.11.2022 03:00 - 06.11.2022 04:00 (CET/CEST)","n/e","n/e","n/e","n/e","n/e","n/e","n/e","n/e","n/e","n/e","n/e","n/e","n/e","2329","n/e","n/e","25","n/e","0","n/e","n/e","447"
"BZN|SE1","06.11.2022 04:00 - 06.11.2022 05:00 (CET/CEST)","n/e","n/e","n/e","n/e","n/e","n/e","n/e","n/e","n/e","n/e","n/e","n/e","n/e","2509","n/e","n/e","25","n/e","0","n/e","n/e","388"
"BZN|SE1","06.11.2022 05:00 - 06.11.2022 06:00 (CET/CEST)","n/e","n/e","n/e","n/e","n/e","n/e","n/e","n/e","n/e","n/e","n/e","n/e","n/e","2583","n/e","n/e","25","n/e","0","n/e","n/e","354"
"BZN|SE1","06.11.2022 06:00 - 06.11.2022 07:00 (CET/CEST)","n/e","n/e","n/e","n/e","n/e","n/e","n/e","n/e","n/e","n/e","n/e","n/e","n/e","2707","n/e","n/e","25","n/e","0","n/e","n/e","300"
"BZN|SE1","06.11.2022 07:00 - 06.11.2022 08:00 (CET/CEST)","n/e","n/e","n/e","n/e","n/e","n/e","n/e","n/e","n/e","n/e","n/e","n/e","n/e","2681","n/e","n/e","25","n/e","0","n/e","n/e","237"
"BZN|SE1","06.11.2022 08:00 - 06.11.2022 09:00 (CET/CEST)","n/e","n/e","n/e","n/e","n/e","n/e","n/e","n/e","n/e","n/e","n/e","n/e","n/e","2807","n/e","n/e","25","n/e","0","n/e","n/e","170"
"BZN|SE1","06.11.2022 09:00 - 06.11.2022 10:00 (CET/CEST)","n/e","n/e","n/e","n/e","n/e","n/e","n/e","n/e","n/e","n/e","n/e","n/e","n/e","2823","n/e","n/e","24","n/e","0","n/e","n/e","157"
"BZN|SE1","06.11.2022 10:00 - 06.11.2022 11:00 (CET/CEST)","n/e","n/e","n/e","n/e","n/e","n/e","n/e","n/e","n/e","n/e","n/e","n/e","n/e","2928","n/e","n/e","30","n/e","0","n/e","n/e","133"
"BZN|SE1","06.11.2022 11:00 - 06.11.2022 12:00 (CET/CEST)","n/e","n/e","n/e","n/e","n/e","n/e","n/e","n/e","n/e","n/e","n/e","n/e","n/e","2967","n/e","n/e","37","n/e","0","n/e","n/e","121"
"BZN|SE1","06.11.2022 12:00 - 06.11.2022 13:00 (CET/CEST)","n/e","n/e","n/e","n/e","n/e","n/e","n/e","n/e","n/e","n/e","n/e","n/e","n/e","3009","n/e","n/e","40","n/e","0","n/e","n/e","120"
"BZN|SE1","06.11.2022 13:00 - 06.11.2022 14:00 (CET/CEST)","n/e","n/e","n/e","n/e","n/e","n/e","n/e","n/e","n/e","n/e","n/e","n/e","n/e","3008","n/e","n/e","41","n/e","0","n/e","n/e","95"
"BZN|SE1","06.11.2022 14:00 - 06.11.2022 15:00 (CET/CEST)","n/e","n/e","n/e","n/e","n/e","n/e","n/e","n/e","n/e","n/e","n/e","n/e","n/e","3024","n/e","n/e","40","n/e","0","n/e","n/e","65"
"BZN|SE1","06.11.2022 15:00 - 06.11.2022 16:00 (CET/CEST)","n/e","n/e","n/e","n/e","n/e","n/e","n/e","n/e","n/e","n/e","n/e","n/e","n/e","3037","n/e","n/e","40","n/e","0","n/e","n/e","48"
"BZN|SE1","06.11.2022 16:00 - 06.11.2022 17:00 (CET/CEST)","n/e","n/e","n/e","n/e","n/e","n/e","n/e","n/e","n/e","n/e","n/e","n/e","n/e","3210","n/e","n/e","40","n/e","0","n/e","n/e","42"
"BZN|SE1","06.11.2022 17:00 - 06.11.2022 18:00 (CET/CEST)","n/e","n/e","n/e","n/e","n/e","n/e","n/e","n/e","n/e","n/e","n/e","n/e","n/e","3641","n/e","n/e","40","n/e","0","n/e","n/e","42"
"BZN|SE1","06.11.2022 18:00 - 06.11.2022 19:00 (CET/CEST)","n/e","n/e","n/e","n/e","n/e","n/e","n/e","n/e","n/e","n/e","n/e","n/e","n/e","3607","n/e","n/e","41","n/e","0","n/e","n/e","53"
"BZN|SE1","06.11.2022 19:00 - 06.11.2022 20:00 (CET/CEST)","n/e","n/e","n/e","n/e","n/e","n/e","n/e","n/e","n/e","n/e","n/e","n/e","n/e","3374","n/e","n/e","41","n/e","0","n/e","n/e","58"
"BZN|SE1","06.11.2022 20:00 - 06.11.2022 21:00 (CET/CEST)","n/e","n/e","n/e","n/e","n/e","n/e","n/e","n/e","n/e","n/e","n/e","n/e","n/e","3116","n/e","n/e","41","n/e","0","n/e","n/e","78"
"BZN|SE1","06.11.2022 21:00 - 06.11.2022 22:00 (CET/CEST)","n/e","n/e","n/e","n/e","n/e","n/e","n/e","n/e","n/e","n/e","n/e","n/e","n/e","2843","n/e","n/e","36","n/e","0","n/e","n/e","93"
"BZN|SE1","06.11.2022 22:00 - 06.11.2022 23:00 (CET/CEST)","n/e","n/e","n/e","n/e","n/e","n/e","n/e","n/e","n/e","n/e","n/e","n/e","n/e","2830","n/e","n/e","36","n/e","0","n/e","n/e","107"
"BZN|SE1","06.11.2022 23:00 - 07.11.2022 00:00 (CET/CEST)","n/e","n/e","n/e","n/e","n/e","n/e","n/e","n/e","n/e","n/e","n/e","n/e","n/e","2402","n/e","n/e","36","n/e","0","n/e","n/e","119"
"BZN|SE1","07.11.2022 00:00 - 07.11.2022 01:00 (CET/CEST)","n/e","n/e","n/e","n/e","n/e","n/e","n/e","n/e","n/e","n/e","n/e","n/e","n/e","2085","n/e","n/e","32","n/e","0","n/e","n/e","139"
"BZN|SE1","07.11.2022 01:00 - 07.11.2022 02:00 (CET/CEST)","n/e","n/e","n/e","n/e","n/e","n/e","n/e","n/e","n/e","n/e","n/e","n/e","n/e","1655","n/e","n/e","32","n/e","0","n/e","n/e","137"
"BZN|SE1","07.11.2022 02:00 - 07.11.2022 03:00 (CET/CEST)","n/e","n/e","n/e","n/e","n/e","n/e","n/e","n/e","n/e","n/e","n/e","n/e","n/e","1293","n/e","n/e","32","n/e","0","n/e","n/e","130"
"BZN|SE1","07.11.2022 03:00 - 07.11.2022 04:00 (CET/CEST)","n/e","n/e","n/e","n/e","n/e","n/e","n/e","n/e","n/e","n/e","n/e","n/e","n/e","1395","n/e","n/e","32","n/e","0","n/e","n/e","159"
"BZN|SE1","07.11.2022 04:00 - 07.11.2022 05:00 (CET/CEST)","n/e","n/e","n/e","n/e","n/e","n/e","n/e","n/e","n/e","n/e","n/e","n/e","n/e","1655","n/e","n/e","31","n/e","0","n/e","n/e","171"
"BZN|SE1","07.11.2022 05:00 - 07.11.2022 06:00 (CET/CEST)","n/e","n/e","n/e","n/e","n/e","n/e","n/e","n/e","n/e","n/e","n/e","n/e","n/e","2512","n/e","n/e","30","n/e","0","n/e","n/e","176"
"BZN|SE1","07.11.2022 06:00 - 07.11.2022 07:00 (CET/CEST)","n/e","n/e","n/e","n/e","n/e","n/e","n/e","n/e","n/e","n/e","n/e","n/e","n/e","3104","n/e","n/e","29","n/e","0","n/e","n/e","183"
"BZN|SE1","07.11.2022 07:00 - 07.11.2022 08:00 (CET/CEST)","n/e","n/e","n/e","n/e","n/e","n/e","n/e","n/e","n/e","n/e","n/e","n/e","n/e","3351","n/e","n/e","30","n/e","0","n/e","n/e","185"
"BZN|SE1","07.11.2022 08:00 - 07.11.2022 09:00 (CET/CEST)","n/e","n/e","n/e","n/e","n/e","n/e","n/e","n/e","n/e","n/e","n/e","n/e","n/e","3432","n/e","n/e","29","n/e","0","n/e","n/e","171"
"BZN|SE1","07.11.2022 09:00 - 07.11.2022 10:00 (CET/CEST)","n/e","n/e","n/e","n/e","n/e","n/e","n/e","n/e","n/e","n/e","n/e","n/e","n/e","3450","n/e","n/e","29","n/e","0","n/e","n/e","153"
"BZN|SE1","07.11.2022 10:00 - 07.11.2022 11:00 (CET/CEST)","n/e","n/e","n/e","n/e","n/e","n/e","n/e","n/e","n/e","n/e","n/e","n/e","n/e","3470","n/e","n/e","31","n/e","0","n/e","n/e","180"
"BZN|SE1","07.11.2022 11:00 - 07.11.2022 12:00 (CET/CEST)","n/e","n/e","n/e","n/e","n/e","n/e","n/e","n/e","n/e","n/e","n/e","n/e","n/e","3433","n/e","n/e","31","n/e","0","n/e","n/e","118"
"BZN|SE1","07.11.2022 12:00 - 07.11.2022 13:00 (CET/CEST)","n/e","n/e","n/e","n/e","n/e","n/e","n/e","n/e","n/e","n/e","n/e","n/e","n/e","3410","n/e","n/e","31","n/e","0","n/e","n/e","107"
"BZN|SE1","07.11.2022 13:00 - 07.11.2022 14:00 (CET/CEST)","n/e","n/e","n/e","n/e","n/e","n/e","n/e","n/e","n/e","n/e","n/e","n/e","n/e","3380","n/e","n/e","32","n/e","0","n/e","n/e","127"
"BZN|SE1","07.11.2022 14:00 - 07.11.2022 15:00 (CET/CEST)","n/e","n/e","n/e","n/e","n/e","n/e","n/e","n/e","n/e","n/e","n/e","n/e","n/e","3401","n/e","n/e","31","n/e","0","n/e","n/e","163"
"BZN|SE1","07.11.2022 15:00 - 07.11.2022 16:00 (CET/CEST)","n/e","n/e","n/e","n/e","n/e","n/e","n/e","n/e","n/e","n/e","n/e","n/e","n/e","3430","n/e","n/e","30","n/e","0","n/e","n/e","204"
"BZN|SE1","07.11.2022 16:00 - 07.11.2022 17:00 (CET/CEST)","n/e","n/e","n/e","n/e","n/e","n/e","n/e","n/e","n/e","n/e","n/e","n/e","n/e","3470","n/e","n/e","30","n/e","0","n/e","n/e","207"
"BZN|SE1","07.11.2022 17:00 - 07.11.2022 18:00 (CET/CEST)","n/e","n/e","n/e","n/e","n/e","n/e","n/e","n/e","n/e","n/e","n/e","n/e","n/e","3483","n/e","n/e","29","n/e","0","n/e","n/e","205"
"BZN|SE1","07.11.2022 18:00 - 07.11.2022 19:00 (CET/CEST)","n/e","n/e","n/e","n/e","n/e","n/e","n/e","n/e","n/e","n/e","n/e","n/e","n/e","3456","n/e","n/e","31","n/e","0","n/e","n/e","217"
"BZN|SE1","07.11.2022 19:00 - 07.11.2022 20:00 (CET/CEST)","n/e","n/e","n/e","n/e","n/e","n/e","n/e","n/e","n/e","n/e","n/e","n/e","n/e","3305","n/e","n/e","31","n/e","0","n/e","n/e","207"
"BZN|SE1","07.11.2022 20:00 - 07.11.2022 21:00 (CET/CEST)","n/e","n/e","n/e","n/e","n/e","n/e","n/e","n/e","n/e","n/e","n/e","n/e","n/e","3161","n/e","n/e","30","n/e","0","n/e","n/e","200"
"BZN|SE1","07.11.2022 21:00 - 07.11.2022 22:00 (CET/CEST)","n/e","n/e","n/e","n/e","n/e","n/e","n/e","n/e","n/e","n/e","n/e","n/e","n/e","3039","n/e","n/e","29","n/e","0","n/e","n/e","233"
"BZN|SE1","07.11.2022 22:00 - 07.11.2022 23:00 (CET/CEST)","n/e","n/e","n/e","n/e","n/e","n/e","n/e","n/e","n/e","n/e","n/e","n/e","n/e","2848","n/e","n/e","38","n/e","0","n/e","n/e","276"
"BZN|SE1","07.11.2022 23:00 - 08.11.2022 00:00 (CET/CEST)","n/e","n/e","n/e","n/e","n/e","n/e","n/e","n/e","n/e","n/e","n/e","n/e","n/e","2776","n/e","n/e","39","n/e","0","n/e","n/e","315"
"BZN|SE1","08.11.2022 00:00 - 08.11.2022 01:00 (CET/CEST)","n/e","n/e","n/e","n/e","n/e","n/e","n/e","n/e","n/e","n/e","n/e","n/e","n/e","2662","n/e","n/e","32","n/e","0","n/e","n/e","430"
"BZN|SE1","08.11.2022 01:00 - 08.11.2022 02:00 (CET/CEST)","n/e","n/e","n/e","n/e","n/e","n/e","n/e","n/e","n/e","n/e","n/e","n/e","n/e","2667","n/e","n/e","33","n/e","0","n/e","n/e","548"
"BZN|SE1","08.11.2022 02:00 - 08.11.2022 03:00 (CET/CEST)","n/e","n/e","n/e","n/e","n/e","n/e","n/e","n/e","n/e","n/e","n/e","n/e","n/e","2684","n/e","n/e","32","n/e","0","n/e","n/e","614"
"BZN|SE1","08.11.2022 03:00 - 08.11.2022 04:00 (CET/CEST)","n/e","n/e","n/e","n/e","n/e","n/e","n/e","n/e","n/e","n/e","n/e","n/e","n/e","2815","n/e","n/e","32","n/e","0","n/e","n/e","645"
"BZN|SE1","08.11.2022 04:00 - 08.11.2022 05:00 (CET/CEST)","n/e","n/e","n/e","n/e","n/e","n/e","n/e","n/e","n/e","n/e","n/e","n/e","n/e","2731","n/e","n/e","32","n/e","0","n/e","n/e","769"
"BZN|SE1","08.11.2022 05:00 - 08.11.2022 06:00 (CET/CEST)","n/e","n/e","n/e","n/e","n/e","n/e","n/e","n/e","n/e","n/e","n/e","n/e","n/e","2911","n/e","n/e","28","n/e","0","n/e","n/e","745"
"BZN|SE1","08.11.2022 06:00 - 08.11.2022 07:00 (CET/CEST)","n/e","n/e","n/e","n/e","n/e","n/e","n/e","n/e","n/e","n/e","n/e","n/e","n/e","3209","n/e","n/e","24","n/e","0","n/e","n/e","726"
"BZN|SE1","08.11.2022 07:00 - 08.11.2022 08:00 (CET/CEST)","n/e","n/e","n/e","n/e","n/e","n/e","n/e","n/e","n/e","n/e","n/e","n/e","n/e","3304","n/e","n/e","25","n/e","0","n/e","n/e","627"
"BZN|SE1","08.11.2022 08:00 - 08.11.2022 09:00 (CET/CEST)","n/e","n/e","n/e","n/e","n/e","n/e","n/e","n/e","n/e","n/e","n/e","n/e","n/e","3398","n/e","n/e","25","n/e","0","n/e","n/e","579"
"BZN|SE1","08.11.2022 09:00 - 08.11.2022 10:00 (CET/CEST)","n/e","n/e","n/e","n/e","n/e","n/e","n/e","n/e","n/e","n/e","n/e","n/e","n/e","3371","n/e","n/e","24","n/e","0","n/e","n/e","638"
"BZN|SE1","08.11.2022 10:00 - 08.11.2022 11:00 (CET/CEST)","n/e","n/e","n/e","n/e","n/e","n/e","n/e","n/e","n/e","n/e","n/e","n/e","n/e","3370","n/e","n/e","25","n/e","0","n/e","n/e","495"
"BZN|SE1","08.11.2022 11:00 - 08.11.2022 12:00 (CET/CEST)","n/e","n/e","n/e","n/e","n/e","n/e","n/e","n/e","n/e","n/e","n/e","n/e","n/e","3373","n/e","n/e","26","n/e","0","n/e","n/e","446"
"BZN|SE1","08.11.2022 12:00 - 08.11.2022 13:00 (CET/CEST)","n/e","n/e","n/e","n/e","n/e","n/e","n/e","n/e","n/e","n/e","n/e","n/e","n/e","3372","n/e","n/e","26","n/e","0","n/e","n/e","396"
"BZN|SE1","08.11.2022 13:00 - 08.11.2022 14:00 (CET/CEST)","n/e","n/e","n/e","n/e","n/e","n/e","n/e","n/e","n/e","n/e","n/e","n/e","n/e","3359","n/e","n/e","27","n/e","0","n/e","n/e","361"
"BZN|SE1","08.11.2022 14:00 - 08.11.2022 15:00 (CET/CEST)","n/e","n/e","n/e","n/e","n/e","n/e","n/e","n/e","n/e","n/e","n/e","n/e","n/e","3338","n/e","n/e","26","n/e","0","n/e","n/e","364"
"BZN|SE1","08.11.2022 15:00 - 08.11.2022 16:00 (CET/CEST)","n/e","n/e","n/e","n/e","n/e","n/e","n/e","n/e","n/e","n/e","n/e","n/e","n/e","3370","n/e","n/e","25","n/e","0","n/e","n/e","351"
"BZN|SE1","08.11.2022 16:00 - 08.11.2022 17:00 (CET/CEST)","n/e","n/e","n/e","n/e","n/e","n/e","n/e","n/e","n/e","n/e","n/e","n/e","n/e","3576","n/e","n/e","22","n/e","0","n/e","n/e","330"
"BZN|SE1","08.11.2022 17:00 - 08.11.2022 18:00 (CET/CEST)","n/e","n/e","n/e","n/e","n/e","n/e","n/e","n/e","n/e","n/e","n/e","n/e","n/e","3566","n/e","n/e","25","n/e","0","n/e","n/e","302"
"BZN|SE1","08.11.2022 18:00 - 08.11.2022 19:00 (CET/CEST)","n/e","n/e","n/e","n/e","n/e","n/e","n/e","n/e","n/e","n/e","n/e","n/e","n/e","3433","n/e","n/e","27","n/e","0","n/e","n/e","262"
"BZN|SE1","08.11.2022 19:00 - 08.11.2022 20:00 (CET/CEST)","n/e","n/e","n/e","n/e","n/e","n/e","n/e","n/e","n/e","n/e","n/e","n/e","n/e","3190","n/e","n/e","27","n/e","0","n/e","n/e","237"
"BZN|SE1","08.11.2022 20:00 - 08.11.2022 21:00 (CET/CEST)","n/e","n/e","n/e","n/e","n/e","n/e","n/e","n/e","n/e","n/e","n/e","n/e","n/e","2995","n/e","n/e","27","n/e","0","n/e","n/e","273"
"BZN|SE1","08.11.2022 21:00 - 08.11.2022 22:00 (CET/CEST)","n/e","n/e","n/e","n/e","n/e","n/e","n/e","n/e","n/e","n/e","n/e","n/e","n/e","2783","n/e","n/e","27","n/e","0","n/e","n/e","211"
"BZN|SE1","08.11.2022 22:00 - 08.11.2022 23:00 (CET/CEST)","n/e","n/e","n/e","n/e","n/e","n/e","n/e","n/e","n/e","n/e","n/e","n/e","n/e","2729","n/e","n/e","28","n/e","0","n/e","n/e","181"
"BZN|SE1","08.11.2022 23:00 - 09.11.2022 00:00 (CET/CEST)","n/e","n/e","n/e","n/e","n/e","n/e","n/e","n/e","n/e","n/e","n/e","n/e","n/e","2528","n/e","n/e","28","n/e","0","n/e","n/e","169"
"BZN|SE1","09.11.2022 00:00 - 09.11.2022 01:00 (CET/CEST)","n/e","n/e","n/e","n/e","n/e","n/e","n/e","n/e","n/e","n/e","n/e","n/e","n/e","2374","n/e","n/e","30","n/e","0","n/e","n/e","116"
"BZN|SE1","09.11.2022 01:00 - 09.11.2022 02:00 (CET/CEST)","n/e","n/e","n/e","n/e","n/e","n/e","n/e","n/e","n/e","n/e","n/e","n/e","n/e","2235","n/e","n/e","31","n/e","0","n/e","n/e","114"
"BZN|SE1","09.11.2022 02:00 - 09.11.2022 03:00 (CET/CEST)","n/e","n/e","n/e","n/e","n/e","n/e","n/e","n/e","n/e","n/e","n/e","n/e","n/e","2184","n/e","n/e","30","n/e","0","n/e","n/e","103"
"BZN|SE1","09.11.2022 03:00 - 09.11.2022 04:00 (CET/CEST)","n/e","n/e","n/e","n/e","n/e","n/e","n/e","n/e","n/e","n/e","n/e","n/e","n/e","2102","n/e","n/e","30","n/e","0","n/e","n/e","135"
"BZN|SE1","09.11.2022 04:00 - 09.11.2022 05:00 (CET/CEST)","n/e","n/e","n/e","n/e","n/e","n/e","n/e","n/e","n/e","n/e","n/e","n/e","n/e","2220","n/e","n/e","34","n/e","0","n/e","n/e","123"
"BZN|SE1","09.11.2022 05:00 - 09.11.2022 06:00 (CET/CEST)","n/e","n/e","n/e","n/e","n/e","n/e","n/e","n/e","n/e","n/e","n/e","n/e","n/e","2430","n/e","n/e","34","n/e","0","n/e","n/e","122"
"BZN|SE1","09.11.2022 06:00 - 09.11.2022 07:00 (CET/CEST)","n/e","n/e","n/e","n/e","n/e","n/e","n/e","n/e","n/e","n/e","n/e","n/e","n/e","2534","n/e","n/e","34","n/e","0","n/e","n/e","128"
"BZN|SE1","09.11.2022 07:00 - 09.11.2022 08:00 (CET/CEST)","n/e","n/e","n/e","n/e","n/e","n/e","n/e","n/e","n/e","n/e","n/e","n/e","n/e","2797","n/e","n/e","36","n/e","0","n/e","n/e","139"
"BZN|SE1","09.11.2022 08:00 - 09.11.2022 09:00 (CET/CEST)","n/e","n/e","n/e","n/e","n/e","n/e","n/e","n/e","n/e","n/e","n/e","n/e","n/e","2981","n/e","n/e","35","n/e","0","n/e","n/e","128"
"BZN|SE1","09.11.2022 09:00 - 09.11.2022 10:00 (CET/CEST)","n/e","n/e","n/e","n/e","n/e","n/e","n/e","n/e","n/e","n/e","n/e","n/e","n/e","3003","n/e","n/e","34","n/e","0","n/e","n/e","113"
"BZN|SE1","09.11.2022 10:00 - 09.11.2022 11:00 (CET/CEST)","n/e","n/e","n/e","n/e","n/e","n/e","n/e","n/e","n/e","n/e","n/e","n/e","n/e","3167","n/e","n/e","35","n/e","0","n/e","n/e","106"
"BZN|SE1","09.11.2022 11:00 - 09.11.2022 12:00 (CET/CEST)","n/e","n/e","n/e","n/e","n/e","n/e","n/e","n/e","n/e","n/e","n/e","n/e","n/e","3060","n/e","n/e","35","n/e","0","n/e","n/e","113"
"BZN|SE1","09.11.2022 12:00 - 09.11.2022 13:00 (CET/CEST)","n/e","n/e","n/e","n/e","n/e","n/e","n/e","n/e","n/e","n/e","n/e","n/e","n/e","3007","n/e","n/e","35","n/e","0","n/e","n/e","124"
"BZN|SE1","09.11.2022 13:00 - 09.11.2022 14:00 (CET/CEST)","n/e","n/e","n/e","n/e","n/e","n/e","n/e","n/e","n/e","n/e","n/e","n/e","n/e","3247","n/e","n/e","36","n/e","0","n/e","n/e","141"
"BZN|SE1","09.11.2022 14:00 - 09.11.2022 15:00 (CET/CEST)","n/e","n/e","n/e","n/e","n/e","n/e","n/e","n/e","n/e","n/e","n/e","n/e","n/e","3167","n/e","n/e","35","n/e","0","n/e","n/e","170"
"BZN|SE1","09.11.2022 15:00 - 09.11.2022 16:00 (CET/CEST)","n/e","n/e","n/e","n/e","n/e","n/e","n/e","n/e","n/e","n/e","n/e","n/e","n/e","3285","n/e","n/e","34","n/e","0","n/e","n/e","180"
"BZN|SE1","09.11.2022 16:00 - 09.11.2022 17:00 (CET/CEST)","n/e","n/e","n/e","n/e","n/e","n/e","n/e","n/e","n/e","n/e","n/e","n/e","n/e","3307","n/e","n/e","32","n/e","0","n/e","n/e","162"
"BZN|SE1","09.11.2022 17:00 - 09.11.2022 18:00 (CET/CEST)","n/e","n/e","n/e","n/e","n/e","n/e","n/e","n/e","n/e","n/e","n/e","n/e","n/e","3350","n/e","n/e","31","n/e","0","n/e","n/e","165"
"BZN|SE1","09.11.2022 18:00 - 09.11.2022 19:00 (CET/CEST)","n/e","n/e","n/e","n/e","n/e","n/e","n/e","n/e","n/e","n/e","n/e","n/e","n/e","3345","n/e","n/e","33","n/e","0","n/e","n/e","184"
"BZN|SE1","09.11.2022 19:00 - 09.11.2022 20:00 (CET/CEST)","n/e","n/e","n/e","n/e","n/e","n/e","n/e","n/e","n/e","n/e","n/e","n/e","n/e","3291","n/e","n/e","30","n/e","0","n/e","n/e","178"
"BZN|SE1","09.11.2022 20:00 - 09.11.2022 21:00 (CET/CEST)","n/e","n/e","n/e","n/e","n/e","n/e","n/e","n/e","n/e","n/e","n/e","n/e","n/e","3268","n/e","n/e","28","n/e","0","n/e","n/e","192"
"BZN|SE1","09.11.2022 21:00 - 09.11.2022 22:00 (CET/CEST)","n/e","n/e","n/e","n/e","n/e","n/e","n/e","n/e","n/e","n/e","n/e","n/e","n/e","3107","n/e","n/e","27","n/e","0","n/e","n/e","185"
"BZN|SE1","09.11.2022 22:00 - 09.11.2022 23:00 (CET/CEST)","n/e","n/e","n/e","n/e","n/e","n/e","n/e","n/e","n/e","n/e","n/e","n/e","n/e","2876","n/e","n/e","26","n/e","0","n/e","n/e","180"
"BZN|SE1","09.11.2022 23:00 - 10.11.2022 00:00 (CET/CEST)","n/e","n/e","n/e","n/e","n/e","n/e","n/e","n/e","n/e","n/e","n/e","n/e","n/e","2605","n/e","n/e","27","n/e","0","n/e","n/e","174"
"BZN|SE1","10.11.2022 00:00 - 10.11.2022 01:00 (CET/CEST)","n/e","n/e","n/e","n/e","n/e","n/e","n/e","n/e","n/e","n/e","n/e","n/e","n/e","2333","n/e","n/e","26","n/e","0","n/e","n/e","153"
"BZN|SE1","10.11.2022 01:00 - 10.11.2022 02:00 (CET/CEST)","n/e","n/e","n/e","n/e","n/e","n/e","n/e","n/e","n/e","n/e","n/e","n/e","n/e","2306","n/e","n/e","27","n/e","0","n/e","n/e","143"
"BZN|SE1","10.11.2022 02:00 - 10.11.2022 03:00 (CET/CEST)","n/e","n/e","n/e","n/e","n/e","n/e","n/e","n/e","n/e","n/e","n/e","n/e","n/e","2293","n/e","n/e","27","n/e","0","n/e","n/e","112"
"BZN|SE1","10.11.2022 03:00 - 10.11.2022 04:00 (CET/CEST)","n/e","n/e","n/e","n/e","n/e","n/e","n/e","n/e","n/e","n/e","n/e","n/e","n/e","2176","n/e","n/e","30","n/e","0","n/e","n/e","90"
"BZN|SE1","10.11.2022 04:00 - 10.11.2022 05:00 (CET/CEST)","n/e","n/e","n/e","n/e","n/e","n/e","n/e","n/e","n/e","n/e","n/e","n/e","n/e","2147","n/e","n/e","32","n/e","0","n/e","n/e","84"
"BZN|SE1","10.11.2022 05:00 - 10.11.2022 06:00 (CET/CEST)","n/e","n/e","n/e","n/e","n/e","n/e","n/e","n/e","n/e","n/e","n/e","n/e","n/e","2183","n/e","n/e","35","n/e","0","n/e","n/e","68"
"BZN|SE1","10.11.2022 06:00 - 10.11.2022 07:00 (CET/CEST)","n/e","n/e","n/e","n/e","n/e","n/e","n/e","n/e","n/e","n/e","n/e","n/e","n/e","2784","n/e","n/e","35","n/e","0","n/e","n/e","52"
"BZN|SE1","10.11.2022 07:00 - 10.11.2022 08:00 (CET/CEST)","n/e","n/e","n/e","n/e","n/e","n/e","n/e","n/e","n/e","n/e","n/e","n/e","n/e","3267","n/e","n/e","35","n/e","0","n/e","n/e","41"
"BZN|SE1","10.11.2022 08:00 - 10.11.2022 09:00 (CET/CEST)","n/e","n/e","n/e","n/e","n/e","n/e","n/e","n/e","n/e","n/e","n/e","n/e","n/e","3281","n/e","n/e","34","n/e","0","n/e","n/e","26"
"BZN|SE1","10.11.2022 09:00 - 10.11.2022 10:00 (CET/CEST)","n/e","n/e","n/e","n/e","n/e","n/e","n/e","n/e","n/e","n/e","n/e","n/e","n/e","3187","n/e","n/e","32","n/e","0","n/e","n/e","23"
"BZN|SE1","10.11.2022 10:00 - 10.11.2022 11:00 (CET/CEST)","n/e","n/e","n/e","n/e","n/e","n/e","n/e","n/e","n/e","n/e","n/e","n/e","n/e","2992","n/e","n/e","33","n/e","0","n/e","n/e","18"
"BZN|SE1","10.11.2022 11:00 - 10.11.2022 12:00 (CET/CEST)","n/e","n/e","n/e","n/e","n/e","n/e","n/e","n/e","n/e","n/e","n/e","n/e","n/e","2913","n/e","n/e","33","n/e","0","n/e","n/e","15"
"BZN|SE1","10.11.2022 12:00 - 10.11.2022 13:00 (CET/CEST)","n/e","n/e","n/e","n/e","n/e","n/e","n/e","n/e","n/e","n/e","n/e","n/e","n/e","2739","n/e","n/e","32","n/e","0","n/e","n/e","12"
"BZN|SE1","10.11.2022 13:00 - 10.11.2022 14:00 (CET/CEST)","n/e","n/e","n/e","n/e","n/e","n/e","n/e","n/e","n/e","n/e","n/e","n/e","n/e","2610","n/e","n/e","34","n/e","0","n/e","n/e","15"
"BZN|SE1","10.11.2022 14:00 - 10.11.2022 15:00 (CET/CEST)","n/e","n/e","n/e","n/e","n/e","n/e","n/e","n/e","n/e","n/e","n/e","n/e","n/e","2484","n/e","n/e","33","n/e","0","n/e","n/e","27"
"BZN|SE1","10.11.2022 15:00 - 10.11.2022 16:00 (CET/CEST)","n/e","n/e","n/e","n/e","n/e","n/e","n/e","n/e","n/e","n/e","n/e","n/e","n/e","2437","n/e","n/e","32","n/e","0","n/e","n/e","47"
"BZN|SE1","10.11.2022 16:00 - 10.11.2022 17:00 (CET/CEST)","n/e","n/e","n/e","n/e","n/e","n/e","n/e","n/e","n/e","n/e","n/e","n/e","n/e","2385","n/e","n/e","33","n/e","0","n/e","n/e","76"
"BZN|SE1","10.11.2022 17:00 - 10.11.2022 18:00 (CET/CEST)","n/e","n/e","n/e","n/e","n/e","n/e","n/e","n/e","n/e","n/e","n/e","n/e","n/e","2385","n/e","n/e","30","n/e","0","n/e","n/e","108"
"BZN|SE1","10.11.2022 18:00 - 10.11.2022 19:00 (CET/CEST)","n/e","n/e","n/e","n/e","n/e","n/e","n/e","n/e","n/e","n/e","n/e","n/e","n/e","2231","n/e","n/e","29","n/e","0","n/e","n/e","144"
"BZN|SE1","10.11.2022 19:00 - 10.11.2022 20:00 (CET/CEST)","n/e","n/e","n/e","n/e","n/e","n/e","n/e","n/e","n/e","n/e","n/e","n/e","n/e","1979","n/e","n/e","26","n/e","0","n/e","n/e","212"
"BZN|SE1","10.11.2022 20:00 - 10.11.2022 21:00 (CET/CEST)","n/e","n/e","n/e","n/e","n/e","n/e","n/e","n/e","n/e","n/e","n/e","n/e","n/e","1835","n/e","n/e","21","n/e","0","n/e","n/e","320"
"BZN|SE1","10.11.2022 21:00 - 10.11.2022 22:00 (CET/CEST)","n/e","n/e","n/e","n/e","n/e","n/e","n/e","n/e","n/e","n/e","n/e","n/e","n/e","1980","n/e","n/e","18","n/e","0","n/e","n/e","344"
"BZN|SE1","10.11.2022 22:00 - 10.11.2022 23:00 (CET/CEST)","n/e","n/e","n/e","n/e","n/e","n/e","n/e","n/e","n/e","n/e","n/e","n/e","n/e","1863","n/e","n/e","19","n/e","0","n/e","n/e","506"
"BZN|SE1","10.11.2022 23:00 - 11.11.2022 00:00 (CET/CEST)","n/e","n/e","n/e","n/e","n/e","n/e","n/e","n/e","n/e","n/e","n/e","n/e","n/e","1300","n/e","n/e","20","n/e","0","n/e","n/e","725"
"BZN|SE1","11.11.2022 00:00 - 11.11.2022 01:00 (CET/CEST)","n/e","n/e","n/e","n/e","n/e","n/e","n/e","n/e","n/e","n/e","n/e","n/e","n/e","823","n/e","n/e","21","n/e","0","n/e","n/e","944"
"BZN|SE1","11.11.2022 01:00 - 11.11.2022 02:00 (CET/CEST)","n/e","n/e","n/e","n/e","n/e","n/e","n/e","n/e","n/e","n/e","n/e","n/e","n/e","739","n/e","n/e","20","n/e","0","n/e","n/e","997"
"BZN|SE1","11.11.2022 02:00 - 11.11.2022 03:00 (CET/CEST)","n/e","n/e","n/e","n/e","n/e","n/e","n/e","n/e","n/e","n/e","n/e","n/e","n/e","740","n/e","n/e","20","n/e","0","n/e","n/e","1058"
"BZN|SE1","11.11.2022 03:00 - 11.11.2022 04:00 (CET/CEST)","n/e","n/e","n/e","n/e","n/e","n/e","n/e","n/e","n/e","n/e","n/e","n/e","n/e","670","n/e","n/e","20","n/e","0","n/e","n/e","1163"
"BZN|SE1","11.11.2022 04:00 - 11.11.2022 05:00 (CET/CEST)","n/e","n/e","n/e","n/e","n/e","n/e","n/e","n/e","n/e","n/e","n/e","n/e","n/e","667","n/e","n/e","19","n/e","0","n/e","n/e","1312"
"BZN|SE1","11.11.2022 05:00 - 11.11.2022 06:00 (CET/CEST)","n/e","n/e","n/e","n/e","n/e","n/e","n/e","n/e","n/e","n/e","n/e","n/e","n/e","699","n/e","n/e","20","n/e","0","n/e","n/e","1500"
"BZN|SE1","11.11.2022 06:00 - 11.11.2022 07:00 (CET/CEST)","n/e","n/e","n/e","n/e","n/e","n/e","n/e","n/e","n/e","n/e","n/e","n/e","n/e","860","n/e","n/e","20","n/e","0","n/e","n/e","1710"
"BZN|SE1","11.11.2022 07:00 - 11.11.2022 08:00 (CET/CEST)","n/e","n/e","n/e","n/e","n/e","n/e","n/e","n/e","n/e","n/e","n/e","n/e","n/e","885","n/e","n/e","22","n/e","0","n/e","n/e","1803"
"BZN|SE1","11.11.2022 08:00 - 11.11.2022 09:00 (CET/CEST)","n/e","n/e","n/e","n/e","n/e","n/e","n/e","n/e","n/e","n/e","n/e","n/e","n/e","933","n/e","n/e","22","n/e","0","n/e","n/e","1844"
"BZN|SE1","11.11.2022 09:00 - 11.11.2022 10:00 (CET/CEST)","n/e","n/e","n/e","n/e","n/e","n/e","n/e","n/e","n/e","n/e","n/e","n/e","n/e","946","n/e","n/e","22","n/e","0","n/e","n/e","1789"
"BZN|SE1","11.11.2022 10:00 - 11.11.2022 11:00 (CET/CEST)","n/e","n/e","n/e","n/e","n/e","n/e","n/e","n/e","n/e","n/e","n/e","n/e","n/e","945","n/e","n/e","22","n/e","0","n/e","n/e","1798"
"BZN|SE1","11.11.2022 11:00 - 11.11.2022 12:00 (CET/CEST)","n/e","n/e","n/e","n/e","n/e","n/e","n/e","n/e","n/e","n/e","n/e","n/e","n/e","930","n/e","n/e","22","n/e","0","n/e","n/e","1852"
"BZN|SE1","11.11.2022 12:00 - 11.11.2022 13:00 (CET/CEST)","n/e","n/e","n/e","n/e","n/e","n/e","n/e","n/e","n/e","n/e","n/e","n/e","n/e","938","n/e","n/e","22","n/e","0","n/e","n/e","1896"
"BZN|SE1","11.11.2022 13:00 - 11.11.2022 14:00 (CET/CEST)","n/e","n/e","n/e","n/e","n/e","n/e","n/e","n/e","n/e","n/e","n/e","n/e","n/e","968","n/e","n/e","22","n/e","0","n/e","n/e","1901"
"BZN|SE1","11.11.2022 14:00 - 11.11.2022 15:00 (CET/CEST)","n/e","n/e","n/e","n/e","n/e","n/e","n/e","n/e","n/e","n/e","n/e","n/e","n/e","986","n/e","n/e","21","n/e","0","n/e","n/e","1864"
"BZN|SE1","11.11.2022 15:00 - 11.11.2022 16:00 (CET/CEST)","n/e","n/e","n/e","n/e","n/e","n/e","n/e","n/e","n/e","n/e","n/e","n/e","n/e","1038","n/e","n/e","25","n/e","0","n/e","n/e","1887"
"BZN|SE1","11.11.2022 16:00 - 11.11.2022 17:00 (CET/CEST)","n/e","n/e","n/e","n/e","n/e","n/e","n/e","n/e","n/e","n/e","n/e","n/e","n/e","1163","n/e","n/e","26","n/e","0","n/e","n/e","1927"
"BZN|SE1","11.11.2022 17:00 - 11.11.2022 18:00 (CET/CEST)","n/e","n/e","n/e","n/e","n/e","n/e","n/e","n/e","n/e","n/e","n/e","n/e","n/e","1204","n/e","n/e","26","n/e","0","n/e","n/e","1961"
"BZN|SE1","11.11.2022 18:00 - 11.11.2022 19:00 (CET/CEST)","n/e","n/e","n/e","n/e","n/e","n/e","n/e","n/e","n/e","n/e","n/e","n/e","n/e","1072","n/e","n/e","23","n/e","0","n/e","n/e","1998"
"BZN|SE1","11.11.2022 19:00 - 11.11.2022 20:00 (CET/CEST)","n/e","n/e","n/e","n/e","n/e","n/e","n/e","n/e","n/e","n/e","n/e","n/e","n/e","944","n/e","n/e","21","n/e","0","n/e","n/e","1981"
"BZN|SE1","11.11.2022 20:00 - 11.11.2022 21:00 (CET/CEST)","n/e","n/e","n/e","n/e","n/e","n/e","n/e","n/e","n/e","n/e","n/e","n/e","n/e","907","n/e","n/e","21","n/e","0","n/e","n/e","1907"
"BZN|SE1","11.11.2022 21:00 - 11.11.2022 22:00 (CET/CEST)","n/e","n/e","n/e","n/e","n/e","n/e","n/e","n/e","n/e","n/e","n/e","n/e","n/e","786","n/e","n/e","21","n/e","0","n/e","n/e","1910"
"BZN|SE1","11.11.2022 22:00 - 11.11.2022 23:00 (CET/CEST)","n/e","n/e","n/e","n/e","n/e","n/e","n/e","n/e","n/e","n/e","n/e","n/e","n/e","761","n/e","n/e","21","n/e","0","n/e","n/e","1837"
"BZN|SE1","11.11.2022 23:00 - 12.11.2022 00:00 (CET/CEST)","n/e","n/e","n/e","n/e","n/e","n/e","n/e","n/e","n/e","n/e","n/e","n/e","n/e","749","n/e","n/e","22","n/e","0","n/e","n/e","1705"
"BZN|SE1","12.11.2022 00:00 - 12.11.2022 01:00 (CET/CEST)","n/e","n/e","n/e","n/e","n/e","n/e","n/e","n/e","n/e","n/e","n/e","n/e","n/e","595","n/e","n/e","22","n/e","0","n/e","n/e","1727"
"BZN|SE1","12.11.2022 01:00 - 12.11.2022 02:00 (CET/CEST)","n/e","n/e","n/e","n/e","n/e","n/e","n/e","n/e","n/e","n/e","n/e","n/e","n/e","579","n/e","n/e","23","n/e","0","n/e","n/e","1655"
"BZN|SE1","12.11.2022 02:00 - 12.11.2022 03:00 (CET/CEST)","n/e","n/e","n/e","n/e","n/e","n/e","n/e","n/e","n/e","n/e","n/e","n/e","n/e","551","n/e","n/e","23","n/e","0","n/e","n/e","1703"
"BZN|SE1","12.11.2022 03:00 - 12.11.2022 04:00 (CET/CEST)","n/e","n/e","n/e","n/e","n/e","n/e","n/e","n/e","n/e","n/e","n/e","n/e","n/e","445","n/e","n/e","23","n/e","0","n/e","n/e","1724"
"BZN|SE1","12.11.2022 04:00 - 12.11.2022 05:00 (CET/CEST)","n/e","n/e","n/e","n/e","n/e","n/e","n/e","n/e","n/e","n/e","n/e","n/e","n/e","448","n/e","n/e","23","n/e","0","n/e","n/e","1713"
"BZN|SE1","12.11.2022 05:00 - 12.11.2022 06:00 (CET/CEST)","n/e","n/e","n/e","n/e","n/e","n/e","n/e","n/e","n/e","n/e","n/e","n/e","n/e","451","n/e","n/e","23","n/e","0","n/e","n/e","1745"
"BZN|SE1","12.11.2022 06:00 - 12.11.2022 07:00 (CET/CEST)","n/e","n/e","n/e","n/e","n/e","n/e","n/e","n/e","n/e","n/e","n/e","n/e","n/e","450","n/e","n/e","23","n/e","0","n/e","n/e","1865"
"BZN|SE1","12.11.2022 07:00 - 12.11.2022 08:00 (CET/CEST)","n/e","n/e","n/e","n/e","n/e","n/e","n/e","n/e","n/e","n/e","n/e","n/e","n/e","537","n/e","n/e","23","n/e","0","n/e","n/e","1838"
"BZN|SE1","12.11.2022 08:00 - 12.11.2022 09:00 (CET/CEST)","n/e","n/e","n/e","n/e","n/e","n/e","n/e","n/e","n/e","n/e","n/e","n/e","n/e","531","n/e","n/e","25","n/e","0","n/e","n/e","1914"
"BZN|SE1","12.11.2022 09:00 - 12.11.2022 10:00 (CET/CEST)","n/e","n/e","n/e","n/e","n/e","n/e","n/e","n/e","n/e","n/e","n/e","n/e","n/e","531","n/e","n/e","25","n/e","0","n/e","n/e","1938"
"BZN|SE1","12.11.2022 10:00 - 12.11.2022 11:00 (CET/CEST)","n/e","n/e","n/e","n/e","n/e","n/e","n/e","n/e","n/e","n/e","n/e","n/e","n/e","546","n/e","n/e","25","n/e","0","n/e","n/e","1964"
"BZN|SE1","12.11.2022 11:00 - 12.11.2022 12:00 (CET/CEST)","n/e","n/e","n/e","n/e","n/e","n/e","n/e","n/e","n/e","n/e","n/e","n/e","n/e","555","n/e","n/e","25","n/e","0","n/e","n/e","1911"
"BZN|SE1","12.11.2022 12:00 - 12.11.2022 13:00 (CET/CEST)","n/e","n/e","n/e","n/e","n/e","n/e","n/e","n/e","n/e","n/e","n/e","n/e","n/e","561","n/e","n/e","25","n/e","0","n/e","n/e","1859"
"BZN|SE1","12.11.2022 13:00 - 12.11.2022 14:00 (CET/CEST)","n/e","n/e","n/e","n/e","n/e","n/e","n/e","n/e","n/e","n/e","n/e","n/e","n/e","556","n/e","n/e","24","n/e","0","n/e","n/e","1909"
"BZN|SE1","12.11.2022 14:00 - 12.11.2022 15:00 (CET/CEST)","n/e","n/e","n/e","n/e","n/e","n/e","n/e","n/e","n/e","n/e","n/e","n/e","n/e","567","n/e","n/e","24","n/e","0","n/e","n/e","1955"
"BZN|SE1","12.11.2022 15:00 - 12.11.2022 16:00 (CET/CEST)","n/e","n/e","n/e","n/e","n/e","n/e","n/e","n/e","n/e","n/e","n/e","n/e","n/e","633","n/e","n/e","24","n/e","0","n/e","n/e","1997"
"BZN|SE1","12.11.2022 16:00 - 12.11.2022 17:00 (CET/CEST)","n/e","n/e","n/e","n/e","n/e","n/e","n/e","n/e","n/e","n/e","n/e","n/e","n/e","701","n/e","n/e","24","n/e","0","n/e","n/e","2053"
"BZN|SE1","12.11.2022 17:00 - 12.11.2022 18:00 (CET/CEST)","n/e","n/e","n/e","n/e","n/e","n/e","n/e","n/e","n/e","n/e","n/e","n/e","n/e","914","n/e","n/e","24","n/e","0","n/e","n/e","2062"
"BZN|SE1","12.11.2022 18:00 - 12.11.2022 19:00 (CET/CEST)","n/e","n/e","n/e","n/e","n/e","n/e","n/e","n/e","n/e","n/e","n/e","n/e","n/e","1082","n/e","n/e","24","n/e","0","n/e","n/e","2009"
"BZN|SE1","12.11.2022 19:00 - 12.11.2022 20:00 (CET/CEST)","n/e","n/e","n/e","n/e","n/e","n/e","n/e","n/e","n/e","n/e","n/e","n/e","n/e","1363","n/e","n/e","24","n/e","0","n/e","n/e","1958"
"BZN|SE1","12.11.2022 20:00 - 12.11.2022 21:00 (CET/CEST)","n/e","n/e","n/e","n/e","n/e","n/e","n/e","n/e","n/e","n/e","n/e","n/e","n/e","1044","n/e","n/e","24","n/e","0","n/e","n/e","1884"
"BZN|SE1","12.11.2022 21:00 - 12.11.2022 22:00 (CET/CEST)","n/e","n/e","n/e","n/e","n/e","n/e","n/e","n/e","n/e","n/e","n/e","n/e","n/e","1037","n/e","n/e","24","n/e","0","n/e","n/e","1760"
"BZN|SE1","12.11.2022 22:00 - 12.11.2022 23:00 (CET/CEST)","n/e","n/e","n/e","n/e","n/e","n/e","n/e","n/e","n/e","n/e","n/e","n/e","n/e","953","n/e","n/e","24","n/e","0","n/e","n/e","1607"
"BZN|SE1","12.11.2022 23:00 - 13.11.2022 00:00 (CET/CEST)","n/e","n/e","n/e","n/e","n/e","n/e","n/e","n/e","n/e","n/e","n/e","n/e","n/e","965","n/e","n/e","24","n/e","0","n/e","n/e","1516"
"BZN|SE1","13.11.2022 00:00 - 13.11.2022 01:00 (CET/CEST)","n/e","n/e","n/e","n/e","n/e","n/e","n/e","n/e","n/e","n/e","n/e","n/e","n/e","1848","n/e","n/e","24","n/e","0","n/e","n/e","1467"
"BZN|SE1","13.11.2022 01:00 - 13.11.2022 02:00 (CET/CEST)","n/e","n/e","n/e","n/e","n/e","n/e","n/e","n/e","n/e","n/e","n/e","n/e","n/e","1866","n/e","n/e","24","n/e","0","n/e","n/e","1328"
"BZN|SE1","13.11.2022 02:00 - 13.11.2022 03:00 (CET/CEST)","n/e","n/e","n/e","n/e","n/e","n/e","n/e","n/e","n/e","n/e","n/e","n/e","n/e","1914","n/e","n/e","23","n/e","0","n/e","n/e","1128"
"BZN|SE1","13.11.2022 03:00 - 13.11.2022 04:00 (CET/CEST)","n/e","n/e","n/e","n/e","n/e","n/e","n/e","n/e","n/e","n/e","n/e","n/e","n/e","2227","n/e","n/e","24","n/e","0","n/e","n/e","1045"
"BZN|SE1","13.11.2022 04:00 - 13.11.2022 05:00 (CET/CEST)","n/e","n/e","n/e","n/e","n/e","n/e","n/e","n/e","n/e","n/e","n/e","n/e","n/e","2320","n/e","n/e","24","n/e","0","n/e","n/e","820"
"BZN|SE1","13.11.2022 05:00 - 13.11.2022 06:00 (CET/CEST)","n/e","n/e","n/e","n/e","n/e","n/e","n/e","n/e","n/e","n/e","n/e","n/e","n/e","2368","n/e","n/e","26","n/e","0","n/e","n/e","709"
"BZN|SE1","13.11.2022 06:00 - 13.11.2022 07:00 (CET/CEST)","n/e","n/e","n/e","n/e","n/e","n/e","n/e","n/e","n/e","n/e","n/e","n/e","n/e","2476","n/e","n/e","27","n/e","0","n/e","n/e","638"
"BZN|SE1","13.11.2022 07:00 - 13.11.2022 08:00 (CET/CEST)","n/e","n/e","n/e","n/e","n/e","n/e","n/e","n/e","n/e","n/e","n/e","n/e","n/e","2595","n/e","n/e","28","n/e","0","n/e","n/e","607"
"BZN|SE1","13.11.2022 08:00 - 13.11.2022 09:00 (CET/CEST)","n/e","n/e","n/e","n/e","n/e","n/e","n/e","n/e","n/e","n/e","n/e","n/e","n/e","2839","n/e","n/e","31","n/e","0","n/e","n/e","629"
"BZN|SE1","13.11.2022 09:00 - 13.11.2022 10:00 (CET/CEST)","n/e","n/e","n/e","n/e","n/e","n/e","n/e","n/e","n/e","n/e","n/e","n/e","n/e","3070","n/e","n/e","36","n/e","0","n/e","n/e","586"
"BZN|SE1","13.11.2022 10:00 - 13.11.2022 11:00 (CET/CEST)","n/e","n/e","n/e","n/e","n/e","n/e","n/e","n/e","n/e","n/e","n/e","n/e","n/e","3222","n/e","n/e","36","n/e","0","n/e","n/e","592"
"BZN|SE1","13.11.2022 11:00 - 13.11.2022 12:00 (CET/CEST)","n/e","n/e","n/e","n/e","n/e","n/e","n/e","n/e","n/e","n/e","n/e","n/e","n/e","3294","n/e","n/e","36","n/e","0","n/e","n/e","476"
"BZN|SE1","13.11.2022 12:00 - 13.11.2022 13:00 (CET/CEST)","n/e","n/e","n/e","n/e","n/e","n/e","n/e","n/e","n/e","n/e","n/e","n/e","n/e","3366","n/e","n/e","36","n/e","0","n/e","n/e","309"
"BZN|SE1","13.11.2022 13:00 - 13.11.2022 14:00 (CET/CEST)","n/e","n/e","n/e","n/e","n/e","n/e","n/e","n/e","n/e","n/e","n/e","n/e","n/e","3305","n/e","n/e","36","n/e","0","n/e","n/e","311"
"BZN|SE1","13.11.2022 14:00 - 13.11.2022 15:00 (CET/CEST)","n/e","n/e","n/e","n/e","n/e","n/e","n/e","n/e","n/e","n/e","n/e","n/e","n/e","3269","n/e","n/e","36","n/e","0","n/e","n/e","403"
"BZN|SE1","13.11.2022 15:00 - 13.11.2022 16:00 (CET/CEST)","n/e","n/e","n/e","n/e","n/e","n/e","n/e","n/e","n/e","n/e","n/e","n/e","n/e","3295","n/e","n/e","37","n/e","0","n/e","n/e","507"
"BZN|SE1","13.11.2022 16:00 - 13.11.2022 17:00 (CET/CEST)","n/e","n/e","n/e","n/e","n/e","n/e","n/e","n/e","n/e","n/e","n/e","n/e","n/e","3419","n/e","n/e","36","n/e","0","n/e","n/e","550"
"BZN|SE1","13.11.2022 17:00 - 13.11.2022 18:00 (CET/CEST)","n/e","n/e","n/e","n/e","n/e","n/e","n/e","n/e","n/e","n/e","n/e","n/e","n/e","3451","n/e","n/e","36","n/e","0","n/e","n/e","575"
"BZN|SE1","13.11.2022 18:00 - 13.11.2022 19:00 (CET/CEST)","n/e","n/e","n/e","n/e","n/e","n/e","n/e","n/e","n/e","n/e","n/e","n/e","n/e","3479","n/e","n/e","36","n/e","0","n/e","n/e","592"
"BZN|SE1","13.11.2022 19:00 - 13.11.2022 20:00 (CET/CEST)","n/e","n/e","n/e","n/e","n/e","n/e","n/e","n/e","n/e","n/e","n/e","n/e","n/e","3405","n/e","n/e","34","n/e","0","n/e","n/e","450"
"BZN|SE1","13.11.2022 20:00 - 13.11.2022 21:00 (CET/CEST)","n/e","n/e","n/e","n/e","n/e","n/e","n/e","n/e","n/e","n/e","n/e","n/e","n/e","3333","n/e","n/e","32","n/e","0","n/e","n/e","405"
"BZN|SE1","13.11.2022 21:00 - 13.11.2022 22:00 (CET/CEST)","n/e","n/e","n/e","n/e","n/e","n/e","n/e","n/e","n/e","n/e","n/e","n/e","n/e","3160","n/e","n/e","29","n/e","0","n/e","n/e","419"
"BZN|SE1","13.11.2022 22:00 - 13.11.2022 23:00 (CET/CEST)","n/e","n/e","n/e","n/e","n/e","n/e","n/e","n/e","n/e","n/e","n/e","n/e","n/e","3023","n/e","n/e","25","n/e","0","n/e","n/e","378"
"BZN|SE1","13.11.2022 23:00 - 14.11.2022 00:00 (CET/CEST)","n/e","n/e","n/e","n/e","n/e","n/e","n/e","n/e","n/e","n/e","n/e","n/e","n/e","2983","n/e","n/e","26","n/e","0","n/e","n/e","328"
"BZN|SE1","14.11.2022 00:00 - 14.11.2022 01:00 (CET/CEST)","n/e","n/e","n/e","n/e","n/e","n/e","n/e","n/e","n/e","n/e","n/e","n/e","n/e","2747","n/e","n/e","25","n/e","0","n/e","n/e","366"
"BZN|SE1","14.11.2022 01:00 - 14.11.2022 02:00 (CET/CEST)","n/e","n/e","n/e","n/e","n/e","n/e","n/e","n/e","n/e","n/e","n/e","n/e","n/e","2736","n/e","n/e","25","n/e","0","n/e","n/e","321"
"BZN|SE1","14.11.2022 02:00 - 14.11.2022 03:00 (CET/CEST)","n/e","n/e","n/e","n/e","n/e","n/e","n/e","n/e","n/e","n/e","n/e","n/e","n/e","2766","n/e","n/e","25","n/e","0","n/e","n/e","227"
"BZN|SE1","14.11.2022 03:00 - 14.11.2022 04:00 (CET/CEST)","n/e","n/e","n/e","n/e","n/e","n/e","n/e","n/e","n/e","n/e","n/e","n/e","n/e","2730","n/e","n/e","29","n/e","0","n/e","n/e","192"
"BZN|SE1","14.11.2022 04:00 - 14.11.2022 05:00 (CET/CEST)","n/e","n/e","n/e","n/e","n/e","n/e","n/e","n/e","n/e","n/e","n/e","n/e","n/e","2893","n/e","n/e","34","n/e","0","n/e","n/e","153"
"BZN|SE1","14.11.2022 05:00 - 14.11.2022 06:00 (CET/CEST)","n/e","n/e","n/e","n/e","n/e","n/e","n/e","n/e","n/e","n/e","n/e","n/e","n/e","3050","n/e","n/e","41","n/e","0","n/e","n/e","110"
"BZN|SE1","14.11.2022 06:00 - 14.11.2022 07:00 (CET/CEST)","n/e","n/e","n/e","n/e","n/e","n/e","n/e","n/e","n/e","n/e","n/e","n/e","n/e","3781","n/e","n/e","41","n/e","0","n/e","n/e","69"
"BZN|SE1","14.11.2022 07:00 - 14.11.2022 08:00 (CET/CEST)","n/e","n/e","n/e","n/e","n/e","n/e","n/e","n/e","n/e","n/e","n/e","n/e","n/e","3934","n/e","n/e","41","n/e","0","n/e","n/e","57"
"BZN|SE1","14.11.2022 08:00 - 14.11.2022 09:00 (CET/CEST)","n/e","n/e","n/e","n/e","n/e","n/e","n/e","n/e","n/e","n/e","n/e","n/e","n/e","3854","n/e","n/e","39","n/e","0","n/e","n/e","80"
"BZN|SE1","14.11.2022 09:00 - 14.11.2022 10:00 (CET/CEST)","n/e","n/e","n/e","n/e","n/e","n/e","n/e","n/e","n/e","n/e","n/e","n/e","n/e","3788","n/e","n/e","39","n/e","0","n/e","n/e","90"
"BZN|SE1","14.11.2022 10:00 - 14.11.2022 11:00 (CET/CEST)","n/e","n/e","n/e","n/e","n/e","n/e","n/e","n/e","n/e","n/e","n/e","n/e","n/e","3783","n/e","n/e","40","n/e","0","n/e","n/e","68"
"BZN|SE1","14.11.2022 11:00 - 14.11.2022 12:00 (CET/CEST)","n/e","n/e","n/e","n/e","n/e","n/e","n/e","n/e","n/e","n/e","n/e","n/e","n/e","3788","n/e","n/e","37","n/e","0","n/e","n/e","72"
"BZN|SE1","14.11.2022 12:00 - 14.11.2022 13:00 (CET/CEST)","n/e","n/e","n/e","n/e","n/e","n/e","n/e","n/e","n/e","n/e","n/e","n/e","n/e","3946","n/e","n/e","39","n/e","0","n/e","n/e","91"
"BZN|SE1","14.11.2022 13:00 - 14.11.2022 14:00 (CET/CEST)","n/e","n/e","n/e","n/e","n/e","n/e","n/e","n/e","n/e","n/e","n/e","n/e","n/e","3923","n/e","n/e","39","n/e","0","n/e","n/e","110"
"BZN|SE1","14.11.2022 14:00 - 14.11.2022 15:00 (CET/CEST)","n/e","n/e","n/e","n/e","n/e","n/e","n/e","n/e","n/e","n/e","n/e","n/e","n/e","3889","n/e","n/e","39","n/e","0","n/e","n/e","174"
"BZN|SE1","14.11.2022 15:00 - 14.11.2022 16:00 (CET/CEST)","n/e","n/e","n/e","n/e","n/e","n/e","n/e","n/e","n/e","n/e","n/e","n/e","n/e","3892","n/e","n/e","39","n/e","0","n/e","n/e","260"
"BZN|SE1","14.11.2022 16:00 - 14.11.2022 17:00 (CET/CEST)","n/e","n/e","n/e","n/e","n/e","n/e","n/e","n/e","n/e","n/e","n/e","n/e","n/e","3700","n/e","n/e","39","n/e","0","n/e","n/e","368"
"BZN|SE1","14.11.2022 17:00 - 14.11.2022 18:00 (CET/CEST)","n/e","n/e","n/e","n/e","n/e","n/e","n/e","n/e","n/e","n/e","n/e","n/e","n/e","3407","n/e","n/e","39","n/e","0","n/e","n/e","494"
"BZN|SE1","14.11.2022 18:00 - 14.11.2022 19:00 (CET/CEST)","n/e","n/e","n/e","n/e","n/e","n/e","n/e","n/e","n/e","n/e","n/e","n/e","n/e","3289","n/e","n/e","40","n/e","0","n/e","n/e","661"
"BZN|SE1","14.11.2022 19:00 - 14.11.2022 20:00 (CET/CEST)","n/e","n/e","n/e","n/e","n/e","n/e","n/e","n/e","n/e","n/e","n/e","n/e","n/e","3045","n/e","n/e","38","n/e","0","n/e","n/e","800"
"BZN|SE1","14.11.2022 20:00 - 14.11.2022 21:00 (CET/CEST)","n/e","n/e","n/e","n/e","n/e","n/e","n/e","n/e","n/e","n/e","n/e","n/e","n/e","2901","n/e","n/e","35","n/e","0","n/e","n/e","1006"
"BZN|SE1","14.11.2022 21:00 - 14.11.2022 22:00 (CET/CEST)","n/e","n/e","n/e","n/e","n/e","n/e","n/e","n/e","n/e","n/e","n/e","n/e","n/e","2729","n/e","n/e","32","n/e","0","n/e","n/e","1164"
"BZN|SE1","14.11.2022 22:00 - 14.11.2022 23:00 (CET/CEST)","n/e","n/e","n/e","n/e","n/e","n/e","n/e","n/e","n/e","n/e","n/e","n/e","n/e","2429","n/e","n/e","28","n/e","0","n/e","n/e","1218"
"BZN|SE1","14.11.2022 23:00 - 15.11.2022 00:00 (CET/CEST)","n/e","n/e","n/e","n/e","n/e","n/e","n/e","n/e","n/e","n/e","n/e","n/e","n/e","2078","n/e","n/e","26","n/e","0","n/e","n/e","1224"
"BZN|SE1","15.11.2022 00:00 - 15.11.2022 01:00 (CET/CEST)","n/e","n/e","n/e","n/e","n/e","n/e","n/e","n/e","n/e","n/e","n/e","n/e","n/e","2567","n/e","n/e","25","n/e","0","n/e","n/e","1265"
"BZN|SE1","15.11.2022 01:00 - 15.11.2022 02:00 (CET/CEST)","n/e","n/e","n/e","n/e","n/e","n/e","n/e","n/e","n/e","n/e","n/e","n/e","n/e","2411","n/e","n/e","25","n/e","0","n/e","n/e","1314"
"BZN|SE1","15.11.2022 02:00 - 15.11.2022 03:00 (CET/CEST)","n/e","n/e","n/e","n/e","n/e","n/e","n/e","n/e","n/e","n/e","n/e","n/e","n/e","2293","n/e","n/e","25","n/e","0","n/e","n/e","1168"
"BZN|SE1","15.11.2022 03:00 - 15.11.2022 04:00 (CET/CEST)","n/e","n/e","n/e","n/e","n/e","n/e","n/e","n/e","n/e","n/e","n/e","n/e","n/e","2259","n/e","n/e","25","n/e","0","n/e","n/e","1168"
"BZN|SE1","15.11.2022 04:00 - 15.11.2022 05:00 (CET/CEST)","n/e","n/e","n/e","n/e","n/e","n/e","n/e","n/e","n/e","n/e","n/e","n/e","n/e","2245","n/e","n/e","25","n/e","0","n/e","n/e","1095"
"BZN|SE1","15.11.2022 05:00 - 15.11.2022 06:00 (CET/CEST)","n/e","n/e","n/e","n/e","n/e","n/e","n/e","n/e","n/e","n/e","n/e","n/e","n/e","2412","n/e","n/e","25","n/e","0","n/e","n/e","1027"
"BZN|SE1","15.11.2022 06:00 - 15.11.2022 07:00 (CET/CEST)","n/e","n/e","n/e","n/e","n/e","n/e","n/e","n/e","n/e","n/e","n/e","n/e","n/e","2664","n/e","n/e","29","n/e","0","n/e","n/e","1033"
"BZN|SE1","15.11.2022 07:00 - 15.11.2022 08:00 (CET/CEST)","n/e","n/e","n/e","n/e","n/e","n/e","n/e","n/e","n/e","n/e","n/e","n/e","n/e","2971","n/e","n/e","34","n/e","0","n/e","n/e","911"
"BZN|SE1","15.11.2022 08:00 - 15.11.2022 09:00 (CET/CEST)","n/e","n/e","n/e","n/e","n/e","n/e","n/e","n/e","n/e","n/e","n/e","n/e","n/e","2987","n/e","n/e","39","n/e","0","n/e","n/e","814"
"BZN|SE1","15.11.2022 09:00 - 15.11.2022 10:00 (CET/CEST)","n/e","n/e","n/e","n/e","n/e","n/e","n/e","n/e","n/e","n/e","n/e","n/e","n/e","2991","n/e","n/e","38","n/e","0","n/e","n/e","567"
"BZN|SE1","15.11.2022 10:00 - 15.11.2022 11:00 (CET/CEST)","n/e","n/e","n/e","n/e","n/e","n/e","n/e","n/e","n/e","n/e","n/e","n/e","n/e","2942","n/e","n/e","39","n/e","0","n/e","n/e","462"
"BZN|SE1","15.11.2022 11:00 - 15.11.2022 12:00 (CET/CEST)","n/e","n/e","n/e","n/e","n/e","n/e","n/e","n/e","n/e","n/e","n/e","n/e","n/e","2939","n/e","n/e","37","n/e","0","n/e","n/e","373"
"BZN|SE1","15.11.2022 12:00 - 15.11.2022 13:00 (CET/CEST)","n/e","n/e","n/e","n/e","n/e","n/e","n/e","n/e","n/e","n/e","n/e","n/e","n/e","2735","n/e","n/e","38","n/e","0","n/e","n/e","328"
"BZN|SE1","15.11.2022 13:00 - 15.11.2022 14:00 (CET/CEST)","n/e","n/e","n/e","n/e","n/e","n/e","n/e","n/e","n/e","n/e","n/e","n/e","n/e","2714","n/e","n/e","39","n/e","0","n/e","n/e","273"
"BZN|SE1","15.11.2022 14:00 - 15.11.2022 15:00 (CET/CEST)","n/e","n/e","n/e","n/e","n/e","n/e","n/e","n/e","n/e","n/e","n/e","n/e","n/e","2864","n/e","n/e","38","n/e","0","n/e","n/e","242"
"BZN|SE1","15.11.2022 15:00 - 15.11.2022 16:00 (CET/CEST)","n/e","n/e","n/e","n/e","n/e","n/e","n/e","n/e","n/e","n/e","n/e","n/e","n/e","2947","n/e","n/e","38","n/e","0","n/e","n/e","202"
"BZN|SE1","15.11.2022 16:00 - 15.11.2022 17:00 (CET/CEST)","n/e","n/e","n/e","n/e","n/e","n/e","n/e","n/e","n/e","n/e","n/e","n/e","n/e","3020","n/e","n/e","38","n/e","0","n/e","n/e","188"
"BZN|SE1","15.11.2022 17:00 - 15.11.2022 18:00 (CET/CEST)","n/e","n/e","n/e","n/e","n/e","n/e","n/e","n/e","n/e","n/e","n/e","n/e","n/e","3217","n/e","n/e","38","n/e","0","n/e","n/e","175"
"BZN|SE1","15.11.2022 18:00 - 15.11.2022 19:00 (CET/CEST)","n/e","n/e","n/e","n/e","n/e","n/e","n/e","n/e","n/e","n/e","n/e","n/e","n/e","2994","n/e","n/e","38","n/e","0","n/e","n/e","167"
"BZN|SE1","15.11.2022 19:00 - 15.11.2022 20:00 (CET/CEST)","n/e","n/e","n/e","n/e","n/e","n/e","n/e","n/e","n/e","n/e","n/e","n/e","n/e","2715","n/e","n/e","38","n/e","0","n/e","n/e","177"
"BZN|SE1","15.11.2022 20:00 - 15.11.2022 21:00 (CET/CEST)","n/e","n/e","n/e","n/e","n/e","n/e","n/e","n/e","n/e","n/e","n/e","n/e","n/e","2594","n/e","n/e","38","n/e","0","n/e","n/e","202"
"BZN|SE1","15.11.2022 21:00 - 15.11.2022 22:00 (CET/CEST)","n/e","n/e","n/e","n/e","n/e","n/e","n/e","n/e","n/e","n/e","n/e","n/e","n/e","2428","n/e","n/e","38","n/e","0","n/e","n/e","216"
"BZN|SE1","15.11.2022 22:00 - 15.11.2022 23:00 (CET/CEST)","n/e","n/e","n/e","n/e","n/e","n/e","n/e","n/e","n/e","n/e","n/e","n/e","n/e","2220","n/e","n/e","38","n/e","0","n/e","n/e","228"
"BZN|SE1","15.11.2022 23:00 - 16.11.2022 00:00 (CET/CEST)","n/e","n/e","n/e","n/e","n/e","n/e","n/e","n/e","n/e","n/e","n/e","n/e","n/e","2098","n/e","n/e","38","n/e","0","n/e","n/e","293"
"BZN|SE1","16.11.2022 00:00 - 16.11.2022 01:00 (CET/CEST)","n/e","n/e","n/e","n/e","n/e","n/e","n/e","n/e","n/e","n/e","n/e","n/e","n/e","2216","n/e","n/e","35","n/e","0","n/e","n/e","351"
"BZN|SE1","16.11.2022 01:00 - 16.11.2022 02:00 (CET/CEST)","n/e","n/e","n/e","n/e","n/e","n/e","n/e","n/e","n/e","n/e","n/e","n/e","n/e","2117","n/e","n/e","36","n/e","0","n/e","n/e","354"
"BZN|SE1","16.11.2022 02:00 - 16.11.2022 03:00 (CET/CEST)","n/e","n/e","n/e","n/e","n/e","n/e","n/e","n/e","n/e","n/e","n/e","n/e","n/e","2085","n/e","n/e","36","n/e","0","n/e","n/e","348"
"BZN|SE1","16.11.2022 03:00 - 16.11.2022 04:00 (CET/CEST)","n/e","n/e","n/e","n/e","n/e","n/e","n/e","n/e","n/e","n/e","n/e","n/e","n/e","2091","n/e","n/e","36","n/e","0","n/e","n/e","308"
"BZN|SE1","16.11.2022 04:00 - 16.11.2022 05:00 (CET/CEST)","n/e","n/e","n/e","n/e","n/e","n/e","n/e","n/e","n/e","n/e","n/e","n/e","n/e","2119","n/e","n/e","36","n/e","0","n/e","n/e","321"
"BZN|SE1","16.11.2022 05:00 - 16.11.2022 06:00 (CET/CEST)","n/e","n/e","n/e","n/e","n/e","n/e","n/e","n/e","n/e","n/e","n/e","n/e","n/e","2184","n/e","n/e","36","n/e","0","n/e","n/e","357"
"BZN|SE1","16.11.2022 06:00 - 16.11.2022 07:00 (CET/CEST)","n/e","n/e","n/e","n/e","n/e","n/e","n/e","n/e","n/e","n/e","n/e","n/e","n/e","2590","n/e","n/e","39","n/e","0","n/e","n/e","374"
"BZN|SE1","16.11.2022 07:00 - 16.11.2022 08:00 (CET/CEST)","n/e","n/e","n/e","n/e","n/e","n/e","n/e","n/e","n/e","n/e","n/e","n/e","n/e","2935","n/e","n/e","39","n/e","0","n/e","n/e","348"
"BZN|SE1","16.11.2022 08:00 - 16.11.2022 09:00 (CET/CEST)","n/e","n/e","n/e","n/e","n/e","n/e","n/e","n/e","n/e","n/e","n/e","n/e","n/e","2962","n/e","n/e","38","n/e","0","n/e","n/e","298"
"BZN|SE1","16.11.2022 09:00 - 16.11.2022 10:00 (CET/CEST)","n/e","n/e","n/e","n/e","n/e","n/e","n/e","n/e","n/e","n/e","n/e","n/e","n/e","2840","n/e","n/e","38","n/e","0","n/e","n/e","307"
"BZN|SE1","16.11.2022 10:00 - 16.11.2022 11:00 (CET/CEST)","n/e","n/e","n/e","n/e","n/e","n/e","n/e","n/e","n/e","n/e","n/e","n/e","n/e","2953","n/e","n/e","38","n/e","0","n/e","n/e","272"
"BZN|SE1","16.11.2022 11:00 - 16.11.2022 12:00 (CET/CEST)","n/e","n/e","n/e","n/e","n/e","n/e","n/e","n/e","n/e","n/e","n/e","n/e","n/e","2984","n/e","n/e","35","n/e","0","n/e","n/e","255"
"BZN|SE1","16.11.2022 12:00 - 16.11.2022 13:00 (CET/CEST)","n/e","n/e","n/e","n/e","n/e","n/e","n/e","n/e","n/e","n/e","n/e","n/e","n/e","3016","n/e","n/e","36","n/e","0","n/e","n/e","264"
"BZN|SE1","16.11.2022 13:00 - 16.11.2022 14:00 (CET/CEST)","n/e","n/e","n/e","n/e","n/e","n/e","n/e","n/e","n/e","n/e","n/e","n/e","n/e","3140","n/e","n/e","37","n/e","0","n/e","n/e","278"
"BZN|SE1","16.11.2022 14:00 - 16.11.2022 15:00 (CET/CEST)","n/e","n/e","n/e","n/e","n/e","n/e","n/e","n/e","n/e","n/e","n/e","n/e","n/e","3185","n/e","n/e","37","n/e","0","n/e","n/e","254"
"BZN|SE1","16.11.2022 15:00 - 16.11.2022 16:00 (CET/CEST)","n/e","n/e","n/e","n/e","n/e","n/e","n/e","n/e","n/e","n/e","n/e","n/e","n/e","3194","n/e","n/e","36","n/e","0","n/e","n/e","222"
"BZN|SE1","16.11.2022 16:00 - 16.11.2022 17:00 (CET/CEST)","n/e","n/e","n/e","n/e","n/e","n/e","n/e","n/e","n/e","n/e","n/e","n/e","n/e","3412","n/e","n/e","37","n/e","0","n/e","n/e","200"
"BZN|SE1","16.11.2022 17:00 - 16.11.2022 18:00 (CET/CEST)","n/e","n/e","n/e","n/e","n/e","n/e","n/e","n/e","n/e","n/e","n/e","n/e","n/e","3662","n/e","n/e","36","n/e","0","n/e","n/e","216"
"BZN|SE1","16.11.2022 18:00 - 16.11.2022 19:00 (CET/CEST)","n/e","n/e","n/e","n/e","n/e","n/e","n/e","n/e","n/e","n/e","n/e","n/e","n/e","3647","n/e","n/e","37","n/e","0","n/e","n/e","188"
"BZN|SE1","16.11.2022 19:00 - 16.11.2022 20:00 (CET/CEST)","n/e","n/e","n/e","n/e","n/e","n/e","n/e","n/e","n/e","n/e","n/e","n/e","n/e","2973","n/e","n/e","37","n/e","0","n/e","n/e","158"
"BZN|SE1","16.11.2022 20:00 - 16.11.2022 21:00 (CET/CEST)","n/e","n/e","n/e","n/e","n/e","n/e","n/e","n/e","n/e","n/e","n/e","n/e","n/e","2983","n/e","n/e","37","n/e","0","n/e","n/e","131"
"BZN|SE1","16.11.2022 21:00 - 16.11.2022 22:00 (CET/CEST)","n/e","n/e","n/e","n/e","n/e","n/e","n/e","n/e","n/e","n/e","n/e","n/e","n/e","2814","n/e","n/e","37","n/e","0","n/e","n/e","108"
"BZN|SE1","16.11.2022 22:00 - 16.11.2022 23:00 (CET/CEST)","n/e","n/e","n/e","n/e","n/e","n/e","n/e","n/e","n/e","n/e","n/e","n/e","n/e","2681","n/e","n/e","37","n/e","0","n/e","n/e","113"
"BZN|SE1","16.11.2022 23:00 - 17.11.2022 00:00 (CET/CEST)","n/e","n/e","n/e","n/e","n/e","n/e","n/e","n/e","n/e","n/e","n/e","n/e","n/e","2471","n/e","n/e","37","n/e","0","n/e","n/e","92"
"BZN|SE1","17.11.2022 00:00 - 17.11.2022 01:00 (CET/CEST)","n/e","n/e","n/e","n/e","n/e","n/e","n/e","n/e","n/e","n/e","n/e","n/e","n/e","2860","n/e","n/e","37","n/e","0","n/e","n/e","79"
"BZN|SE1","17.11.2022 01:00 - 17.11.2022 02:00 (CET/CEST)","n/e","n/e","n/e","n/e","n/e","n/e","n/e","n/e","n/e","n/e","n/e","n/e","n/e","2443","n/e","n/e","37","n/e","0","n/e","n/e","74"
"BZN|SE1","17.11.2022 02:00 - 17.11.2022 03:00 (CET/CEST)","n/e","n/e","n/e","n/e","n/e","n/e","n/e","n/e","n/e","n/e","n/e","n/e","n/e","2055","n/e","n/e","38","n/e","0","n/e","n/e","67"
"BZN|SE1","17.11.2022 03:00 - 17.11.2022 04:00 (CET/CEST)","n/e","n/e","n/e","n/e","n/e","n/e","n/e","n/e","n/e","n/e","n/e","n/e","n/e","1863","n/e","n/e","38","n/e","0","n/e","n/e","51"
"BZN|SE1","17.11.2022 04:00 - 17.11.2022 05:00 (CET/CEST)","n/e","n/e","n/e","n/e","n/e","n/e","n/e","n/e","n/e","n/e","n/e","n/e","n/e","1880","n/e","n/e","38","n/e","0","n/e","n/e","42"
"BZN|SE1","17.11.2022 05:00 - 17.11.2022 06:00 (CET/CEST)","n/e","n/e","n/e","n/e","n/e","n/e","n/e","n/e","n/e","n/e","n/e","n/e","n/e","2194","n/e","n/e","38","n/e","0","n/e","n/e","37"
"BZN|SE1","17.11.2022 06:00 - 17.11.2022 07:00 (CET/CEST)","n/e","n/e","n/e","n/e","n/e","n/e","n/e","n/e","n/e","n/e","n/e","n/e","n/e","3334","n/e","n/e","38","n/e","0","n/e","n/e","22"
"BZN|SE1","17.11.2022 07:00 - 17.11.2022 08:00 (CET/CEST)","n/e","n/e","n/e","n/e","n/e","n/e","n/e","n/e","n/e","n/e","n/e","n/e","n/e","3335","n/e","n/e","38","n/e","0","n/e","n/e","26"
"BZN|SE1","17.11.2022 08:00 - 17.11.2022 09:00 (CET/CEST)","n/e","n/e","n/e","n/e","n/e","n/e","n/e","n/e","n/e","n/e","n/e","n/e","n/e","3376","n/e","n/e","38","n/e","0","n/e","n/e","31"
"BZN|SE1","17.11.2022 09:00 - 17.11.2022 10:00 (CET/CEST)","n/e","n/e","n/e","n/e","n/e","n/e","n/e","n/e","n/e","n/e","n/e","n/e","n/e","3434","n/e","n/e","38","n/e","0","n/e","n/e","25"
"BZN|SE1","17.11.2022 10:00 - 17.11.2022 11:00 (CET/CEST)","n/e","n/e","n/e","n/e","n/e","n/e","n/e","n/e","n/e","n/e","n/e","n/e","n/e","3385","n/e","n/e","38","n/e","0","n/e","n/e","10"
"BZN|SE1","17.11.2022 11:00 - 17.11.2022 12:00 (CET/CEST)","n/e","n/e","n/e","n/e","n/e","n/e","n/e","n/e","n/e","n/e","n/e","n/e","n/e","3430","n/e","n/e","38","n/e","0","n/e","n/e","12"
"BZN|SE1","17.11.2022 12:00 - 17.11.2022 13:00 (CET/CEST)","n/e","n/e","n/e","n/e","n/e","n/e","n/e","n/e","n/e","n/e","n/e","n/e","n/e","3381","n/e","n/e","37","n/e","0","n/e","n/e","14"
"BZN|SE1","17.11.2022 13:00 - 17.11.2022 14:00 (CET/CEST)","n/e","n/e","n/e","n/e","n/e","n/e","n/e","n/e","n/e","n/e","n/e","n/e","n/e","3288","n/e","n/e","38","n/e","0","n/e","n/e","16"
"BZN|SE1","17.11.2022 14:00 - 17.11.2022 15:00 (CET/CEST)","n/e","n/e","n/e","n/e","n/e","n/e","n/e","n/e","n/e","n/e","n/e","n/e","n/e","3312","n/e","n/e","38","n/e","0","n/e","n/e","15"
"BZN|SE1","17.11.2022 15:00 - 17.11.2022 16:00 (CET/CEST)","n/e","n/e","n/e","n/e","n/e","n/e","n/e","n/e","n/e","n/e","n/e","n/e","n/e","3406","n/e","n/e","38","n/e","0","n/e","n/e","18"
"BZN|SE1","17.11.2022 16:00 - 17.11.2022 17:00 (CET/CEST)","n/e","n/e","n/e","n/e","n/e","n/e","n/e","n/e","n/e","n/e","n/e","n/e","n/e","3532","n/e","n/e","38","n/e","0","n/e","n/e","25"
"BZN|SE1","17.11.2022 17:00 - 17.11.2022 18:00 (CET/CEST)","n/e","n/e","n/e","n/e","n/e","n/e","n/e","n/e","n/e","n/e","n/e","n/e","n/e","3534","n/e","n/e","38","n/e","0","n/e","n/e","28"
"BZN|SE1","17.11.2022 18:00 - 17.11.2022 19:00 (CET/CEST)","n/e","n/e","n/e","n/e","n/e","n/e","n/e","n/e","n/e","n/e","n/e","n/e","n/e","3400","n/e","n/e","38","n/e","0","n/e","n/e","33"
"BZN|SE1","17.11.2022 19:00 - 17.11.2022 20:00 (CET/CEST)","n/e","n/e","n/e","n/e","n/e","n/e","n/e","n/e","n/e","n/e","n/e","n/e","n/e","3304","n/e","n/e","38","n/e","0","n/e","n/e","49"
"BZN|SE1","17.11.2022 20:00 - 17.11.2022 21:00 (CET/CEST)","n/e","n/e","n/e","n/e","n/e","n/e","n/e","n/e","n/e","n/e","n/e","n/e","n/e","3273","n/e","n/e","38","n/e","0","n/e","n/e","53"
"BZN|SE1","17.11.2022 21:00 - 17.11.2022 22:00 (CET/CEST)","n/e","n/e","n/e","n/e","n/e","n/e","n/e","n/e","n/e","n/e","n/e","n/e","n/e","3217","n/e","n/e","38","n/e","0","n/e","n/e","55"
"BZN|SE1","17.11.2022 22:00 - 17.11.2022 23:00 (CET/CEST)","n/e","n/e","n/e","n/e","n/e","n/e","n/e","n/e","n/e","n/e","n/e","n/e","n/e","3171","n/e","n/e","38","n/e","0","n/e","n/e","77"
"BZN|SE1","17.11.2022 23:00 - 18.11.2022 00:00 (CET/CEST)","n/e","n/e","n/e","n/e","n/e","n/e","n/e","n/e","n/e","n/e","n/e","n/e","n/e","2991","n/e","n/e","38","n/e","0","n/e","n/e","86"
"BZN|SE1","18.11.2022 00:00 - 18.11.2022 01:00 (CET/CEST)","n/e","n/e","n/e","n/e","n/e","n/e","n/e","n/e","n/e","n/e","n/e","n/e","n/e","3133","n/e","n/e","36","n/e","0","n/e","n/e","112"
"BZN|SE1","18.11.2022 01:00 - 18.11.2022 02:00 (CET/CEST)","n/e","n/e","n/e","n/e","n/e","n/e","n/e","n/e","n/e","n/e","n/e","n/e","n/e","3170","n/e","n/e","36","n/e","0","n/e","n/e","128"
"BZN|SE1","18.11.2022 02:00 - 18.11.2022 03:00 (CET/CEST)","n/e","n/e","n/e","n/e","n/e","n/e","n/e","n/e","n/e","n/e","n/e","n/e","n/e","3100","n/e","n/e","38","n/e","0","n/e","n/e","133"
"BZN|SE1","18.11.2022 03:00 - 18.11.2022 04:00 (CET/CEST)","n/e","n/e","n/e","n/e","n/e","n/e","n/e","n/e","n/e","n/e","n/e","n/e","n/e","3059","n/e","n/e","38","n/e","0","n/e","n/e","173"
"BZN|SE1","18.11.2022 04:00 - 18.11.2022 05:00 (CET/CEST)","n/e","n/e","n/e","n/e","n/e","n/e","n/e","n/e","n/e","n/e","n/e","n/e","n/e","3313","n/e","n/e","38","n/e","0","n/e","n/e","220"
"BZN|SE1","18.11.2022 05:00 - 18.11.2022 06:00 (CET/CEST)","n/e","n/e","n/e","n/e","n/e","n/e","n/e","n/e","n/e","n/e","n/e","n/e","n/e","3357","n/e","n/e","38","n/e","0","n/e","n/e","225"
"BZN|SE1","18.11.2022 06:00 - 18.11.2022 07:00 (CET/CEST)","n/e","n/e","n/e","n/e","n/e","n/e","n/e","n/e","n/e","n/e","n/e","n/e","n/e","3588","n/e","n/e","38","n/e","0","n/e","n/e","257"
"BZN|SE1","18.11.2022 07:00 - 18.11.2022 08:00 (CET/CEST)","n/e","n/e","n/e","n/e","n/e","n/e","n/e","n/e","n/e","n/e","n/e","n/e","n/e","3639","n/e","n/e","38","n/e","0","n/e","n/e","259"
"BZN|SE1","18.11.2022 08:00 - 18.11.2022 09:00 (CET/CEST)","n/e","n/e","n/e","n/e","n/e","n/e","n/e","n/e","n/e","n/e","n/e","n/e","n/e","3656","n/e","n/e","38","n/e","0","n/e","n/e","223"
"BZN|SE1","18.11.2022 09:00 - 18.11.2022 10:00 (CET/CEST)","n/e","n/e","n/e","n/e","n/e","n/e","n/e","n/e","n/e","n/e","n/e","n/e","n/e","3654","n/e","n/e","37","n/e","0","n/e","n/e","207"
"BZN|SE1","18.11.2022 10:00 - 18.11.2022 11:00 (CET/CEST)","n/e","n/e","n/e","n/e","n/e","n/e","n/e","n/e","n/e","n/e","n/e","n/e","n/e","3678","n/e","n/e","38","n/e","0","n/e","n/e","244"
"BZN|SE1","18.11.2022 11:00 - 18.11.2022 12:00 (CET/CEST)","n/e","n/e","n/e","n/e","n/e","n/e","n/e","n/e","n/e","n/e","n/e","n/e","n/e","3663","n/e","n/e","38","n/e","0","n/e","n/e","202"
"BZN|SE1","18.11.2022 12:00 - 18.11.2022 13:00 (CET/CEST)","n/e","n/e","n/e","n/e","n/e","n/e","n/e","n/e","n/e","n/e","n/e","n/e","n/e","3687","n/e","n/e","36","n/e","0","n/e","n/e","183"
"BZN|SE1","18.11.2022 13:00 - 18.11.2022 14:00 (CET/CEST)","n/e","n/e","n/e","n/e","n/e","n/e","n/e","n/e","n/e","n/e","n/e","n/e","n/e","3663","n/e","n/e","38","n/e","0","n/e","n/e","176"
"BZN|SE1","18.11.2022 14:00 - 18.11.2022 15:00 (CET/CEST)","n/e","n/e","n/e","n/e","n/e","n/e","n/e","n/e","n/e","n/e","n/e","n/e","n/e","3679","n/e","n/e","38","n/e","0","n/e","n/e","173"
"BZN|SE1","18.11.2022 15:00 - 18.11.2022 16:00 (CET/CEST)","n/e","n/e","n/e","n/e","n/e","n/e","n/e","n/e","n/e","n/e","n/e","n/e","n/e","3608","n/e","n/e","37","n/e","0","n/e","n/e","195"
"BZN|SE1","18.11.2022 16:00 - 18.11.2022 17:00 (CET/CEST)","n/e","n/e","n/e","n/e","n/e","n/e","n/e","n/e","n/e","n/e","n/e","n/e","n/e","3642","n/e","n/e","37","n/e","0","n/e","n/e","237"
"BZN|SE1","18.11.2022 17:00 - 18.11.2022 18:00 (CET/CEST)","n/e","n/e","n/e","n/e","n/e","n/e","n/e","n/e","n/e","n/e","n/e","n/e","n/e","3668","n/e","n/e","37","n/e","0","n/e","n/e","264"
"BZN|SE1","18.11.2022 18:00 - 18.11.2022 19:00 (CET/CEST)","n/e","n/e","n/e","n/e","n/e","n/e","n/e","n/e","n/e","n/e","n/e","n/e","n/e","3412","n/e","n/e","37","n/e","0","n/e","n/e","273"
"BZN|SE1","18.11.2022 19:00 - 18.11.2022 20:00 (CET/CEST)","n/e","n/e","n/e","n/e","n/e","n/e","n/e","n/e","n/e","n/e","n/e","n/e","n/e","3397","n/e","n/e","37","n/e","0","n/e","n/e","301"
"BZN|SE1","18.11.2022 20:00 - 18.11.2022 21:00 (CET/CEST)","n/e","n/e","n/e","n/e","n/e","n/e","n/e","n/e","n/e","n/e","n/e","n/e","n/e","3415","n/e","n/e","37","n/e","0","n/e","n/e","287"
"BZN|SE1","18.11.2022 21:00 - 18.11.2022 22:00 (CET/CEST)","n/e","n/e","n/e","n/e","n/e","n/e","n/e","n/e","n/e","n/e","n/e","n/e","n/e","3382","n/e","n/e","37","n/e","0","n/e","n/e","259"
"BZN|SE1","18.11.2022 22:00 - 18.11.2022 23:00 (CET/CEST)","n/e","n/e","n/e","n/e","n/e","n/e","n/e","n/e","n/e","n/e","n/e","n/e","n/e","3385","n/e","n/e","37","n/e","0","n/e","n/e","239"
"BZN|SE1","18.11.2022 23:00 - 19.11.2022 00:00 (CET/CEST)","n/e","n/e","n/e","n/e","n/e","n/e","n/e","n/e","n/e","n/e","n/e","n/e","n/e","3308","n/e","n/e","37","n/e","0","n/e","n/e","201"
"BZN|SE1","19.11.2022 00:00 - 19.11.2022 01:00 (CET/CEST)","n/e","n/e","n/e","n/e","n/e","n/e","n/e","n/e","n/e","n/e","n/e","n/e","n/e","2948","n/e","n/e","31","n/e","0","n/e","n/e","170"
"BZN|SE1","19.11.2022 01:00 - 19.11.2022 02:00 (CET/CEST)","n/e","n/e","n/e","n/e","n/e","n/e","n/e","n/e","n/e","n/e","n/e","n/e","n/e","2940","n/e","n/e","31","n/e","0","n/e","n/e","154"
"BZN|SE1","19.11.2022 02:00 - 19.11.2022 03:00 (CET/CEST)","n/e","n/e","n/e","n/e","n/e","n/e","n/e","n/e","n/e","n/e","n/e","n/e","n/e","2907","n/e","n/e","33","n/e","0","n/e","n/e","143"
"BZN|SE1","19.11.2022 03:00 - 19.11.2022 04:00 (CET/CEST)","n/e","n/e","n/e","n/e","n/e","n/e","n/e","n/e","n/e","n/e","n/e","n/e","n/e","2935","n/e","n/e","33","n/e","0","n/e","n/e","154"
"BZN|SE1","19.11.2022 04:00 - 19.11.2022 05:00 (CET/CEST)","n/e","n/e","n/e","n/e","n/e","n/e","n/e","n/e","n/e","n/e","n/e","n/e","n/e","2919","n/e","n/e","33","n/e","0","n/e","n/e","145"
"BZN|SE1","19.11.2022 05:00 - 19.11.2022 06:00 (CET/CEST)","n/e","n/e","n/e","n/e","n/e","n/e","n/e","n/e","n/e","n/e","n/e","n/e","n/e","2978","n/e","n/e","33","n/e","0","n/e","n/e","143"
"BZN|SE1","19.11.2022 06:00 - 19.11.2022 07:00 (CET/CEST)","n/e","n/e","n/e","n/e","n/e","n/e","n/e","n/e","n/e","n/e","n/e","n/e","n/e","2964","n/e","n/e","33","n/e","0","n/e","n/e","147"
"BZN|SE1","19.11.2022 07:00 - 19.11.2022 08:00 (CET/CEST)","n/e","n/e","n/e","n/e","n/e","n/e","n/e","n/e","n/e","n/e","n/e","n/e","n/e","2974","n/e","n/e","33","n/e","0","n/e","n/e","143"
"BZN|SE1","19.11.2022 08:00 - 19.11.2022 09:00 (CET/CEST)","n/e","n/e","n/e","n/e","n/e","n/e","n/e","n/e","n/e","n/e","n/e","n/e","n/e","2972","n/e","n/e","33","n/e","0","n/e","n/e","126"
"BZN|SE1","19.11.2022 09:00 - 19.11.2022 10:00 (CET/CEST)","n/e","n/e","n/e","n/e","n/e","n/e","n/e","n/e","n/e","n/e","n/e","n/e","n/e","2977","n/e","n/e","32","n/e","0","n/e","n/e","116"
"BZN|SE1","19.11.2022 10:00 - 19.11.2022 11:00 (CET/CEST)","n/e","n/e","n/e","n/e","n/e","n/e","n/e","n/e","n/e","n/e","n/e","n/e","n/e","3070","n/e","n/e","33","n/e","0","n/e","n/e","112"
"BZN|SE1","19.11.2022 11:00 - 19.11.2022 12:00 (CET/CEST)","n/e","n/e","n/e","n/e","n/e","n/e","n/e","n/e","n/e","n/e","n/e","n/e","n/e","3077","n/e","n/e","32","n/e","0","n/e","n/e","101"
"BZN|SE1","19.11.2022 12:00 - 19.11.2022 13:00 (CET/CEST)","n/e","n/e","n/e","n/e","n/e","n/e","n/e","n/e","n/e","n/e","n/e","n/e","n/e","3025","n/e","n/e","30","n/e","0","n/e","n/e","97"
"BZN|SE1","19.11.2022 13:00 - 19.11.2022 14:00 (CET/CEST)","n/e","n/e","n/e","n/e","n/e","n/e","n/e","n/e","n/e","n/e","n/e","n/e","n/e","3022","n/e","n/e","33","n/e","0","n/e","n/e","88"
"BZN|SE1","19.11.2022 14:00 - 19.11.2022 15:00 (CET/CEST)","n/e","n/e","n/e","n/e","n/e","n/e","n/e","n/e","n/e","n/e","n/e","n/e","n/e","3298","n/e","n/e","33","n/e","0","n/e","n/e","91"
"BZN|SE1","19.11.2022 15:00 - 19.11.2022 16:00 (CET/CEST)","n/e","n/e","n/e","n/e","n/e","n/e","n/e","n/e","n/e","n/e","n/e","n/e","n/e","3295","n/e","n/e","32","n/e","0","n/e","n/e","80"
"BZN|SE1","19.11.2022 16:00 - 19.11.2022 17:00 (CET/CEST)","n/e","n/e","n/e","n/e","n/e","n/e","n/e","n/e","n/e","n/e","n/e","n/e","n/e","3361","n/e","n/e","32","n/e","0","n/e","n/e","79"
"BZN|SE1","19.11.2022 17:00 - 19.11.2022 18:00 (CET/CEST)","n/e","n/e","n/e","n/e","n/e","n/e","n/e","n/e","n/e","n/e","n/e","n/e","n/e","3315","n/e","n/e","32","n/e","0","n/e","n/e","81"
"BZN|SE1","19.11.2022 18:00 - 19.11.2022 19:00 (CET/CEST)","n/e","n/e","n/e","n/e","n/e","n/e","n/e","n/e","n/e","n/e","n/e","n/e","n/e","3294","n/e","n/e","32","n/e","0","n/e","n/e","76"
"BZN|SE1","19.11.2022 19:00 - 19.11.2022 20:00 (CET/CEST)","n/e","n/e","n/e","n/e","n/e","n/e","n/e","n/e","n/e","n/e","n/e","n/e","n/e","3297","n/e","n/e","32","n/e","0","n/e","n/e","72"
"BZN|SE1","19.11.2022 20:00 - 19.11.2022 21:00 (CET/CEST)","n/e","n/e","n/e","n/e","n/e","n/e","n/e","n/e","n/e","n/e","n/e","n/e","n/e","3077","n/e","n/e","32","n/e","0","n/e","n/e","70"
"BZN|SE1","19.11.2022 21:00 - 19.11.2022 22:00 (CET/CEST)","n/e","n/e","n/e","n/e","n/e","n/e","n/e","n/e","n/e","n/e","n/e","n/e","n/e","2856","n/e","n/e","32","n/e","0","n/e","n/e","75"
"BZN|SE1","19.11.2022 22:00 - 19.11.2022 23:00 (CET/CEST)","n/e","n/e","n/e","n/e","n/e","n/e","n/e","n/e","n/e","n/e","n/e","n/e","n/e","2824","n/e","n/e","32","n/e","0","n/e","n/e","80"
"BZN|SE1","19.11.2022 23:00 - 20.11.2022 00:00 (CET/CEST)","n/e","n/e","n/e","n/e","n/e","n/e","n/e","n/e","n/e","n/e","n/e","n/e","n/e","2825","n/e","n/e","33","n/e","0","n/e","n/e","84"
"BZN|SE1","20.11.2022 00:00 - 20.11.2022 01:00 (CET/CEST)","n/e","n/e","n/e","n/e","n/e","n/e","n/e","n/e","n/e","n/e","n/e","n/e","n/e","2564","n/e","n/e","30","n/e","0","n/e","n/e","64"
"BZN|SE1","20.11.2022 01:00 - 20.11.2022 02:00 (CET/CEST)","n/e","n/e","n/e","n/e","n/e","n/e","n/e","n/e","n/e","n/e","n/e","n/e","n/e","2557","n/e","n/e","30","n/e","0","n/e","n/e","66"
"BZN|SE1","20.11.2022 02:00 - 20.11.2022 03:00 (CET/CEST)","n/e","n/e","n/e","n/e","n/e","n/e","n/e","n/e","n/e","n/e","n/e","n/e","n/e","2536","n/e","n/e","32","n/e","0","n/e","n/e","76"
"BZN|SE1","20.11.2022 03:00 - 20.11.2022 04:00 (CET/CEST)","n/e","n/e","n/e","n/e","n/e","n/e","n/e","n/e","n/e","n/e","n/e","n/e","n/e","2551","n/e","n/e","32","n/e","0","n/e","n/e","86"
"BZN|SE1","20.11.2022 04:00 - 20.11.2022 05:00 (CET/CEST)","n/e","n/e","n/e","n/e","n/e","n/e","n/e","n/e","n/e","n/e","n/e","n/e","n/e","2558","n/e","n/e","32","n/e","0","n/e","n/e","85"
"BZN|SE1","20.11.2022 05:00 - 20.11.2022 06:00 (CET/CEST)","n/e","n/e","n/e","n/e","n/e","n/e","n/e","n/e","n/e","n/e","n/e","n/e","n/e","2762","n/e","n/e","32","n/e","0","n/e","n/e","89"
"BZN|SE1","20.11.2022 06:00 - 20.11.2022 07:00 (CET/CEST)","n/e","n/e","n/e","n/e","n/e","n/e","n/e","n/e","n/e","n/e","n/e","n/e","n/e","2792","n/e","n/e","32","n/e","0","n/e","n/e","88"
"BZN|SE1","20.11.2022 07:00 - 20.11.2022 08:00 (CET/CEST)","n/e","n/e","n/e","n/e","n/e","n/e","n/e","n/e","n/e","n/e","n/e","n/e","n/e","2869","n/e","n/e","32","n/e","0","n/e","n/e","80"
"BZN|SE1","20.11.2022 08:00 - 20.11.2022 09:00 (CET/CEST)","n/e","n/e","n/e","n/e","n/e","n/e","n/e","n/e","n/e","n/e","n/e","n/e","n/e","2849","n/e","n/e","31","n/e","0","n/e","n/e","72"
"BZN|SE1","20.11.2022 09:00 - 20.11.2022 10:00 (CET/CEST)","n/e","n/e","n/e","n/e","n/e","n/e","n/e","n/e","n/e","n/e","n/e","n/e","n/e","2860","n/e","n/e","30","n/e","0","n/e","n/e","75"
"BZN|SE1","20.11.2022 10:00 - 20.11.2022 11:00 (CET/CEST)","n/e","n/e","n/e","n/e","n/e","n/e","n/e","n/e","n/e","n/e","n/e","n/e","n/e","2858","n/e","n/e","31","n/e","0","n/e","n/e","87"
"BZN|SE1","20.11.2022 11:00 - 20.11.2022 12:00 (CET/CEST)","n/e","n/e","n/e","n/e","n/e","n/e","n/e","n/e","n/e","n/e","n/e","n/e","n/e","2858","n/e","n/e","31","n/e","0","n/e","n/e","83"
"BZN|SE1","20.11.2022 12:00 - 20.11.2022 13:00 (CET/CEST)","n/e","n/e","n/e","n/e","n/e","n/e","n/e","n/e","n/e","n/e","n/e","n/e","n/e","2835","n/e","n/e","28","n/e","0","n/e","n/e","81"
"BZN|SE1","20.11.2022 13:00 - 20.11.2022 14:00 (CET/CEST)","n/e","n/e","n/e","n/e","n/e","n/e","n/e","n/e","n/e","n/e","n/e","n/e","n/e","2819","n/e","n/e","32","n/e","0","n/e","n/e","90"
"BZN|SE1","20.11.2022 14:00 - 20.11.2022 15:00 (CET/CEST)","n/e","n/e","n/e","n/e","n/e","n/e","n/e","n/e","n/e","n/e","n/e","n/e","n/e","2843","n/e","n/e","32","n/e","0","n/e","n/e","96"
"BZN|SE1","20.11.2022 15:00 - 20.11.2022 16:00 (CET/CEST)","n/e","n/e","n/e","n/e","n/e","n/e","n/e","n/e","n/e","n/e","n/e","n/e","n/e","2800","n/e","n/e","32","n/e","0","n/e","n/e","96"
"BZN|SE1","20.11.2022 16:00 - 20.11.2022 17:00 (CET/CEST)","n/e","n/e","n/e","n/e","n/e","n/e","n/e","n/e","n/e","n/e","n/e","n/e","n/e","2836","n/e","n/e","32","n/e","0","n/e","n/e","99"
"BZN|SE1","20.11.2022 17:00 - 20.11.2022 18:00 (CET/CEST)","n/e","n/e","n/e","n/e","n/e","n/e","n/e","n/e","n/e","n/e","n/e","n/e","n/e","2897","n/e","n/e","32","n/e","0","n/e","n/e","102"
"BZN|SE1","20.11.2022 18:00 - 20.11.2022 19:00 (CET/CEST)","n/e","n/e","n/e","n/e","n/e","n/e","n/e","n/e","n/e","n/e","n/e","n/e","n/e","2865","n/e","n/e","32","n/e","0","n/e","n/e","96"
"BZN|SE1","20.11.2022 19:00 - 20.11.2022 20:00 (CET/CEST)","n/e","n/e","n/e","n/e","n/e","n/e","n/e","n/e","n/e","n/e","n/e","n/e","n/e","2859","n/e","n/e","32","n/e","0","n/e","n/e","93"
"BZN|SE1","20.11.2022 20:00 - 20.11.2022 21:00 (CET/CEST)","n/e","n/e","n/e","n/e","n/e","n/e","n/e","n/e","n/e","n/e","n/e","n/e","n/e","2812","n/e","n/e","32","n/e","0","n/e","n/e","108"
"BZN|SE1","20.11.2022 21:00 - 20.11.2022 22:00 (CET/CEST)","n/e","n/e","n/e","n/e","n/e","n/e","n/e","n/e","n/e","n/e","n/e","n/e","n/e","2761","n/e","n/e","31","n/e","0","n/e","n/e","122"
"BZN|SE1","20.11.2022 22:00 - 20.11.2022 23:00 (CET/CEST)","n/e","n/e","n/e","n/e","n/e","n/e","n/e","n/e","n/e","n/e","n/e","n/e","n/e","2680","n/e","n/e","32","n/e","0","n/e","n/e","131"
"BZN|SE1","20.11.2022 23:00 - 21.11.2022 00:00 (CET/CEST)","n/e","n/e","n/e","n/e","n/e","n/e","n/e","n/e","n/e","n/e","n/e","n/e","n/e","2632","n/e","n/e","33","n/e","0","n/e","n/e","149"
"BZN|SE1","21.11.2022 00:00 - 21.11.2022 01:00 (CET/CEST)","n/e","n/e","n/e","n/e","n/e","n/e","n/e","n/e","n/e","n/e","n/e","n/e","n/e","2487","n/e","n/e","33","n/e","0","n/e","n/e","122"
"BZN|SE1","21.11.2022 01:00 - 21.11.2022 02:00 (CET/CEST)","n/e","n/e","n/e","n/e","n/e","n/e","n/e","n/e","n/e","n/e","n/e","n/e","n/e","2475","n/e","n/e","33","n/e","0","n/e","n/e","101"
"BZN|SE1","21.11.2022 02:00 - 21.11.2022 03:00 (CET/CEST)","n/e","n/e","n/e","n/e","n/e","n/e","n/e","n/e","n/e","n/e","n/e","n/e","n/e","2474","n/e","n/e","36","n/e","0","n/e","n/e","83"
"BZN|SE1","21.11.2022 03:00 - 21.11.2022 04:00 (CET/CEST)","n/e","n/e","n/e","n/e","n/e","n/e","n/e","n/e","n/e","n/e","n/e","n/e","n/e","2486","n/e","n/e","36","n/e","0","n/e","n/e","62"
"BZN|SE1","21.11.2022 04:00 - 21.11.2022 05:00 (CET/CEST)","n/e","n/e","n/e","n/e","n/e","n/e","n/e","n/e","n/e","n/e","n/e","n/e","n/e","2490","n/e","n/e","36","n/e","0","n/e","n/e","47"
"BZN|SE1","21.11.2022 05:00 - 21.11.2022 06:00 (CET/CEST)","n/e","n/e","n/e","n/e","n/e","n/e","n/e","n/e","n/e","n/e","n/e","n/e","n/e","2793","n/e","n/e","36","n/e","0","n/e","n/e","33"
"BZN|SE1","21.11.2022 06:00 - 21.11.2022 07:00 (CET/CEST)","n/e","n/e","n/e","n/e","n/e","n/e","n/e","n/e","n/e","n/e","n/e","n/e","n/e","2944","n/e","n/e","36","n/e","0","n/e","n/e","25"
"BZN|SE1","21.11.2022 07:00 - 21.11.2022 08:00 (CET/CEST)","n/e","n/e","n/e","n/e","n/e","n/e","n/e","n/e","n/e","n/e","n/e","n/e","n/e","2950","n/e","n/e","36","n/e","0","n/e","n/e","21"
"BZN|SE1","21.11.2022 08:00 - 21.11.2022 09:00 (CET/CEST)","n/e","n/e","n/e","n/e","n/e","n/e","n/e","n/e","n/e","n/e","n/e","n/e","n/e","2917","n/e","n/e","35","n/e","0","n/e","n/e","20"
"BZN|SE1","21.11.2022 09:00 - 21.11.2022 10:00 (CET/CEST)","n/e","n/e","n/e","n/e","n/e","n/e","n/e","n/e","n/e","n/e","n/e","n/e","n/e","2937","n/e","n/e","34","n/e","0","n/e","n/e","21"
"BZN|SE1","21.11.2022 10:00 - 21.11.2022 11:00 (CET/CEST)","n/e","n/e","n/e","n/e","n/e","n/e","n/e","n/e","n/e","n/e","n/e","n/e","n/e","2946","n/e","n/e","35","n/e","0","n/e","n/e","18"
"BZN|SE1","21.11.2022 11:00 - 21.11.2022 12:00 (CET/CEST)","n/e","n/e","n/e","n/e","n/e","n/e","n/e","n/e","n/e","n/e","n/e","n/e","n/e","2934","n/e","n/e","32","n/e","0","n/e","n/e","16"
"BZN|SE1","21.11.2022 12:00 - 21.11.2022 13:00 (CET/CEST)","n/e","n/e","n/e","n/e","n/e","n/e","n/e","n/e","n/e","n/e","n/e","n/e","n/e","2920","n/e","n/e","34","n/e","0","n/e","n/e","21"
"BZN|SE1","21.11.2022 13:00 - 21.11.2022 14:00 (CET/CEST)","n/e","n/e","n/e","n/e","n/e","n/e","n/e","n/e","n/e","n/e","n/e","n/e","n/e","2912","n/e","n/e","35","n/e","0","n/e","n/e","25"
"BZN|SE1","21.11.2022 14:00 - 21.11.2022 15:00 (CET/CEST)","n/e","n/e","n/e","n/e","n/e","n/e","n/e","n/e","n/e","n/e","n/e","n/e","n/e","3101","n/e","n/e","35","n/e","0","n/e","n/e","30"
"BZN|SE1","21.11.2022 15:00 - 21.11.2022 16:00 (CET/CEST)","n/e","n/e","n/e","n/e","n/e","n/e","n/e","n/e","n/e","n/e","n/e","n/e","n/e","3143","n/e","n/e","34","n/e","0","n/e","n/e","34"
"BZN|SE1","21.11.2022 16:00 - 21.11.2022 17:00 (CET/CEST)","n/e","n/e","n/e","n/e","n/e","n/e","n/e","n/e","n/e","n/e","n/e","n/e","n/e","3104","n/e","n/e","35","n/e","0","n/e","n/e","33"
"BZN|SE1","21.11.2022 17:00 - 21.11.2022 18:00 (CET/CEST)","n/e","n/e","n/e","n/e","n/e","n/e","n/e","n/e","n/e","n/e","n/e","n/e","n/e","3104","n/e","n/e","35","n/e","0","n/e","n/e","34"
"BZN|SE1","21.11.2022 18:00 - 21.11.2022 19:00 (CET/CEST)","n/e","n/e","n/e","n/e","n/e","n/e","n/e","n/e","n/e","n/e","n/e","n/e","n/e","3102","n/e","n/e","35","n/e","0","n/e","n/e","36"
"BZN|SE1","21.11.2022 19:00 - 21.11.2022 20:00 (CET/CEST)","n/e","n/e","n/e","n/e","n/e","n/e","n/e","n/e","n/e","n/e","n/e","n/e","n/e","3128","n/e","n/e","35","n/e","0","n/e","n/e","38"
"BZN|SE1","21.11.2022 20:00 - 21.11.2022 21:00 (CET/CEST)","n/e","n/e","n/e","n/e","n/e","n/e","n/e","n/e","n/e","n/e","n/e","n/e","n/e","2951","n/e","n/e","35","n/e","0","n/e","n/e","39"
"BZN|SE1","21.11.2022 21:00 - 21.11.2022 22:00 (CET/CEST)","n/e","n/e","n/e","n/e","n/e","n/e","n/e","n/e","n/e","n/e","n/e","n/e","n/e","2727","n/e","n/e","34","n/e","0","n/e","n/e","49"
"BZN|SE1","21.11.2022 22:00 - 21.11.2022 23:00 (CET/CEST)","n/e","n/e","n/e","n/e","n/e","n/e","n/e","n/e","n/e","n/e","n/e","n/e","n/e","2664","n/e","n/e","35","n/e","0","n/e","n/e","58"
"BZN|SE1","21.11.2022 23:00 - 22.11.2022 00:00 (CET/CEST)","n/e","n/e","n/e","n/e","n/e","n/e","n/e","n/e","n/e","n/e","n/e","n/e","n/e","2597","n/e","n/e","35","n/e","0","n/e","n/e","65"
"BZN|SE1","22.11.2022 00:00 - 22.11.2022 01:00 (CET/CEST)","n/e","n/e","n/e","n/e","n/e","n/e","n/e","n/e","n/e","n/e","n/e","n/e","n/e","2552","n/e","n/e","33","n/e","0","n/e","n/e","56"
"BZN|SE1","22.11.2022 01:00 - 22.11.2022 02:00 (CET/CEST)","n/e","n/e","n/e","n/e","n/e","n/e","n/e","n/e","n/e","n/e","n/e","n/e","n/e","2507","n/e","n/e","34","n/e","0","n/e","n/e","51"
"BZN|SE1","22.11.2022 02:00 - 22.11.2022 03:00 (CET/CEST)","n/e","n/e","n/e","n/e","n/e","n/e","n/e","n/e","n/e","n/e","n/e","n/e","n/e","2423","n/e","n/e","37","n/e","0","n/e","n/e","48"
"BZN|SE1","22.11.2022 03:00 - 22.11.2022 04:00 (CET/CEST)","n/e","n/e","n/e","n/e","n/e","n/e","n/e","n/e","n/e","n/e","n/e","n/e","n/e","2425","n/e","n/e","37","n/e","0","n/e","n/e","42"
"BZN|SE1","22.11.2022 04:00 - 22.11.2022 05:00 (CET/CEST)","n/e","n/e","n/e","n/e","n/e","n/e","n/e","n/e","n/e","n/e","n/e","n/e","n/e","2450","n/e","n/e","36","n/e","0","n/e","n/e","40"
"BZN|SE1","22.11.2022 05:00 - 22.11.2022 06:00 (CET/CEST)","n/e","n/e","n/e","n/e","n/e","n/e","n/e","n/e","n/e","n/e","n/e","n/e","n/e","2573","n/e","n/e","37","n/e","0","n/e","n/e","37"
"BZN|SE1","22.11.2022 06:00 - 22.11.2022 07:00 (CET/CEST)","n/e","n/e","n/e","n/e","n/e","n/e","n/e","n/e","n/e","n/e","n/e","n/e","n/e","2807","n/e","n/e","36","n/e","0","n/e","n/e","44"
"BZN|SE1","22.11.2022 07:00 - 22.11.2022 08:00 (CET/CEST)","n/e","n/e","n/e","n/e","n/e","n/e","n/e","n/e","n/e","n/e","n/e","n/e","n/e","2934","n/e","n/e","36","n/e","0","n/e","n/e","54"
"BZN|SE1","22.11.2022 08:00 - 22.11.2022 09:00 (CET/CEST)","n/e","n/e","n/e","n/e","n/e","n/e","n/e","n/e","n/e","n/e","n/e","n/e","n/e","3035","n/e","n/e","36","n/e","0","n/e","n/e","41"
"BZN|SE1","22.11.2022 09:00 - 22.11.2022 10:00 (CET/CEST)","n/e","n/e","n/e","n/e","n/e","n/e","n/e","n/e","n/e","n/e","n/e","n/e","n/e","2954","n/e","n/e","35","n/e","0","n/e","n/e","49"
"BZN|SE1","22.11.2022 10:00 - 22.11.2022 11:00 (CET/CEST)","n/e","n/e","n/e","n/e","n/e","n/e","n/e","n/e","n/e","n/e","n/e","n/e","n/e","2883","n/e","n/e","35","n/e","0","n/e","n/e","65"
"BZN|SE1","22.11.2022 11:00 - 22.11.2022 12:00 (CET/CEST)","n/e","n/e","n/e","n/e","n/e","n/e","n/e","n/e","n/e","n/e","n/e","n/e","n/e","2792","n/e","n/e","32","n/e","0","n/e","n/e","94"
"BZN|SE1","22.11.2022 12:00 - 22.11.2022 13:00 (CET/CEST)","n/e","n/e","n/e","n/e","n/e","n/e","n/e","n/e","n/e","n/e","n/e","n/e","n/e","2789","n/e","n/e","35","n/e","0","n/e","n/e","86"
"BZN|SE1","22.11.2022 13:00 - 22.11.2022 14:00 (CET/CEST)","n/e","n/e","n/e","n/e","n/e","n/e","n/e","n/e","n/e","n/e","n/e","n/e","n/e","2795","n/e","n/e","35","n/e","0","n/e","n/e","55"
"BZN|SE1","22.11.2022 14:00 - 22.11.2022 15:00 (CET/CEST)","n/e","n/e","n/e","n/e","n/e","n/e","n/e","n/e","n/e","n/e","n/e","n/e","n/e","2803","n/e","n/e","35","n/e","0","n/e","n/e","58"
"BZN|SE1","22.11.2022 15:00 - 22.11.2022 16:00 (CET/CEST)","n/e","n/e","n/e","n/e","n/e","n/e","n/e","n/e","n/e","n/e","n/e","n/e","n/e","2818","n/e","n/e","35","n/e","0","n/e","n/e","67"
"BZN|SE1","22.11.2022 16:00 - 22.11.2022 17:00 (CET/CEST)","n/e","n/e","n/e","n/e","n/e","n/e","n/e","n/e","n/e","n/e","n/e","n/e","n/e","2938","n/e","n/e","35","n/e","0","n/e","n/e","61"
"BZN|SE1","22.11.2022 17:00 - 22.11.2022 18:00 (CET/CEST)","n/e","n/e","n/e","n/e","n/e","n/e","n/e","n/e","n/e","n/e","n/e","n/e","n/e","2929","n/e","n/e","35","n/e","0","n/e","n/e","68"
"BZN|SE1","22.11.2022 18:00 - 22.11.2022 19:00 (CET/CEST)","n/e","n/e","n/e","n/e","n/e","n/e","n/e","n/e","n/e","n/e","n/e","n/e","n/e","2883","n/e","n/e","35","n/e","0","n/e","n/e","63"
"BZN|SE1","22.11.2022 19:00 - 22.11.2022 20:00 (CET/CEST)","n/e","n/e","n/e","n/e","n/e","n/e","n/e","n/e","n/e","n/e","n/e","n/e","n/e","2874","n/e","n/e","35","n/e","0","n/e","n/e","57"
"BZN|SE1","22.11.2022 20:00 - 22.11.2022 21:00 (CET/CEST)","n/e","n/e","n/e","n/e","n/e","n/e","n/e","n/e","n/e","n/e","n/e","n/e","n/e","2852","n/e","n/e","35","n/e","0","n/e","n/e","47"
"BZN|SE1","22.11.2022 21:00 - 22.11.2022 22:00 (CET/CEST)","n/e","n/e","n/e","n/e","n/e","n/e","n/e","n/e","n/e","n/e","n/e","n/e","n/e","2727","n/e","n/e","35","n/e","0","n/e","n/e","60"
"BZN|SE1","22.11.2022 22:00 - 22.11.2022 23:00 (CET/CEST)","n/e","n/e","n/e","n/e","n/e","n/e","n/e","n/e","n/e","n/e","n/e","n/e","n/e","2617","n/e","n/e","35","n/e","0","n/e","n/e","52"
"BZN|SE1","22.11.2022 23:00 - 23.11.2022 00:00 (CET/CEST)","n/e","n/e","n/e","n/e","n/e","n/e","n/e","n/e","n/e","n/e","n/e","n/e","n/e","2631","n/e","n/e","36","n/e","0","n/e","n/e","56"
"BZN|SE1","23.11.2022 00:00 - 23.11.2022 01:00 (CET/CEST)","n/e","n/e","n/e","n/e","n/e","n/e","n/e","n/e","n/e","n/e","n/e","n/e","n/e","2393","n/e","n/e","30","n/e","0","n/e","n/e","65"
"BZN|SE1","23.11.2022 01:00 - 23.11.2022 02:00 (CET/CEST)","n/e","n/e","n/e","n/e","n/e","n/e","n/e","n/e","n/e","n/e","n/e","n/e","n/e","2387","n/e","n/e","30","n/e","0","n/e","n/e","61"
"BZN|SE1","23.11.2022 02:00 - 23.11.2022 03:00 (CET/CEST)","n/e","n/e","n/e","n/e","n/e","n/e","n/e","n/e","n/e","n/e","n/e","n/e","n/e","2297","n/e","n/e","33","n/e","0","n/e","n/e","78"
"BZN|SE1","23.11.2022 03:00 - 23.11.2022 04:00 (CET/CEST)","n/e","n/e","n/e","n/e","n/e","n/e","n/e","n/e","n/e","n/e","n/e","n/e","n/e","2215","n/e","n/e","33","n/e","0","n/e","n/e","81"
"BZN|SE1","23.11.2022 04:00 - 23.11.2022 05:00 (CET/CEST)","n/e","n/e","n/e","n/e","n/e","n/e","n/e","n/e","n/e","n/e","n/e","n/e","n/e","2287","n/e","n/e","33","n/e","0","n/e","n/e","85"
"BZN|SE1","23.11.2022 05:00 - 23.11.2022 06:00 (CET/CEST)","n/e","n/e","n/e","n/e","n/e","n/e","n/e","n/e","n/e","n/e","n/e","n/e","n/e","2392","n/e","n/e","33","n/e","0","n/e","n/e","89"
"BZN|SE1","23.11.2022 06:00 - 23.11.2022 07:00 (CET/CEST)","n/e","n/e","n/e","n/e","n/e","n/e","n/e","n/e","n/e","n/e","n/e","n/e","n/e","2856","n/e","n/e","33","n/e","0","n/e","n/e","92"
"BZN|SE1","23.11.2022 07:00 - 23.11.2022 08:00 (CET/CEST)","n/e","n/e","n/e","n/e","n/e","n/e","n/e","n/e","n/e","n/e","n/e","n/e","n/e","3071","n/e","n/e","33","n/e","0","n/e","n/e","112"
"BZN|SE1","23.11.2022 08:00 - 23.11.2022 09:00 (CET/CEST)","n/e","n/e","n/e","n/e","n/e","n/e","n/e","n/e","n/e","n/e","n/e","n/e","n/e","3096","n/e","n/e","32","n/e","0","n/e","n/e","156"
"BZN|SE1","23.11.2022 09:00 - 23.11.2022 10:00 (CET/CEST)","n/e","n/e","n/e","n/e","n/e","n/e","n/e","n/e","n/e","n/e","n/e","n/e","n/e","3137","n/e","n/e","32","n/e","0","n/e","n/e","124"
"BZN|SE1","23.11.2022 10:00 - 23.11.2022 11:00 (CET/CEST)","n/e","n/e","n/e","n/e","n/e","n/e","n/e","n/e","n/e","n/e","n/e","n/e","n/e","3150","n/e","n/e","32","n/e","0","n/e","n/e","148"
"BZN|SE1","23.11.2022 11:00 - 23.11.2022 12:00 (CET/CEST)","n/e","n/e","n/e","n/e","n/e","n/e","n/e","n/e","n/e","n/e","n/e","n/e","n/e","3148","n/e","n/e","29","n/e","0","n/e","n/e","111"
"BZN|SE1","23.11.2022 12:00 - 23.11.2022 13:00 (CET/CEST)","n/e","n/e","n/e","n/e","n/e","n/e","n/e","n/e","n/e","n/e","n/e","n/e","n/e","3211","n/e","n/e","32","n/e","0","n/e","n/e","101"
"BZN|SE1","23.11.2022 13:00 - 23.11.2022 14:00 (CET/CEST)","n/e","n/e","n/e","n/e","n/e","n/e","n/e","n/e","n/e","n/e","n/e","n/e","n/e","3126","n/e","n/e","32","n/e","0","n/e","n/e","116"
"BZN|SE1","23.11.2022 14:00 - 23.11.2022 15:00 (CET/CEST)","n/e","n/e","n/e","n/e","n/e","n/e","n/e","n/e","n/e","n/e","n/e","n/e","n/e","3141","n/e","n/e","32","n/e","0","n/e","n/e","144"
"BZN|SE1","23.11.2022 15:00 - 23.11.2022 16:00 (CET/CEST)","n/e","n/e","n/e","n/e","n/e","n/e","n/e","n/e","n/e","n/e","n/e","n/e","n/e","3152","n/e","n/e","32","n/e","0","n/e","n/e","158"
"BZN|SE1","23.11.2022 16:00 - 23.11.2022 17:00 (CET/CEST)","n/e","n/e","n/e","n/e","n/e","n/e","n/e","n/e","n/e","n/e","n/e","n/e","n/e","3109","n/e","n/e","32","n/e","0","n/e","n/e","117"
"BZN|SE1","23.11.2022 17:00 - 23.11.2022 18:00 (CET/CEST)","n/e","n/e","n/e","n/e","n/e","n/e","n/e","n/e","n/e","n/e","n/e","n/e","n/e","3139","n/e","n/e","32","n/e","0","n/e","n/e","154"
"BZN|SE1","23.11.2022 18:00 - 23.11.2022 19:00 (CET/CEST)","n/e","n/e","n/e","n/e","n/e","n/e","n/e","n/e","n/e","n/e","n/e","n/e","n/e","3154","n/e","n/e","32","n/e","0","n/e","n/e","132"
"BZN|SE1","23.11.2022 19:00 - 23.11.2022 20:00 (CET/CEST)","n/e","n/e","n/e","n/e","n/e","n/e","n/e","n/e","n/e","n/e","n/e","n/e","n/e","3120","n/e","n/e","32","n/e","0","n/e","n/e","140"
"BZN|SE1","23.11.2022 20:00 - 23.11.2022 21:00 (CET/CEST)","n/e","n/e","n/e","n/e","n/e","n/e","n/e","n/e","n/e","n/e","n/e","n/e","n/e","3016","n/e","n/e","32","n/e","0","n/e","n/e","127"
"BZN|SE1","23.11.2022 21:00 - 23.11.2022 22:00 (CET/CEST)","n/e","n/e","n/e","n/e","n/e","n/e","n/e","n/e","n/e","n/e","n/e","n/e","n/e","2766","n/e","n/e","32","n/e","0","n/e","n/e","105"
"BZN|SE1","23.11.2022 22:00 - 23.11.2022 23:00 (CET/CEST)","n/e","n/e","n/e","n/e","n/e","n/e","n/e","n/e","n/e","n/e","n/e","n/e","n/e","2752","n/e","n/e","36","n/e","0","n/e","n/e","125"
"BZN|SE1","23.11.2022 23:00 - 24.11.2022 00:00 (CET/CEST)","n/e","n/e","n/e","n/e","n/e","n/e","n/e","n/e","n/e","n/e","n/e","n/e","n/e","2667","n/e","n/e","37","n/e","0","n/e","n/e","118"
"BZN|SE1","24.11.2022 00:00 - 24.11.2022 01:00 (CET/CEST)","n/e","n/e","n/e","n/e","n/e","n/e","n/e","n/e","n/e","n/e","n/e","n/e","n/e","2876","n/e","n/e","38","n/e","0","n/e","n/e","85"
"BZN|SE1","24.11.2022 01:00 - 24.11.2022 02:00 (CET/CEST)","n/e","n/e","n/e","n/e","n/e","n/e","n/e","n/e","n/e","n/e","n/e","n/e","n/e","2755","n/e","n/e","38","n/e","0","n/e","n/e","68"
"BZN|SE1","24.11.2022 02:00 - 24.11.2022 03:00 (CET/CEST)","n/e","n/e","n/e","n/e","n/e","n/e","n/e","n/e","n/e","n/e","n/e","n/e","n/e","2637","n/e","n/e","40","n/e","0","n/e","n/e","81"
"BZN|SE1","24.11.2022 03:00 - 24.11.2022 04:00 (CET/CEST)","n/e","n/e","n/e","n/e","n/e","n/e","n/e","n/e","n/e","n/e","n/e","n/e","n/e","2648","n/e","n/e","40","n/e","0","n/e","n/e","73"
"BZN|SE1","24.11.2022 04:00 - 24.11.2022 05:00 (CET/CEST)","n/e","n/e","n/e","n/e","n/e","n/e","n/e","n/e","n/e","n/e","n/e","n/e","n/e","2777","n/e","n/e","40","n/e","0","n/e","n/e","68"
"BZN|SE1","24.11.2022 05:00 - 24.11.2022 06:00 (CET/CEST)","n/e","n/e","n/e","n/e","n/e","n/e","n/e","n/e","n/e","n/e","n/e","n/e","n/e","3128","n/e","n/e","40","n/e","0","n/e","n/e","70"
"BZN|SE1","24.11.2022 06:00 - 24.11.2022 07:00 (CET/CEST)","n/e","n/e","n/e","n/e","n/e","n/e","n/e","n/e","n/e","n/e","n/e","n/e","n/e","3284","n/e","n/e","40","n/e","0","n/e","n/e","60"
"BZN|SE1","24.11.2022 07:00 - 24.11.2022 08:00 (CET/CEST)","n/e","n/e","n/e","n/e","n/e","n/e","n/e","n/e","n/e","n/e","n/e","n/e","n/e","3542","n/e","n/e","40","n/e","0","n/e","n/e","52"
"BZN|SE1","24.11.2022 08:00 - 24.11.2022 09:00 (CET/CEST)","n/e","n/e","n/e","n/e","n/e","n/e","n/e","n/e","n/e","n/e","n/e","n/e","n/e","3551","n/e","n/e","40","n/e","0","n/e","n/e","42"
"BZN|SE1","24.11.2022 09:00 - 24.11.2022 10:00 (CET/CEST)","n/e","n/e","n/e","n/e","n/e","n/e","n/e","n/e","n/e","n/e","n/e","n/e","n/e","3616","n/e","n/e","39","n/e","0","n/e","n/e","38"
"BZN|SE1","24.11.2022 10:00 - 24.11.2022 11:00 (CET/CEST)","n/e","n/e","n/e","n/e","n/e","n/e","n/e","n/e","n/e","n/e","n/e","n/e","n/e","3564","n/e","n/e","39","n/e","0","n/e","n/e","39"
"BZN|SE1","24.11.2022 11:00 - 24.11.2022 12:00 (CET/CEST)","n/e","n/e","n/e","n/e","n/e","n/e","n/e","n/e","n/e","n/e","n/e","n/e","n/e","3557","n/e","n/e","37","n/e","0","n/e","n/e","37"
"BZN|SE1","24.11.2022 12:00 - 24.11.2022 13:00 (CET/CEST)","n/e","n/e","n/e","n/e","n/e","n/e","n/e","n/e","n/e","n/e","n/e","n/e","n/e","3561","n/e","n/e","37","n/e","0","n/e","n/e","39"
"BZN|SE1","24.11.2022 13:00 - 24.11.2022 14:00 (CET/CEST)","n/e","n/e","n/e","n/e","n/e","n/e","n/e","n/e","n/e","n/e","n/e","n/e","n/e","3566","n/e","n/e","39","n/e","0","n/e","n/e","36"
"BZN|SE1","24.11.2022 14:00 - 24.11.2022 15:00 (CET/CEST)","n/e","n/e","n/e","n/e","n/e","n/e","n/e","n/e","n/e","n/e","n/e","n/e","n/e","3570","n/e","n/e","39","n/e","0","n/e","n/e","37"
"BZN|SE1","24.11.2022 15:00 - 24.11.2022 16:00 (CET/CEST)","n/e","n/e","n/e","n/e","n/e","n/e","n/e","n/e","n/e","n/e","n/e","n/e","n/e","3563","n/e","n/e","38","n/e","0","n/e","n/e","35"
"BZN|SE1","24.11.2022 16:00 - 24.11.2022 17:00 (CET/CEST)","n/e","n/e","n/e","n/e","n/e","n/e","n/e","n/e","n/e","n/e","n/e","n/e","n/e","3562","n/e","n/e","40","n/e","0","n/e","n/e","41"
"BZN|SE1","24.11.2022 17:00 - 24.11.2022 18:00 (CET/CEST)","n/e","n/e","n/e","n/e","n/e","n/e","n/e","n/e","n/e","n/e","n/e","n/e","n/e","3563","n/e","n/e","40","n/e","0","n/e","n/e","44"
"BZN|SE1","24.11.2022 18:00 - 24.11.2022 19:00 (CET/CEST)","n/e","n/e","n/e","n/e","n/e","n/e","n/e","n/e","n/e","n/e","n/e","n/e","n/e","3560","n/e","n/e","40","n/e","0","n/e","n/e","46"
"BZN|SE1","24.11.2022 19:00 - 24.11.2022 20:00 (CET/CEST)","n/e","n/e","n/e","n/e","n/e","n/e","n/e","n/e","n/e","n/e","n/e","n/e","n/e","3563","n/e","n/e","40","n/e","0","n/e","n/e","51"
"BZN|SE1","24.11.2022 20:00 - 24.11.2022 21:00 (CET/CEST)","n/e","n/e","n/e","n/e","n/e","n/e","n/e","n/e","n/e","n/e","n/e","n/e","n/e","3314","n/e","n/e","40","n/e","0","n/e","n/e","54"
"BZN|SE1","24.11.2022 21:00 - 24.11.2022 22:00 (CET/CEST)","n/e","n/e","n/e","n/e","n/e","n/e","n/e","n/e","n/e","n/e","n/e","n/e","n/e","3240","n/e","n/e","40","n/e","0","n/e","n/e","58"
"BZN|SE1","24.11.2022 22:00 - 24.11.2022 23:00 (CET/CEST)","n/e","n/e","n/e","n/e","n/e","n/e","n/e","n/e","n/e","n/e","n/e","n/e","n/e","3173","n/e","n/e","40","n/e","0","n/e","n/e","65"
"BZN|SE1","24.11.2022 23:00 - 25.11.2022 00:00 (CET/CEST)","n/e","n/e","n/e","n/e","n/e","n/e","n/e","n/e","n/e","n/e","n/e","n/e","n/e","3173","n/e","n/e","40","n/e","0","n/e","n/e","66"
"BZN|SE1","25.11.2022 00:00 - 25.11.2022 01:00 (CET/CEST)","n/e","n/e","n/e","n/e","n/e","n/e","n/e","n/e","n/e","n/e","n/e","n/e","n/e","3124","n/e","n/e","40","n/e","0","n/e","n/e","88"
"BZN|SE1","25.11.2022 01:00 - 25.11.2022 02:00 (CET/CEST)","n/e","n/e","n/e","n/e","n/e","n/e","n/e","n/e","n/e","n/e","n/e","n/e","n/e","3106","n/e","n/e","40","n/e","0","n/e","n/e","70"
"BZN|SE1","25.11.2022 02:00 - 25.11.2022 03:00 (CET/CEST)","n/e","n/e","n/e","n/e","n/e","n/e","n/e","n/e","n/e","n/e","n/e","n/e","n/e","2987","n/e","n/e","40","n/e","0","n/e","n/e","68"
"BZN|SE1","25.11.2022 03:00 - 25.11.2022 04:00 (CET/CEST)","n/e","n/e","n/e","n/e","n/e","n/e","n/e","n/e","n/e","n/e","n/e","n/e","n/e","2853","n/e","n/e","40","n/e","0","n/e","n/e","75"
"BZN|SE1","25.11.2022 04:00 - 25.11.2022 05:00 (CET/CEST)","n/e","n/e","n/e","n/e","n/e","n/e","n/e","n/e","n/e","n/e","n/e","n/e","n/e","2935","n/e","n/e","41","n/e","0","n/e","n/e","83"
"BZN|SE1","25.11.2022 05:00 - 25.11.2022 06:00 (CET/CEST)","n/e","n/e","n/e","n/e","n/e","n/e","n/e","n/e","n/e","n/e","n/e","n/e","n/e","3122","n/e","n/e","41","n/e","0","n/e","n/e","89"
"BZN|SE1","25.11.2022 06:00 - 25.11.2022 07:00 (CET/CEST)","n/e","n/e","n/e","n/e","n/e","n/e","n/e","n/e","n/e","n/e","n/e","n/e","n/e","3309","n/e","n/e","41","n/e","0","n/e","n/e","90"
"BZN|SE1","25.11.2022 07:00 - 25.11.2022 08:00 (CET/CEST)","n/e","n/e","n/e","n/e","n/e","n/e","n/e","n/e","n/e","n/e","n/e","n/e","n/e","3342","n/e","n/e","41","n/e","0","n/e","n/e","96"
"BZN|SE1","25.11.2022 08:00 - 25.11.2022 09:00 (CET/CEST)","n/e","n/e","n/e","n/e","n/e","n/e","n/e","n/e","n/e","n/e","n/e","n/e","n/e","3574","n/e","n/e","41","n/e","0","n/e","n/e","50"
"BZN|SE1","25.11.2022 09:00 - 25.11.2022 10:00 (CET/CEST)","n/e","n/e","n/e","n/e","n/e","n/e","n/e","n/e","n/e","n/e","n/e","n/e","n/e","3590","n/e","n/e","41","n/e","0","n/e","n/e","48"
"BZN|SE1","25.11.2022 10:00 - 25.11.2022 11:00 (CET/CEST)","n/e","n/e","n/e","n/e","n/e","n/e","n/e","n/e","n/e","n/e","n/e","n/e","n/e","3589","n/e","n/e","41","n/e","0","n/e","n/e","49"
"BZN|SE1","25.11.2022 11:00 - 25.11.2022 12:00 (CET/CEST)","n/e","n/e","n/e","n/e","n/e","n/e","n/e","n/e","n/e","n/e","n/e","n/e","n/e","3579","n/e","n/e","39","n/e","0","n/e","n/e","72"
"BZN|SE1","25.11.2022 12:00 - 25.11.2022 13:00 (CET/CEST)","n/e","n/e","n/e","n/e","n/e","n/e","n/e","n/e","n/e","n/e","n/e","n/e","n/e","3583","n/e","n/e","39","n/e","0","n/e","n/e","75"
"BZN|SE1","25.11.2022 13:00 - 25.11.2022 14:00 (CET/CEST)","n/e","n/e","n/e","n/e","n/e","n/e","n/e","n/e","n/e","n/e","n/e","n/e","n/e","3582","n/e","n/e","41","n/e","0","n/e","n/e","63"
"BZN|SE1","25.11.2022 14:00 - 25.11.2022 15:00 (CET/CEST)","n/e","n/e","n/e","n/e","n/e","n/e","n/e","n/e","n/e","n/e","n/e","n/e","n/e","3581","n/e","n/e","41","n/e","0","n/e","n/e","82"
"BZN|SE1","25.11.2022 15:00 - 25.11.2022 16:00 (CET/CEST)","n/e","n/e","n/e","n/e","n/e","n/e","n/e","n/e","n/e","n/e","n/e","n/e","n/e","3567","n/e","n/e","41","n/e","0","n/e","n/e","89"
"BZN|SE1","25.11.2022 16:00 - 25.11.2022 17:00 (CET/CEST)","n/e","n/e","n/e","n/e","n/e","n/e","n/e","n/e","n/e","n/e","n/e","n/e","n/e","3572","n/e","n/e","41","n/e","0","n/e","n/e","89"
"BZN|SE1","25.11.2022 17:00 - 25.11.2022 18:00 (CET/CEST)","n/e","n/e","n/e","n/e","n/e","n/e","n/e","n/e","n/e","n/e","n/e","n/e","n/e","3581","n/e","n/e","41","n/e","0","n/e","n/e","189"
"BZN|SE1","25.11.2022 18:00 - 25.11.2022 19:00 (CET/CEST)","n/e","n/e","n/e","n/e","n/e","n/e","n/e","n/e","n/e","n/e","n/e","n/e","n/e","3478","n/e","n/e","41","n/e","0","n/e","n/e","199"
"BZN|SE1","25.11.2022 19:00 - 25.11.2022 20:00 (CET/CEST)","n/e","n/e","n/e","n/e","n/e","n/e","n/e","n/e","n/e","n/e","n/e","n/e","n/e","3469","n/e","n/e","41","n/e","0","n/e","n/e","195"
"BZN|SE1","25.11.2022 20:00 - 25.11.2022 21:00 (CET/CEST)","n/e","n/e","n/e","n/e","n/e","n/e","n/e","n/e","n/e","n/e","n/e","n/e","n/e","3362","n/e","n/e","41","n/e","0","n/e","n/e","187"
"BZN|SE1","25.11.2022 21:00 - 25.11.2022 22:00 (CET/CEST)","n/e","n/e","n/e","n/e","n/e","n/e","n/e","n/e","n/e","n/e","n/e","n/e","n/e","3315","n/e","n/e","41","n/e","0","n/e","n/e","169"
"BZN|SE1","25.11.2022 22:00 - 25.11.2022 23:00 (CET/CEST)","n/e","n/e","n/e","n/e","n/e","n/e","n/e","n/e","n/e","n/e","n/e","n/e","n/e","3253","n/e","n/e","40","n/e","0","n/e","n/e","170"
"BZN|SE1","25.11.2022 23:00 - 26.11.2022 00:00 (CET/CEST)","n/e","n/e","n/e","n/e","n/e","n/e","n/e","n/e","n/e","n/e","n/e","n/e","n/e","3160","n/e","n/e","38","n/e","0","n/e","n/e","170"
"BZN|SE1","26.11.2022 00:00 - 26.11.2022 01:00 (CET/CEST)","n/e","n/e","n/e","n/e","n/e","n/e","n/e","n/e","n/e","n/e","n/e","n/e","n/e","3244","n/e","n/e","36","n/e","0","n/e","n/e","191"
"BZN|SE1","26.11.2022 01:00 - 26.11.2022 02:00 (CET/CEST)","n/e","n/e","n/e","n/e","n/e","n/e","n/e","n/e","n/e","n/e","n/e","n/e","n/e","3101","n/e","n/e","36","n/e","0","n/e","n/e","210"
"BZN|SE1","26.11.2022 02:00 - 26.11.2022 03:00 (CET/CEST)","n/e","n/e","n/e","n/e","n/e","n/e","n/e","n/e","n/e","n/e","n/e","n/e","n/e","3088","n/e","n/e","36","n/e","0","n/e","n/e","234"
"BZN|SE1","26.11.2022 03:00 - 26.11.2022 04:00 (CET/CEST)","n/e","n/e","n/e","n/e","n/e","n/e","n/e","n/e","n/e","n/e","n/e","n/e","n/e","3116","n/e","n/e","36","n/e","0","n/e","n/e","209"
"BZN|SE1","26.11.2022 04:00 - 26.11.2022 05:00 (CET/CEST)","n/e","n/e","n/e","n/e","n/e","n/e","n/e","n/e","n/e","n/e","n/e","n/e","n/e","3128","n/e","n/e","37","n/e","0","n/e","n/e","185"
"BZN|SE1","26.11.2022 05:00 - 26.11.2022 06:00 (CET/CEST)","n/e","n/e","n/e","n/e","n/e","n/e","n/e","n/e","n/e","n/e","n/e","n/e","n/e","3201","n/e","n/e","37","n/e","0","n/e","n/e","218"
"BZN|SE1","26.11.2022 06:00 - 26.11.2022 07:00 (CET/CEST)","n/e","n/e","n/e","n/e","n/e","n/e","n/e","n/e","n/e","n/e","n/e","n/e","n/e","3361","n/e","n/e","39","n/e","0","n/e","n/e","274"
"BZN|SE1","26.11.2022 07:00 - 26.11.2022 08:00 (CET/CEST)","n/e","n/e","n/e","n/e","n/e","n/e","n/e","n/e","n/e","n/e","n/e","n/e","n/e","3340","n/e","n/e","39","n/e","0","n/e","n/e","306"
"BZN|SE1","26.11.2022 08:00 - 26.11.2022 09:00 (CET/CEST)","n/e","n/e","n/e","n/e","n/e","n/e","n/e","n/e","n/e","n/e","n/e","n/e","n/e","3275","n/e","n/e","39","n/e","0","n/e","n/e","331"
"BZN|SE1","26.11.2022 09:00 - 26.11.2022 10:00 (CET/CEST)","n/e","n/e","n/e","n/e","n/e","n/e","n/e","n/e","n/e","n/e","n/e","n/e","n/e","3272","n/e","n/e","39","n/e","0","n/e","n/e","337"
"BZN|SE1","26.11.2022 10:00 - 26.11.2022 11:00 (CET/CEST)","n/e","n/e","n/e","n/e","n/e","n/e","n/e","n/e","n/e","n/e","n/e","n/e","n/e","3281","n/e","n/e","39","n/e","0","n/e","n/e","342"
"BZN|SE1","26.11.2022 11:00 - 26.11.2022 12:00 (CET/CEST)","n/e","n/e","n/e","n/e","n/e","n/e","n/e","n/e","n/e","n/e","n/e","n/e","n/e","3285","n/e","n/e","35","n/e","0","n/e","n/e","369"
"BZN|SE1","26.11.2022 12:00 - 26.11.2022 13:00 (CET/CEST)","n/e","n/e","n/e","n/e","n/e","n/e","n/e","n/e","n/e","n/e","n/e","n/e","n/e","3211","n/e","n/e","32","n/e","0","n/e","n/e","418"
"BZN|SE1","26.11.2022 13:00 - 26.11.2022 14:00 (CET/CEST)","n/e","n/e","n/e","n/e","n/e","n/e","n/e","n/e","n/e","n/e","n/e","n/e","n/e","3166","n/e","n/e","32","n/e","0","n/e","n/e","382"
"BZN|SE1","26.11.2022 14:00 - 26.11.2022 15:00 (CET/CEST)","n/e","n/e","n/e","n/e","n/e","n/e","n/e","n/e","n/e","n/e","n/e","n/e","n/e","3230","n/e","n/e","32","n/e","0","n/e","n/e","373"
"BZN|SE1","26.11.2022 15:00 - 26.11.2022 16:00 (CET/CEST)","n/e","n/e","n/e","n/e","n/e","n/e","n/e","n/e","n/e","n/e","n/e","n/e","n/e","3235","n/e","n/e","32","n/e","0","n/e","n/e","384"
"BZN|SE1","26.11.2022 16:00 - 26.11.2022 17:00 (CET/CEST)","n/e","n/e","n/e","n/e","n/e","n/e","n/e","n/e","n/e","n/e","n/e","n/e","n/e","3306","n/e","n/e","33","n/e","0","n/e","n/e","424"
"BZN|SE1","26.11.2022 17:00 - 26.11.2022 18:00 (CET/CEST)","n/e","n/e","n/e","n/e","n/e","n/e","n/e","n/e","n/e","n/e","n/e","n/e","n/e","3324","n/e","n/e","33","n/e","0","n/e","n/e","425"
"BZN|SE1","26.11.2022 18:00 - 26.11.2022 19:00 (CET/CEST)","n/e","n/e","n/e","n/e","n/e","n/e","n/e","n/e","n/e","n/e","n/e","n/e","n/e","3156","n/e","n/e","33","n/e","0","n/e","n/e","447"
"BZN|SE1","26.11.2022 19:00 - 26.11.2022 20:00 (CET/CEST)","n/e","n/e","n/e","n/e","n/e","n/e","n/e","n/e","n/e","n/e","n/e","n/e","n/e","3138","n/e","n/e","33","n/e","0","n/e","n/e","465"
"BZN|SE1","26.11.2022 20:00 - 26.11.2022 21:00 (CET/CEST)","n/e","n/e","n/e","n/e","n/e","n/e","n/e","n/e","n/e","n/e","n/e","n/e","n/e","3131","n/e","n/e","33","n/e","0","n/e","n/e","474"
"BZN|SE1","26.11.2022 21:00 - 26.11.2022 22:00 (CET/CEST)","n/e","n/e","n/e","n/e","n/e","n/e","n/e","n/e","n/e","n/e","n/e","n/e","n/e","3148","n/e","n/e","33","n/e","0","n/e","n/e","483"
"BZN|SE1","26.11.2022 22:00 - 26.11.2022 23:00 (CET/CEST)","n/e","n/e","n/e","n/e","n/e","n/e","n/e","n/e","n/e","n/e","n/e","n/e","n/e","3204","n/e","n/e","31","n/e","0","n/e","n/e","487"
"BZN|SE1","26.11.2022 23:00 - 27.11.2022 00:00 (CET/CEST)","n/e","n/e","n/e","n/e","n/e","n/e","n/e","n/e","n/e","n/e","n/e","n/e","n/e","3000","n/e","n/e","31","n/e","0","n/e","n/e","499"
"BZN|SE1","27.11.2022 00:00 - 27.11.2022 01:00 (CET/CEST)","n/e","n/e","n/e","n/e","n/e","n/e","n/e","n/e","n/e","n/e","n/e","n/e","n/e","3013","n/e","n/e","27","n/e","0","n/e","n/e","506"
"BZN|SE1","27.11.2022 01:00 - 27.11.2022 02:00 (CET/CEST)","n/e","n/e","n/e","n/e","n/e","n/e","n/e","n/e","n/e","n/e","n/e","n/e","n/e","2859","n/e","n/e","27","n/e","0","n/e","n/e","500"
"BZN|SE1","27.11.2022 02:00 - 27.11.2022 03:00 (CET/CEST)","n/e","n/e","n/e","n/e","n/e","n/e","n/e","n/e","n/e","n/e","n/e","n/e","n/e","2768","n/e","n/e","27","n/e","0","n/e","n/e","492"
"BZN|SE1","27.11.2022 03:00 - 27.11.2022 04:00 (CET/CEST)","n/e","n/e","n/e","n/e","n/e","n/e","n/e","n/e","n/e","n/e","n/e","n/e","n/e","2466","n/e","n/e","27","n/e","0","n/e","n/e","494"
"BZN|SE1","27.11.2022 04:00 - 27.11.2022 05:00 (CET/CEST)","n/e","n/e","n/e","n/e","n/e","n/e","n/e","n/e","n/e","n/e","n/e","n/e","n/e","2470","n/e","n/e","26","n/e","0","n/e","n/e","540"
"BZN|SE1","27.11.2022 05:00 - 27.11.2022 06:00 (CET/CEST)","n/e","n/e","n/e","n/e","n/e","n/e","n/e","n/e","n/e","n/e","n/e","n/e","n/e","2577","n/e","n/e","26","n/e","0","n/e","n/e","539"
"BZN|SE1","27.11.2022 06:00 - 27.11.2022 07:00 (CET/CEST)","n/e","n/e","n/e","n/e","n/e","n/e","n/e","n/e","n/e","n/e","n/e","n/e","n/e","2864","n/e","n/e","26","n/e","0","n/e","n/e","524"
"BZN|SE1","27.11.2022 07:00 - 27.11.2022 08:00 (CET/CEST)","n/e","n/e","n/e","n/e","n/e","n/e","n/e","n/e","n/e","n/e","n/e","n/e","n/e","3008","n/e","n/e","26","n/e","0","n/e","n/e","558"
"BZN|SE1","27.11.2022 08:00 - 27.11.2022 09:00 (CET/CEST)","n/e","n/e","n/e","n/e","n/e","n/e","n/e","n/e","n/e","n/e","n/e","n/e","n/e","3048","n/e","n/e","27","n/e","0","n/e","n/e","601"
"BZN|SE1","27.11.2022 09:00 - 27.11.2022 10:00 (CET/CEST)","n/e","n/e","n/e","n/e","n/e","n/e","n/e","n/e","n/e","n/e","n/e","n/e","n/e","3027","n/e","n/e","27","n/e","0","n/e","n/e","671"
"BZN|SE1","27.11.2022 10:00 - 27.11.2022 11:00 (CET/CEST)","n/e","n/e","n/e","n/e","n/e","n/e","n/e","n/e","n/e","n/e","n/e","n/e","n/e","2984","n/e","n/e","27","n/e","0","n/e","n/e","668"
"BZN|SE1","27.11.2022 11:00 - 27.11.2022 12:00 (CET/CEST)","n/e","n/e","n/e","n/e","n/e","n/e","n/e","n/e","n/e","n/e","n/e","n/e","n/e","2921","n/e","n/e","27","n/e","0","n/e","n/e","652"
"BZN|SE1","27.11.2022 12:00 - 27.11.2022 13:00 (CET/CEST)","n/e","n/e","n/e","n/e","n/e","n/e","n/e","n/e","n/e","n/e","n/e","n/e","n/e","2801","n/e","n/e","26","n/e","0","n/e","n/e","712"
"BZN|SE1","27.11.2022 13:00 - 27.11.2022 14:00 (CET/CEST)","n/e","n/e","n/e","n/e","n/e","n/e","n/e","n/e","n/e","n/e","n/e","n/e","n/e","2801","n/e","n/e","26","n/e","0","n/e","n/e","708"
"BZN|SE1","27.11.2022 14:00 - 27.11.2022 15:00 (CET/CEST)","n/e","n/e","n/e","n/e","n/e","n/e","n/e","n/e","n/e","n/e","n/e","n/e","n/e","2764","n/e","n/e","26","n/e","0","n/e","n/e","649"
"BZN|SE1","27.11.2022 15:00 - 27.11.2022 16:00 (CET/CEST)","n/e","n/e","n/e","n/e","n/e","n/e","n/e","n/e","n/e","n/e","n/e","n/e","n/e","2816","n/e","n/e","26","n/e","0","n/e","n/e","614"
"BZN|SE1","27.11.2022 16:00 - 27.11.2022 17:00 (CET/CEST)","n/e","n/e","n/e","n/e","n/e","n/e","n/e","n/e","n/e","n/e","n/e","n/e","n/e","2840","n/e","n/e","26","n/e","0","n/e","n/e","602"
"BZN|SE1","27.11.2022 17:00 - 27.11.2022 18:00 (CET/CEST)","n/e","n/e","n/e","n/e","n/e","n/e","n/e","n/e","n/e","n/e","n/e","n/e","n/e","2848","n/e","n/e","26","n/e","0","n/e","n/e","624"
"BZN|SE1","27.11.2022 18:00 - 27.11.2022 19:00 (CET/CEST)","n/e","n/e","n/e","n/e","n/e","n/e","n/e","n/e","n/e","n/e","n/e","n/e","n/e","2783","n/e","n/e","26","n/e","0","n/e","n/e","646"
"BZN|SE1","27.11.2022 19:00 - 27.11.2022 20:00 (CET/CEST)","n/e","n/e","n/e","n/e","n/e","n/e","n/e","n/e","n/e","n/e","n/e","n/e","n/e","2779","n/e","n/e","26","n/e","0","n/e","n/e","623"
"BZN|SE1","27.11.2022 20:00 - 27.11.2022 21:00 (CET/CEST)","n/e","n/e","n/e","n/e","n/e","n/e","n/e","n/e","n/e","n/e","n/e","n/e","n/e","2770","n/e","n/e","26","n/e","0","n/e","n/e","619"
"BZN|SE1","27.11.2022 21:00 - 27.11.2022 22:00 (CET/CEST)","n/e","n/e","n/e","n/e","n/e","n/e","n/e","n/e","n/e","n/e","n/e","n/e","n/e","2777","n/e","n/e","26","n/e","0","n/e","n/e","624"
"BZN|SE1","27.11.2022 22:00 - 27.11.2022 23:00 (CET/CEST)","n/e","n/e","n/e","n/e","n/e","n/e","n/e","n/e","n/e","n/e","n/e","n/e","n/e","2540","n/e","n/e","26","n/e","0","n/e","n/e","599"
"BZN|SE1","27.11.2022 23:00 - 28.11.2022 00:00 (CET/CEST)","n/e","n/e","n/e","n/e","n/e","n/e","n/e","n/e","n/e","n/e","n/e","n/e","n/e","2275","n/e","n/e","26","n/e","0","n/e","n/e","553"
"BZN|SE1","28.11.2022 00:00 - 28.11.2022 01:00 (CET/CEST)","n/e","n/e","n/e","n/e","n/e","n/e","n/e","n/e","n/e","n/e","n/e","n/e","n/e","2537","n/e","n/e","29","n/e","0","n/e","n/e","575"
"BZN|SE1","28.11.2022 01:00 - 28.11.2022 02:00 (CET/CEST)","n/e","n/e","n/e","n/e","n/e","n/e","n/e","n/e","n/e","n/e","n/e","n/e","n/e","2536","n/e","n/e","29","n/e","0","n/e","n/e","575"
"BZN|SE1","28.11.2022 02:00 - 28.11.2022 03:00 (CET/CEST)","n/e","n/e","n/e","n/e","n/e","n/e","n/e","n/e","n/e","n/e","n/e","n/e","n/e","2495","n/e","n/e","29","n/e","0","n/e","n/e","553"
"BZN|SE1","28.11.2022 03:00 - 28.11.2022 04:00 (CET/CEST)","n/e","n/e","n/e","n/e","n/e","n/e","n/e","n/e","n/e","n/e","n/e","n/e","n/e","2436","n/e","n/e","29","n/e","0","n/e","n/e","539"
"BZN|SE1","28.11.2022 04:00 - 28.11.2022 05:00 (CET/CEST)","n/e","n/e","n/e","n/e","n/e","n/e","n/e","n/e","n/e","n/e","n/e","n/e","n/e","2450","n/e","n/e","29","n/e","0","n/e","n/e","499"
"BZN|SE1","28.11.2022 05:00 - 28.11.2022 06:00 (CET/CEST)","n/e","n/e","n/e","n/e","n/e","n/e","n/e","n/e","n/e","n/e","n/e","n/e","n/e","2626","n/e","n/e","29","n/e","0","n/e","n/e","489"
"BZN|SE1","28.11.2022 06:00 - 28.11.2022 07:00 (CET/CEST)","n/e","n/e","n/e","n/e","n/e","n/e","n/e","n/e","n/e","n/e","n/e","n/e","n/e","3049","n/e","n/e","29","n/e","0","n/e","n/e","522"
"BZN|SE1","28.11.2022 07:00 - 28.11.2022 08:00 (CET/CEST)","n/e","n/e","n/e","n/e","n/e","n/e","n/e","n/e","n/e","n/e","n/e","n/e","n/e","3440","n/e","n/e","29","n/e","0","n/e","n/e","379"
"BZN|SE1","28.11.2022 08:00 - 28.11.2022 09:00 (CET/CEST)","n/e","n/e","n/e","n/e","n/e","n/e","n/e","n/e","n/e","n/e","n/e","n/e","n/e","3419","n/e","n/e","29","n/e","0","n/e","n/e","366"
"BZN|SE1","28.11.2022 09:00 - 28.11.2022 10:00 (CET/CEST)","n/e","n/e","n/e","n/e","n/e","n/e","n/e","n/e","n/e","n/e","n/e","n/e","n/e","3439","n/e","n/e","36","n/e","0","n/e","n/e","337"
"BZN|SE1","28.11.2022 10:00 - 28.11.2022 11:00 (CET/CEST)","n/e","n/e","n/e","n/e","n/e","n/e","n/e","n/e","n/e","n/e","n/e","n/e","n/e","3544","n/e","n/e","36","n/e","0","n/e","n/e","350"
"BZN|SE1","28.11.2022 11:00 - 28.11.2022 12:00 (CET/CEST)","n/e","n/e","n/e","n/e","n/e","n/e","n/e","n/e","n/e","n/e","n/e","n/e","n/e","3569","n/e","n/e","36","n/e","0","n/e","n/e","328"
"BZN|SE1","28.11.2022 12:00 - 28.11.2022 13:00 (CET/CEST)","n/e","n/e","n/e","n/e","n/e","n/e","n/e","n/e","n/e","n/e","n/e","n/e","n/e","3505","n/e","n/e","34","n/e","0","n/e","n/e","347"
"BZN|SE1","28.11.2022 13:00 - 28.11.2022 14:00 (CET/CEST)","n/e","n/e","n/e","n/e","n/e","n/e","n/e","n/e","n/e","n/e","n/e","n/e","n/e","3603","n/e","n/e","37","n/e","0","n/e","n/e","294"
"BZN|SE1","28.11.2022 14:00 - 28.11.2022 15:00 (CET/CEST)","n/e","n/e","n/e","n/e","n/e","n/e","n/e","n/e","n/e","n/e","n/e","n/e","n/e","3608","n/e","n/e","37","n/e","0","n/e","n/e","244"
"BZN|SE1","28.11.2022 15:00 - 28.11.2022 16:00 (CET/CEST)","n/e","n/e","n/e","n/e","n/e","n/e","n/e","n/e","n/e","n/e","n/e","n/e","n/e","3612","n/e","n/e","30","n/e","0","n/e","n/e","236"
"BZN|SE1","28.11.2022 16:00 - 28.11.2022 17:00 (CET/CEST)","n/e","n/e","n/e","n/e","n/e","n/e","n/e","n/e","n/e","n/e","n/e","n/e","n/e","3660","n/e","n/e","32","n/e","0","n/e","n/e","237"
"BZN|SE1","28.11.2022 17:00 - 28.11.2022 18:00 (CET/CEST)","n/e","n/e","n/e","n/e","n/e","n/e","n/e","n/e","n/e","n/e","n/e","n/e","n/e","3665","n/e","n/e","32","n/e","0","n/e","n/e","232"
"BZN|SE1","28.11.2022 18:00 - 28.11.2022 19:00 (CET/CEST)","n/e","n/e","n/e","n/e","n/e","n/e","n/e","n/e","n/e","n/e","n/e","n/e","n/e","3648","n/e","n/e","32","n/e","0","n/e","n/e","229"
"BZN|SE1","28.11.2022 19:00 - 28.11.2022 20:00 (CET/CEST)","n/e","n/e","n/e","n/e","n/e","n/e","n/e","n/e","n/e","n/e","n/e","n/e","n/e","3595","n/e","n/e","32","n/e","0","n/e","n/e","231"
"BZN|SE1","28.11.2022 20:00 - 28.11.2022 21:00 (CET/CEST)","n/e","n/e","n/e","n/e","n/e","n/e","n/e","n/e","n/e","n/e","n/e","n/e","n/e","3520","n/e","n/e","32","n/e","0","n/e","n/e","234"
"BZN|SE1","28.11.2022 21:00 - 28.11.2022 22:00 (CET/CEST)","n/e","n/e","n/e","n/e","n/e","n/e","n/e","n/e","n/e","n/e","n/e","n/e","n/e","3482","n/e","n/e","32","n/e","0","n/e","n/e","236"
"BZN|SE1","28.11.2022 22:00 - 28.11.2022 23:00 (CET/CEST)","n/e","n/e","n/e","n/e","n/e","n/e","n/e","n/e","n/e","n/e","n/e","n/e","n/e","3357","n/e","n/e","28","n/e","0","n/e","n/e","241"
"BZN|SE1","28.11.2022 23:00 - 29.11.2022 00:00 (CET/CEST)","n/e","n/e","n/e","n/e","n/e","n/e","n/e","n/e","n/e","n/e","n/e","n/e","n/e","2975","n/e","n/e","24","n/e","0","n/e","n/e","246"
"BZN|SE1","29.11.2022 00:00 - 29.11.2022 01:00 (CET/CEST)","n/e","n/e","n/e","n/e","n/e","n/e","n/e","n/e","n/e","n/e","n/e","n/e","n/e","3305","n/e","n/e","21","n/e","0","n/e","n/e","233"
"BZN|SE1","29.11.2022 01:00 - 29.11.2022 02:00 (CET/CEST)","n/e","n/e","n/e","n/e","n/e","n/e","n/e","n/e","n/e","n/e","n/e","n/e","n/e","3251","n/e","n/e","21","n/e","0","n/e","n/e","232"
"BZN|SE1","29.11.2022 02:00 - 29.11.2022 03:00 (CET/CEST)","n/e","n/e","n/e","n/e","n/e","n/e","n/e","n/e","n/e","n/e","n/e","n/e","n/e","3292","n/e","n/e","22","n/e","0","n/e","n/e","215"
"BZN|SE1","29.11.2022 03:00 - 29.11.2022 04:00 (CET/CEST)","n/e","n/e","n/e","n/e","n/e","n/e","n/e","n/e","n/e","n/e","n/e","n/e","n/e","3277","n/e","n/e","22","n/e","0","n/e","n/e","210"
"BZN|SE1","29.11.2022 04:00 - 29.11.2022 05:00 (CET/CEST)","n/e","n/e","n/e","n/e","n/e","n/e","n/e","n/e","n/e","n/e","n/e","n/e","n/e","3266","n/e","n/e","25","n/e","0","n/e","n/e","216"
"BZN|SE1","29.11.2022 05:00 - 29.11.2022 06:00 (CET/CEST)","n/e","n/e","n/e","n/e","n/e","n/e","n/e","n/e","n/e","n/e","n/e","n/e","n/e","3408","n/e","n/e","30","n/e","0","n/e","n/e","212"
"BZN|SE1","29.11.2022 06:00 - 29.11.2022 07:00 (CET/CEST)","n/e","n/e","n/e","n/e","n/e","n/e","n/e","n/e","n/e","n/e","n/e","n/e","n/e","3629","n/e","n/e","35","n/e","0","n/e","n/e","209"
"BZN|SE1","29.11.2022 07:00 - 29.11.2022 08:00 (CET/CEST)","n/e","n/e","n/e","n/e","n/e","n/e","n/e","n/e","n/e","n/e","n/e","n/e","n/e","3904","n/e","n/e","41","n/e","0","n/e","n/e","209"
"BZN|SE1","29.11.2022 08:00 - 29.11.2022 09:00 (CET/CEST)","n/e","n/e","n/e","n/e","n/e","n/e","n/e","n/e","n/e","n/e","n/e","n/e","n/e","3927","n/e","n/e","41","n/e","0","n/e","n/e","210"
"BZN|SE1","29.11.2022 09:00 - 29.11.2022 10:00 (CET/CEST)","n/e","n/e","n/e","n/e","n/e","n/e","n/e","n/e","n/e","n/e","n/e","n/e","n/e","3925","n/e","n/e","41","n/e","0","n/e","n/e","204"
"BZN|SE1","29.11.2022 10:00 - 29.11.2022 11:00 (CET/CEST)","n/e","n/e","n/e","n/e","n/e","n/e","n/e","n/e","n/e","n/e","n/e","n/e","n/e","3924","n/e","n/e","41","n/e","0","n/e","n/e","208"
"BZN|SE1","29.11.2022 11:00 - 29.11.2022 12:00 (CET/CEST)","n/e","n/e","n/e","n/e","n/e","n/e","n/e","n/e","n/e","n/e","n/e","n/e","n/e","3948","n/e","n/e","41","n/e","0","n/e","n/e","196"
"BZN|SE1","29.11.2022 12:00 - 29.11.2022 13:00 (CET/CEST)","n/e","n/e","n/e","n/e","n/e","n/e","n/e","n/e","n/e","n/e","n/e","n/e","n/e","3975","n/e","n/e","38","n/e","0","n/e","n/e","188"
"BZN|SE1","29.11.2022 13:00 - 29.11.2022 14:00 (CET/CEST)","n/e","n/e","n/e","n/e","n/e","n/e","n/e","n/e","n/e","n/e","n/e","n/e","n/e","3962","n/e","n/e","39","n/e","0","n/e","n/e","178"
"BZN|SE1","29.11.2022 14:00 - 29.11.2022 15:00 (CET/CEST)","n/e","n/e","n/e","n/e","n/e","n/e","n/e","n/e","n/e","n/e","n/e","n/e","n/e","3978","n/e","n/e","39","n/e","0","n/e","n/e","183"
"BZN|SE1","29.11.2022 15:00 - 29.11.2022 16:00 (CET/CEST)","n/e","n/e","n/e","n/e","n/e","n/e","n/e","n/e","n/e","n/e","n/e","n/e","n/e","4031","n/e","n/e","42","n/e","0","n/e","n/e","170"
"BZN|SE1","29.11.2022 16:00 - 29.11.2022 17:00 (CET/CEST)","n/e","n/e","n/e","n/e","n/e","n/e","n/e","n/e","n/e","n/e","n/e","n/e","n/e","4059","n/e","n/e","42","n/e","0","n/e","n/e","174"
"BZN|SE1","29.11.2022 17:00 - 29.11.2022 18:00 (CET/CEST)","n/e","n/e","n/e","n/e","n/e","n/e","n/e","n/e","n/e","n/e","n/e","n/e","n/e","4045","n/e","n/e","42","n/e","0","n/e","n/e","190"
"BZN|SE1","29.11.2022 18:00 - 29.11.2022 19:00 (CET/CEST)","n/e","n/e","n/e","n/e","n/e","n/e","n/e","n/e","n/e","n/e","n/e","n/e","n/e","4036","n/e","n/e","42","n/e","0","n/e","n/e","192"
"BZN|SE1","29.11.2022 19:00 - 29.11.2022 20:00 (CET/CEST)","n/e","n/e","n/e","n/e","n/e","n/e","n/e","n/e","n/e","n/e","n/e","n/e","n/e","4035","n/e","n/e","42","n/e","0","n/e","n/e","203"
"BZN|SE1","29.11.2022 20:00 - 29.11.2022 21:00 (CET/CEST)","n/e","n/e","n/e","n/e","n/e","n/e","n/e","n/e","n/e","n/e","n/e","n/e","n/e","4027","n/e","n/e","42","n/e","0","n/e","n/e","209"
"BZN|SE1","29.11.2022 21:00 - 29.11.2022 22:00 (CET/CEST)","n/e","n/e","n/e","n/e","n/e","n/e","n/e","n/e","n/e","n/e","n/e","n/e","n/e","3955","n/e","n/e","42","n/e","0","n/e","n/e","216"
"BZN|SE1","29.11.2022 22:00 - 29.11.2022 23:00 (CET/CEST)","n/e","n/e","n/e","n/e","n/e","n/e","n/e","n/e","n/e","n/e","n/e","n/e","n/e","3824","n/e","n/e","42","n/e","0","n/e","n/e","221"
"BZN|SE1","29.11.2022 23:00 - 30.11.2022 00:00 (CET/CEST)","n/e","n/e","n/e","n/e","n/e","n/e","n/e","n/e","n/e","n/e","n/e","n/e","n/e","3654","n/e","n/e","42","n/e","0","n/e","n/e","220"
"BZN|SE1","30.11.2022 00:00 - 30.11.2022 01:00 (CET/CEST)","n/e","n/e","n/e","n/e","n/e","n/e","n/e","n/e","n/e","n/e","n/e","n/e","n/e","3285","n/e","n/e","37","n/e","0","n/e","n/e","220"
"BZN|SE1","30.11.2022 01:00 - 30.11.2022 02:00 (CET/CEST)","n/e","n/e","n/e","n/e","n/e","n/e","n/e","n/e","n/e","n/e","n/e","n/e","n/e","3235","n/e","n/e","37","n/e","0","n/e","n/e","197"
"BZN|SE1","30.11.2022 02:00 - 30.11.2022 03:00 (CET/CEST)","n/e","n/e","n/e","n/e","n/e","n/e","n/e","n/e","n/e","n/e","n/e","n/e","n/e","3227","n/e","n/e","37","n/e","0","n/e","n/e","194"
"BZN|SE1","30.11.2022 03:00 - 30.11.2022 04:00 (CET/CEST)","n/e","n/e","n/e","n/e","n/e","n/e","n/e","n/e","n/e","n/e","n/e","n/e","n/e","3224","n/e","n/e","41","n/e","0","n/e","n/e","174"
"BZN|SE1","30.11.2022 04:00 - 30.11.2022 05:00 (CET/CEST)","n/e","n/e","n/e","n/e","n/e","n/e","n/e","n/e","n/e","n/e","n/e","n/e","n/e","3232","n/e","n/e","41","n/e","0","n/e","n/e","164"
"BZN|SE1","30.11.2022 05:00 - 30.11.2022 06:00 (CET/CEST)","n/e","n/e","n/e","n/e","n/e","n/e","n/e","n/e","n/e","n/e","n/e","n/e","n/e","3547","n/e","n/e","41","n/e","0","n/e","n/e","151"
"BZN|SE1","30.11.2022 06:00 - 30.11.2022 07:00 (CET/CEST)","n/e","n/e","n/e","n/e","n/e","n/e","n/e","n/e","n/e","n/e","n/e","n/e","n/e","3955","n/e","n/e","41","n/e","0","n/e","n/e","127"
"BZN|SE1","30.11.2022 07:00 - 30.11.2022 08:00 (CET/CEST)","n/e","n/e","n/e","n/e","n/e","n/e","n/e","n/e","n/e","n/e","n/e","n/e","n/e","4013","n/e","n/e","41","n/e","0","n/e","n/e","125"
"BZN|SE1","30.11.2022 08:00 - 30.11.2022 09:00 (CET/CEST)","n/e","n/e","n/e","n/e","n/e","n/e","n/e","n/e","n/e","n/e","n/e","n/e","n/e","4012","n/e","n/e","41","n/e","0","n/e","n/e","140"
"BZN|SE1","30.11.2022 09:00 - 30.11.2022 10:00 (CET/CEST)","n/e","n/e","n/e","n/e","n/e","n/e","n/e","n/e","n/e","n/e","n/e","n/e","n/e","4006","n/e","n/e","39","n/e","0","n/e","n/e","117"
"BZN|SE1","30.11.2022 10:00 - 30.11.2022 11:00 (CET/CEST)","n/e","n/e","n/e","n/e","n/e","n/e","n/e","n/e","n/e","n/e","n/e","n/e","n/e","3934","n/e","n/e","39","n/e","0","n/e","n/e","114"
"BZN|SE1","30.11.2022 11:00 - 30.11.2022 12:00 (CET/CEST)","n/e","n/e","n/e","n/e","n/e","n/e","n/e","n/e","n/e","n/e","n/e","n/e","n/e","3975","n/e","n/e","39","n/e","0","n/e","n/e","115"
"BZN|SE1","30.11.2022 12:00 - 30.11.2022 13:00 (CET/CEST)","n/e","n/e","n/e","n/e","n/e","n/e","n/e","n/e","n/e","n/e","n/e","n/e","n/e","3945","n/e","n/e","36","n/e","0","n/e","n/e","93"
"BZN|SE1","30.11.2022 13:00 - 30.11.2022 14:00 (CET/CEST)","n/e","n/e","n/e","n/e","n/e","n/e","n/e","n/e","n/e","n/e","n/e","n/e","n/e","3923","n/e","n/e","39","n/e","0","n/e","n/e","107"
"BZN|SE1","30.11.2022 14:00 - 30.11.2022 15:00 (CET/CEST)","n/e","n/e","n/e","n/e","n/e","n/e","n/e","n/e","n/e","n/e","n/e","n/e","n/e","3903","n/e","n/e","39","n/e","0","n/e","n/e","89"
"BZN|SE1","30.11.2022 15:00 - 30.11.2022 16:00 (CET/CEST)","n/e","n/e","n/e","n/e","n/e","n/e","n/e","n/e","n/e","n/e","n/e","n/e","n/e","3965","n/e","n/e","38","n/e","0","n/e","n/e","66"
"BZN|SE1","30.11.2022 16:00 - 30.11.2022 17:00 (CET/CEST)","n/e","n/e","n/e","n/e","n/e","n/e","n/e","n/e","n/e","n/e","n/e","n/e","n/e","3967","n/e","n/e","39","n/e","0","n/e","n/e","70"
"BZN|SE1","30.11.2022 17:00 - 30.11.2022 18:00 (CET/CEST)","n/e","n/e","n/e","n/e","n/e","n/e","n/e","n/e","n/e","n/e","n/e","n/e","n/e","3970","n/e","n/e","39","n/e","0","n/e","n/e","68"
"BZN|SE1","30.11.2022 18:00 - 30.11.2022 19:00 (CET/CEST)","n/e","n/e","n/e","n/e","n/e","n/e","n/e","n/e","n/e","n/e","n/e","n/e","n/e","3969","n/e","n/e","39","n/e","0","n/e","n/e","75"
"BZN|SE1","30.11.2022 19:00 - 30.11.2022 20:00 (CET/CEST)","n/e","n/e","n/e","n/e","n/e","n/e","n/e","n/e","n/e","n/e","n/e","n/e","n/e","3968","n/e","n/e","39","n/e","0","n/e","n/e","82"
"BZN|SE1","30.11.2022 20:00 - 30.11.2022 21:00 (CET/CEST)","n/e","n/e","n/e","n/e","n/e","n/e","n/e","n/e","n/e","n/e","n/e","n/e","n/e","3951","n/e","n/e","39","n/e","0","n/e","n/e","71"
"BZN|SE1","30.11.2022 21:00 - 30.11.2022 22:00 (CET/CEST)","n/e","n/e","n/e","n/e","n/e","n/e","n/e","n/e","n/e","n/e","n/e","n/e","n/e","3865","n/e","n/e","39","n/e","0","n/e","n/e","74"
"BZN|SE1","30.11.2022 22:00 - 30.11.2022 23:00 (CET/CEST)","n/e","n/e","n/e","n/e","n/e","n/e","n/e","n/e","n/e","n/e","n/e","n/e","n/e","3818","n/e","n/e","39","n/e","0","n/e","n/e","77"
"BZN|SE1","30.11.2022 23:00 - 01.12.2022 00:00 (CET/CEST)","n/e","n/e","n/e","n/e","n/e","n/e","n/e","n/e","n/e","n/e","n/e","n/e","n/e","3298","n/e","n/e","39","n/e","0","n/e","n/e","80"
"BZN|SE1","01.12.2022 00:00 - 01.12.2022 01:00 (CET/CEST)","n/e","n/e","n/e","n/e","n/e","n/e","n/e","n/e","n/e","n/e","n/e","n/e","n/e","3212","n/e","n/e","35","n/e","0","n/e","n/e","76"
"BZN|SE1","01.12.2022 01:00 - 01.12.2022 02:00 (CET/CEST)","n/e","n/e","n/e","n/e","n/e","n/e","n/e","n/e","n/e","n/e","n/e","n/e","n/e","3107","n/e","n/e","35","n/e","0","n/e","n/e","74"
"BZN|SE1","01.12.2022 02:00 - 01.12.2022 03:00 (CET/CEST)","n/e","n/e","n/e","n/e","n/e","n/e","n/e","n/e","n/e","n/e","n/e","n/e","n/e","2921","n/e","n/e","35","n/e","0","n/e","n/e","85"
"BZN|SE1","01.12.2022 03:00 - 01.12.2022 04:00 (CET/CEST)","n/e","n/e","n/e","n/e","n/e","n/e","n/e","n/e","n/e","n/e","n/e","n/e","n/e","2918","n/e","n/e","37","n/e","0","n/e","n/e","92"
"BZN|SE1","01.12.2022 04:00 - 01.12.2022 05:00 (CET/CEST)","n/e","n/e","n/e","n/e","n/e","n/e","n/e","n/e","n/e","n/e","n/e","n/e","n/e","3073","n/e","n/e","37","n/e","0","n/e","n/e","83"
"BZN|SE1","01.12.2022 05:00 - 01.12.2022 06:00 (CET/CEST)","n/e","n/e","n/e","n/e","n/e","n/e","n/e","n/e","n/e","n/e","n/e","n/e","n/e","3105","n/e","n/e","37","n/e","0","n/e","n/e","105"
"BZN|SE1","01.12.2022 06:00 - 01.12.2022 07:00 (CET/CEST)","n/e","n/e","n/e","n/e","n/e","n/e","n/e","n/e","n/e","n/e","n/e","n/e","n/e","3898","n/e","n/e","37","n/e","0","n/e","n/e","111"
"BZN|SE1","01.12.2022 07:00 - 01.12.2022 08:00 (CET/CEST)","n/e","n/e","n/e","n/e","n/e","n/e","n/e","n/e","n/e","n/e","n/e","n/e","n/e","3961","n/e","n/e","37","n/e","0","n/e","n/e","95"
"BZN|SE1","01.12.2022 08:00 - 01.12.2022 09:00 (CET/CEST)","n/e","n/e","n/e","n/e","n/e","n/e","n/e","n/e","n/e","n/e","n/e","n/e","n/e","3951","n/e","n/e","37","n/e","0","n/e","n/e","115"
"BZN|SE1","01.12.2022 09:00 - 01.12.2022 10:00 (CET/CEST)","n/e","n/e","n/e","n/e","n/e","n/e","n/e","n/e","n/e","n/e","n/e","n/e","n/e","3972","n/e","n/e","38","n/e","0","n/e","n/e","105"
"BZN|SE1","01.12.2022 10:00 - 01.12.2022 11:00 (CET/CEST)","n/e","n/e","n/e","n/e","n/e","n/e","n/e","n/e","n/e","n/e","n/e","n/e","n/e","3976","n/e","n/e","38","n/e","0","n/e","n/e","116"
"BZN|SE1","01.12.2022 11:00 - 01.12.2022 12:00 (CET/CEST)","n/e","n/e","n/e","n/e","n/e","n/e","n/e","n/e","n/e","n/e","n/e","n/e","n/e","3974","n/e","n/e","38","n/e","0","n/e","n/e","91"
"BZN|SE1","01.12.2022 12:00 - 01.12.2022 13:00 (CET/CEST)","n/e","n/e","n/e","n/e","n/e","n/e","n/e","n/e","n/e","n/e","n/e","n/e","n/e","3971","n/e","n/e","38","n/e","0","n/e","n/e","84"
"BZN|SE1","01.12.2022 13:00 - 01.12.2022 14:00 (CET/CEST)","n/e","n/e","n/e","n/e","n/e","n/e","n/e","n/e","n/e","n/e","n/e","n/e","n/e","3999","n/e","n/e","38","n/e","0","n/e","n/e","77"
"BZN|SE1","01.12.2022 14:00 - 01.12.2022 15:00 (CET/CEST)","n/e","n/e","n/e","n/e","n/e","n/e","n/e","n/e","n/e","n/e","n/e","n/e","n/e","3981","n/e","n/e","38","n/e","0","n/e","n/e","72"
"BZN|SE1","01.12.2022 15:00 - 01.12.2022 16:00 (CET/CEST)","n/e","n/e","n/e","n/e","n/e","n/e","n/e","n/e","n/e","n/e","n/e","n/e","n/e","3983","n/e","n/e","38","n/e","0","n/e","n/e","53"
"BZN|SE1","01.12.2022 16:00 - 01.12.2022 17:00 (CET/CEST)","n/e","n/e","n/e","n/e","n/e","n/e","n/e","n/e","n/e","n/e","n/e","n/e","n/e","4017","n/e","n/e","37","n/e","0","n/e","n/e","51"
"BZN|SE1","01.12.2022 17:00 - 01.12.2022 18:00 (CET/CEST)","n/e","n/e","n/e","n/e","n/e","n/e","n/e","n/e","n/e","n/e","n/e","n/e","n/e","4013","n/e","n/e","37","n/e","0","n/e","n/e","63"
"BZN|SE1","01.12.2022 18:00 - 01.12.2022 19:00 (CET/CEST)","n/e","n/e","n/e","n/e","n/e","n/e","n/e","n/e","n/e","n/e","n/e","n/e","n/e","4013","n/e","n/e","37","n/e","0","n/e","n/e","69"
"BZN|SE1","01.12.2022 19:00 - 01.12.2022 20:00 (CET/CEST)","n/e","n/e","n/e","n/e","n/e","n/e","n/e","n/e","n/e","n/e","n/e","n/e","n/e","3989","n/e","n/e","37","n/e","0","n/e","n/e","61"
"BZN|SE1","01.12.2022 20:00 - 01.12.2022 21:00 (CET/CEST)","n/e","n/e","n/e","n/e","n/e","n/e","n/e","n/e","n/e","n/e","n/e","n/e","n/e","3946","n/e","n/e","37","n/e","0","n/e","n/e","59"
"BZN|SE1","01.12.2022 21:00 - 01.12.2022 22:00 (CET/CEST)","n/e","n/e","n/e","n/e","n/e","n/e","n/e","n/e","n/e","n/e","n/e","n/e","n/e","3930","n/e","n/e","37","n/e","0","n/e","n/e","62"
"BZN|SE1","01.12.2022 22:00 - 01.12.2022 23:00 (CET/CEST)","n/e","n/e","n/e","n/e","n/e","n/e","n/e","n/e","n/e","n/e","n/e","n/e","n/e","3670","n/e","n/e","37","n/e","0","n/e","n/e","64"
"BZN|SE1","01.12.2022 23:00 - 02.12.2022 00:00 (CET/CEST)","n/e","n/e","n/e","n/e","n/e","n/e","n/e","n/e","n/e","n/e","n/e","n/e","n/e","3520","n/e","n/e","37","n/e","0","n/e","n/e","62"
"BZN|SE1","02.12.2022 00:00 - 02.12.2022 01:00 (CET/CEST)","n/e","n/e","n/e","n/e","n/e","n/e","n/e","n/e","n/e","n/e","n/e","n/e","n/e","3229","n/e","n/e","32","n/e","0","n/e","n/e","60"
"BZN|SE1","02.12.2022 01:00 - 02.12.2022 02:00 (CET/CEST)","n/e","n/e","n/e","n/e","n/e","n/e","n/e","n/e","n/e","n/e","n/e","n/e","n/e","3187","n/e","n/e","32","n/e","0","n/e","n/e","56"
"BZN|SE1","02.12.2022 02:00 - 02.12.2022 03:00 (CET/CEST)","n/e","n/e","n/e","n/e","n/e","n/e","n/e","n/e","n/e","n/e","n/e","n/e","n/e","3272","n/e","n/e","32","n/e","0","n/e","n/e","44"
"BZN|SE1","02.12.2022 03:00 - 02.12.2022 04:00 (CET/CEST)","n/e","n/e","n/e","n/e","n/e","n/e","n/e","n/e","n/e","n/e","n/e","n/e","n/e","3290","n/e","n/e","34","n/e","0","n/e","n/e","44"
"BZN|SE1","02.12.2022 04:00 - 02.12.2022 05:00 (CET/CEST)","n/e","n/e","n/e","n/e","n/e","n/e","n/e","n/e","n/e","n/e","n/e","n/e","n/e","3294","n/e","n/e","34","n/e","0","n/e","n/e","42"
"BZN|SE1","02.12.2022 05:00 - 02.12.2022 06:00 (CET/CEST)","n/e","n/e","n/e","n/e","n/e","n/e","n/e","n/e","n/e","n/e","n/e","n/e","n/e","3479","n/e","n/e","34","n/e","0","n/e","n/e","36"
"BZN|SE1","02.12.2022 06:00 - 02.12.2022 07:00 (CET/CEST)","n/e","n/e","n/e","n/e","n/e","n/e","n/e","n/e","n/e","n/e","n/e","n/e","n/e","3607","n/e","n/e","34","n/e","0","n/e","n/e","37"
"BZN|SE1","02.12.2022 07:00 - 02.12.2022 08:00 (CET/CEST)","n/e","n/e","n/e","n/e","n/e","n/e","n/e","n/e","n/e","n/e","n/e","n/e","n/e","4043","n/e","n/e","34","n/e","0","n/e","n/e","41"
"BZN|SE1","02.12.2022 08:00 - 02.12.2022 09:00 (CET/CEST)","n/e","n/e","n/e","n/e","n/e","n/e","n/e","n/e","n/e","n/e","n/e","n/e","n/e","4037","n/e","n/e","34","n/e","0","n/e","n/e","38"
"BZN|SE1","02.12.2022 09:00 - 02.12.2022 10:00 (CET/CEST)","n/e","n/e","n/e","n/e","n/e","n/e","n/e","n/e","n/e","n/e","n/e","n/e","n/e","4015","n/e","n/e","34","n/e","0","n/e","n/e","44"
"BZN|SE1","02.12.2022 10:00 - 02.12.2022 11:00 (CET/CEST)","n/e","n/e","n/e","n/e","n/e","n/e","n/e","n/e","n/e","n/e","n/e","n/e","n/e","4009","n/e","n/e","34","n/e","0","n/e","n/e","49"
"BZN|SE1","02.12.2022 11:00 - 02.12.2022 12:00 (CET/CEST)","n/e","n/e","n/e","n/e","n/e","n/e","n/e","n/e","n/e","n/e","n/e","n/e","n/e","3924","n/e","n/e","34","n/e","0","n/e","n/e","46"
"BZN|SE1","02.12.2022 12:00 - 02.12.2022 13:00 (CET/CEST)","n/e","n/e","n/e","n/e","n/e","n/e","n/e","n/e","n/e","n/e","n/e","n/e","n/e","3840","n/e","n/e","34","n/e","0","n/e","n/e","43"
"BZN|SE1","02.12.2022 13:00 - 02.12.2022 14:00 (CET/CEST)","n/e","n/e","n/e","n/e","n/e","n/e","n/e","n/e","n/e","n/e","n/e","n/e","n/e","3734","n/e","n/e","34","n/e","0","n/e","n/e","43"
"BZN|SE1","02.12.2022 14:00 - 02.12.2022 15:00 (CET/CEST)","n/e","n/e","n/e","n/e","n/e","n/e","n/e","n/e","n/e","n/e","n/e","n/e","n/e","3557","n/e","n/e","34","n/e","0","n/e","n/e","44"
"BZN|SE1","02.12.2022 15:00 - 02.12.2022 16:00 (CET/CEST)","n/e","n/e","n/e","n/e","n/e","n/e","n/e","n/e","n/e","n/e","n/e","n/e","n/e","3366","n/e","n/e","34","n/e","0","n/e","n/e","46"
"BZN|SE1","02.12.2022 16:00 - 02.12.2022 17:00 (CET/CEST)","n/e","n/e","n/e","n/e","n/e","n/e","n/e","n/e","n/e","n/e","n/e","n/e","n/e","3451","n/e","n/e","34","n/e","0","n/e","n/e","47"
"BZN|SE1","02.12.2022 17:00 - 02.12.2022 18:00 (CET/CEST)","n/e","n/e","n/e","n/e","n/e","n/e","n/e","n/e","n/e","n/e","n/e","n/e","n/e","3692","n/e","n/e","34","n/e","0","n/e","n/e","48"
"BZN|SE1","02.12.2022 18:00 - 02.12.2022 19:00 (CET/CEST)","n/e","n/e","n/e","n/e","n/e","n/e","n/e","n/e","n/e","n/e","n/e","n/e","n/e","3692","n/e","n/e","34","n/e","0","n/e","n/e","39"
"BZN|SE1","02.12.2022 19:00 - 02.12.2022 20:00 (CET/CEST)","n/e","n/e","n/e","n/e","n/e","n/e","n/e","n/e","n/e","n/e","n/e","n/e","n/e","3596","n/e","n/e","34","n/e","0","n/e","n/e","29"
"BZN|SE1","02.12.2022 20:00 - 02.12.2022 21:00 (CET/CEST)","n/e","n/e","n/e","n/e","n/e","n/e","n/e","n/e","n/e","n/e","n/e","n/e","n/e","3058","n/e","n/e","34","n/e","0","n/e","n/e","27"
"BZN|SE1","02.12.2022 21:00 - 02.12.2022 22:00 (CET/CEST)","n/e","n/e","n/e","n/e","n/e","n/e","n/e","n/e","n/e","n/e","n/e","n/e","n/e","3041","n/e","n/e","34","n/e","0","n/e","n/e","32"
"BZN|SE1","02.12.2022 22:00 - 02.12.2022 23:00 (CET/CEST)","n/e","n/e","n/e","n/e","n/e","n/e","n/e","n/e","n/e","n/e","n/e","n/e","n/e","3054","n/e","n/e","34","n/e","0","n/e","n/e","36"
"BZN|SE1","02.12.2022 23:00 - 03.12.2022 00:00 (CET/CEST)","n/e","n/e","n/e","n/e","n/e","n/e","n/e","n/e","n/e","n/e","n/e","n/e","n/e","3002","n/e","n/e","34","n/e","0","n/e","n/e","33"
"BZN|SE1","03.12.2022 00:00 - 03.12.2022 01:00 (CET/CEST)","n/e","n/e","n/e","n/e","n/e","n/e","n/e","n/e","n/e","n/e","n/e","n/e","n/e","3016","n/e","n/e","37","n/e","0","n/e","n/e","34"
"BZN|SE1","03.12.2022 01:00 - 03.12.2022 02:00 (CET/CEST)","n/e","n/e","n/e","n/e","n/e","n/e","n/e","n/e","n/e","n/e","n/e","n/e","n/e","2961","n/e","n/e","37","n/e","0","n/e","n/e","34"
"BZN|SE1","03.12.2022 02:00 - 03.12.2022 03:00 (CET/CEST)","n/e","n/e","n/e","n/e","n/e","n/e","n/e","n/e","n/e","n/e","n/e","n/e","n/e","2934","n/e","n/e","37","n/e","0","n/e","n/e","44"
"BZN|SE1","03.12.2022 03:00 - 03.12.2022 04:00 (CET/CEST)","n/e","n/e","n/e","n/e","n/e","n/e","n/e","n/e","n/e","n/e","n/e","n/e","n/e","2924","n/e","n/e","39","n/e","0","n/e","n/e","36"
"BZN|SE1","03.12.2022 04:00 - 03.12.2022 05:00 (CET/CEST)","n/e","n/e","n/e","n/e","n/e","n/e","n/e","n/e","n/e","n/e","n/e","n/e","n/e","2919","n/e","n/e","38","n/e","0","n/e","n/e","35"
"BZN|SE1","03.12.2022 05:00 - 03.12.2022 06:00 (CET/CEST)","n/e","n/e","n/e","n/e","n/e","n/e","n/e","n/e","n/e","n/e","n/e","n/e","n/e","2924","n/e","n/e","38","n/e","0","n/e","n/e","36"
"BZN|SE1","03.12.2022 06:00 - 03.12.2022 07:00 (CET/CEST)","n/e","n/e","n/e","n/e","n/e","n/e","n/e","n/e","n/e","n/e","n/e","n/e","n/e","2962","n/e","n/e","38","n/e","0","n/e","n/e","33"
"BZN|SE1","03.12.2022 07:00 - 03.12.2022 08:00 (CET/CEST)","n/e","n/e","n/e","n/e","n/e","n/e","n/e","n/e","n/e","n/e","n/e","n/e","n/e","2996","n/e","n/e","38","n/e","0","n/e","n/e","34"
"BZN|SE1","03.12.2022 08:00 - 03.12.2022 09:00 (CET/CEST)","n/e","n/e","n/e","n/e","n/e","n/e","n/e","n/e","n/e","n/e","n/e","n/e","n/e","2998","n/e","n/e","38","n/e","0","n/e","n/e","30"
"BZN|SE1","03.12.2022 09:00 - 03.12.2022 10:00 (CET/CEST)","n/e","n/e","n/e","n/e","n/e","n/e","n/e","n/e","n/e","n/e","n/e","n/e","n/e","3100","n/e","n/e","38","n/e","0","n/e","n/e","31"
"BZN|SE1","03.12.2022 10:00 - 03.12.2022 11:00 (CET/CEST)","n/e","n/e","n/e","n/e","n/e","n/e","n/e","n/e","n/e","n/e","n/e","n/e","n/e","3314","n/e","n/e","38","n/e","0","n/e","n/e","31"
"BZN|SE1","03.12.2022 11:00 - 03.12.2022 12:00 (CET/CEST)","n/e","n/e","n/e","n/e","n/e","n/e","n/e","n/e","n/e","n/e","n/e","n/e","n/e","3290","n/e","n/e","38","n/e","0","n/e","n/e","28"
"BZN|SE1","03.12.2022 12:00 - 03.12.2022 13:00 (CET/CEST)","n/e","n/e","n/e","n/e","n/e","n/e","n/e","n/e","n/e","n/e","n/e","n/e","n/e","3229","n/e","n/e","38","n/e","0","n/e","n/e","28"
"BZN|SE1","03.12.2022 13:00 - 03.12.2022 14:00 (CET/CEST)","n/e","n/e","n/e","n/e","n/e","n/e","n/e","n/e","n/e","n/e","n/e","n/e","n/e","3240","n/e","n/e","38","n/e","0","n/e","n/e","29"
"BZN|SE1","03.12.2022 14:00 - 03.12.2022 15:00 (CET/CEST)","n/e","n/e","n/e","n/e","n/e","n/e","n/e","n/e","n/e","n/e","n/e","n/e","n/e","3312","n/e","n/e","38","n/e","0","n/e","n/e","34"
"BZN|SE1","03.12.2022 15:00 - 03.12.2022 16:00 (CET/CEST)","n/e","n/e","n/e","n/e","n/e","n/e","n/e","n/e","n/e","n/e","n/e","n/e","n/e","3337","n/e","n/e","38","n/e","0","n/e","n/e","35"
"BZN|SE1","03.12.2022 16:00 - 03.12.2022 17:00 (CET/CEST)","n/e","n/e","n/e","n/e","n/e","n/e","n/e","n/e","n/e","n/e","n/e","n/e","n/e","3331","n/e","n/e","38","n/e","0","n/e","n/e","34"
"BZN|SE1","03.12.2022 17:00 - 03.12.2022 18:00 (CET/CEST)","n/e","n/e","n/e","n/e","n/e","n/e","n/e","n/e","n/e","n/e","n/e","n/e","n/e","3335","n/e","n/e","38","n/e","0","n/e","n/e","31"
"BZN|SE1","03.12.2022 18:00 - 03.12.2022 19:00 (CET/CEST)","n/e","n/e","n/e","n/e","n/e","n/e","n/e","n/e","n/e","n/e","n/e","n/e","n/e","3292","n/e","n/e","38","n/e","0","n/e","n/e","31"
"BZN|SE1","03.12.2022 19:00 - 03.12.2022 20:00 (CET/CEST)","n/e","n/e","n/e","n/e","n/e","n/e","n/e","n/e","n/e","n/e","n/e","n/e","n/e","3224","n/e","n/e","38","n/e","0","n/e","n/e","32"
"BZN|SE1","03.12.2022 20:00 - 03.12.2022 21:00 (CET/CEST)","n/e","n/e","n/e","n/e","n/e","n/e","n/e","n/e","n/e","n/e","n/e","n/e","n/e","3281","n/e","n/e","38","n/e","0","n/e","n/e","35"
"BZN|SE1","03.12.2022 21:00 - 03.12.2022 22:00 (CET/CEST)","n/e","n/e","n/e","n/e","n/e","n/e","n/e","n/e","n/e","n/e","n/e","n/e","n/e","3104","n/e","n/e","38","n/e","0","n/e","n/e","39"
"BZN|SE1","03.12.2022 22:00 - 03.12.2022 23:00 (CET/CEST)","n/e","n/e","n/e","n/e","n/e","n/e","n/e","n/e","n/e","n/e","n/e","n/e","n/e","3068","n/e","n/e","38","n/e","0","n/e","n/e","41"
"BZN|SE1","03.12.2022 23:00 - 04.12.2022 00:00 (CET/CEST)","n/e","n/e","n/e","n/e","n/e","n/e","n/e","n/e","n/e","n/e","n/e","n/e","n/e","2956","n/e","n/e","38","n/e","0","n/e","n/e","42"
"BZN|SE1","04.12.2022 00:00 - 04.12.2022 01:00 (CET/CEST)","n/e","n/e","n/e","n/e","n/e","n/e","n/e","n/e","n/e","n/e","n/e","n/e","n/e","2898","n/e","n/e","36","n/e","0","n/e","n/e","41"
"BZN|SE1","04.12.2022 01:00 - 04.12.2022 02:00 (CET/CEST)","n/e","n/e","n/e","n/e","n/e","n/e","n/e","n/e","n/e","n/e","n/e","n/e","n/e","2843","n/e","n/e","36","n/e","0","n/e","n/e","37"
"BZN|SE1","04.12.2022 02:00 - 04.12.2022 03:00 (CET/CEST)","n/e","n/e","n/e","n/e","n/e","n/e","n/e","n/e","n/e","n/e","n/e","n/e","n/e","2790","n/e","n/e","36","n/e","0","n/e","n/e","33"
"BZN|SE1","04.12.2022 03:00 - 04.12.2022 04:00 (CET/CEST)","n/e","n/e","n/e","n/e","n/e","n/e","n/e","n/e","n/e","n/e","n/e","n/e","n/e","2785","n/e","n/e","38","n/e","0","n/e","n/e","26"
"BZN|SE1","04.12.2022 04:00 - 04.12.2022 05:00 (CET/CEST)","n/e","n/e","n/e","n/e","n/e","n/e","n/e","n/e","n/e","n/e","n/e","n/e","n/e","2848","n/e","n/e","38","n/e","0","n/e","n/e","21"
"BZN|SE1","04.12.2022 05:00 - 04.12.2022 06:00 (CET/CEST)","n/e","n/e","n/e","n/e","n/e","n/e","n/e","n/e","n/e","n/e","n/e","n/e","n/e","2835","n/e","n/e","38","n/e","0","n/e","n/e","17"
"BZN|SE1","04.12.2022 06:00 - 04.12.2022 07:00 (CET/CEST)","n/e","n/e","n/e","n/e","n/e","n/e","n/e","n/e","n/e","n/e","n/e","n/e","n/e","2880","n/e","n/e","38","n/e","0","n/e","n/e","13"
"BZN|SE1","04.12.2022 07:00 - 04.12.2022 08:00 (CET/CEST)","n/e","n/e","n/e","n/e","n/e","n/e","n/e","n/e","n/e","n/e","n/e","n/e","n/e","2973","n/e","n/e","38","n/e","0","n/e","n/e","11"
"BZN|SE1","04.12.2022 08:00 - 04.12.2022 09:00 (CET/CEST)","n/e","n/e","n/e","n/e","n/e","n/e","n/e","n/e","n/e","n/e","n/e","n/e","n/e","3058","n/e","n/e","38","n/e","0","n/e","n/e","11"
"BZN|SE1","04.12.2022 09:00 - 04.12.2022 10:00 (CET/CEST)","n/e","n/e","n/e","n/e","n/e","n/e","n/e","n/e","n/e","n/e","n/e","n/e","n/e","3197","n/e","n/e","38","n/e","0","n/e","n/e","9"
"BZN|SE1","04.12.2022 10:00 - 04.12.2022 11:00 (CET/CEST)","n/e","n/e","n/e","n/e","n/e","n/e","n/e","n/e","n/e","n/e","n/e","n/e","n/e","3306","n/e","n/e","37","n/e","0","n/e","n/e","8"
"BZN|SE1","04.12.2022 11:00 - 04.12.2022 12:00 (CET/CEST)","n/e","n/e","n/e","n/e","n/e","n/e","n/e","n/e","n/e","n/e","n/e","n/e","n/e","3331","n/e","n/e","38","n/e","0","n/e","n/e","6"
"BZN|SE1","04.12.2022 12:00 - 04.12.2022 13:00 (CET/CEST)","n/e","n/e","n/e","n/e","n/e","n/e","n/e","n/e","n/e","n/e","n/e","n/e","n/e","3396","n/e","n/e","38","n/e","0","n/e","n/e","8"
"BZN|SE1","04.12.2022 13:00 - 04.12.2022 14:00 (CET/CEST)","n/e","n/e","n/e","n/e","n/e","n/e","n/e","n/e","n/e","n/e","n/e","n/e","n/e","3404","n/e","n/e","38","n/e","0","n/e","n/e","13"
"BZN|SE1","04.12.2022 14:00 - 04.12.2022 15:00 (CET/CEST)","n/e","n/e","n/e","n/e","n/e","n/e","n/e","n/e","n/e","n/e","n/e","n/e","n/e","3408","n/e","n/e","38","n/e","0","n/e","n/e","22"
"BZN|SE1","04.12.2022 15:00 - 04.12.2022 16:00 (CET/CEST)","n/e","n/e","n/e","n/e","n/e","n/e","n/e","n/e","n/e","n/e","n/e","n/e","n/e","3337","n/e","n/e","38","n/e","0","n/e","n/e","36"
"BZN|SE1","04.12.2022 16:00 - 04.12.2022 17:00 (CET/CEST)","n/e","n/e","n/e","n/e","n/e","n/e","n/e","n/e","n/e","n/e","n/e","n/e","n/e","3484","n/e","n/e","38","n/e","0","n/e","n/e","51"
"BZN|SE1","04.12.2022 17:00 - 04.12.2022 18:00 (CET/CEST)","n/e","n/e","n/e","n/e","n/e","n/e","n/e","n/e","n/e","n/e","n/e","n/e","n/e","3506","n/e","n/e","38","n/e","0","n/e","n/e","62"
"BZN|SE1","04.12.2022 18:00 - 04.12.2022 19:00 (CET/CEST)","n/e","n/e","n/e","n/e","n/e","n/e","n/e","n/e","n/e","n/e","n/e","n/e","n/e","3286","n/e","n/e","38","n/e","0","n/e","n/e","95"
"BZN|SE1","04.12.2022 19:00 - 04.12.2022 20:00 (CET/CEST)","n/e","n/e","n/e","n/e","n/e","n/e","n/e","n/e","n/e","n/e","n/e","n/e","n/e","3233","n/e","n/e","39","n/e","0","n/e","n/e","128"
"BZN|SE1","04.12.2022 20:00 - 04.12.2022 21:00 (CET/CEST)","n/e","n/e","n/e","n/e","n/e","n/e","n/e","n/e","n/e","n/e","n/e","n/e","n/e","3231","n/e","n/e","39","n/e","0","n/e","n/e","177"
"BZN|SE1","04.12.2022 21:00 - 04.12.2022 22:00 (CET/CEST)","n/e","n/e","n/e","n/e","n/e","n/e","n/e","n/e","n/e","n/e","n/e","n/e","n/e","3214","n/e","n/e","39","n/e","0","n/e","n/e","197"
"BZN|SE1","04.12.2022 22:00 - 04.12.2022 23:00 (CET/CEST)","n/e","n/e","n/e","n/e","n/e","n/e","n/e","n/e","n/e","n/e","n/e","n/e","n/e","3114","n/e","n/e","39","n/e","0","n/e","n/e","235"
"BZN|SE1","04.12.2022 23:00 - 05.12.2022 00:00 (CET/CEST)","n/e","n/e","n/e","n/e","n/e","n/e","n/e","n/e","n/e","n/e","n/e","n/e","n/e","3051","n/e","n/e","39","n/e","0","n/e","n/e","274"
"BZN|SE1","05.12.2022 00:00 - 05.12.2022 01:00 (CET/CEST)","n/e","n/e","n/e","n/e","n/e","n/e","n/e","n/e","n/e","n/e","n/e","n/e","n/e","2831","n/e","n/e","43","n/e","0","n/e","n/e","304"
"BZN|SE1","05.12.2022 01:00 - 05.12.2022 02:00 (CET/CEST)","n/e","n/e","n/e","n/e","n/e","n/e","n/e","n/e","n/e","n/e","n/e","n/e","n/e","2757","n/e","n/e","43","n/e","0","n/e","n/e","272"
"BZN|SE1","05.12.2022 02:00 - 05.12.2022 03:00 (CET/CEST)","n/e","n/e","n/e","n/e","n/e","n/e","n/e","n/e","n/e","n/e","n/e","n/e","n/e","2689","n/e","n/e","43","n/e","0","n/e","n/e","310"
"BZN|SE1","05.12.2022 03:00 - 05.12.2022 04:00 (CET/CEST)","n/e","n/e","n/e","n/e","n/e","n/e","n/e","n/e","n/e","n/e","n/e","n/e","n/e","2617","n/e","n/e","45","n/e","0","n/e","n/e","323"
"BZN|SE1","05.12.2022 04:00 - 05.12.2022 05:00 (CET/CEST)","n/e","n/e","n/e","n/e","n/e","n/e","n/e","n/e","n/e","n/e","n/e","n/e","n/e","2632","n/e","n/e","45","n/e","0","n/e","n/e","418"
"BZN|SE1","05.12.2022 05:00 - 05.12.2022 06:00 (CET/CEST)","n/e","n/e","n/e","n/e","n/e","n/e","n/e","n/e","n/e","n/e","n/e","n/e","n/e","2702","n/e","n/e","45","n/e","0","n/e","n/e","476"
"BZN|SE1","05.12.2022 06:00 - 05.12.2022 07:00 (CET/CEST)","n/e","n/e","n/e","n/e","n/e","n/e","n/e","n/e","n/e","n/e","n/e","n/e","n/e","2891","n/e","n/e","45","n/e","0","n/e","n/e","553"
"BZN|SE1","05.12.2022 07:00 - 05.12.2022 08:00 (CET/CEST)","n/e","n/e","n/e","n/e","n/e","n/e","n/e","n/e","n/e","n/e","n/e","n/e","n/e","3343","n/e","n/e","45","n/e","0","n/e","n/e","608"
"BZN|SE1","05.12.2022 08:00 - 05.12.2022 09:00 (CET/CEST)","n/e","n/e","n/e","n/e","n/e","n/e","n/e","n/e","n/e","n/e","n/e","n/e","n/e","3325","n/e","n/e","45","n/e","0","n/e","n/e","748"
"BZN|SE1","05.12.2022 09:00 - 05.12.2022 10:00 (CET/CEST)","n/e","n/e","n/e","n/e","n/e","n/e","n/e","n/e","n/e","n/e","n/e","n/e","n/e","3279","n/e","n/e","45","n/e","0","n/e","n/e","915"
"BZN|SE1","05.12.2022 10:00 - 05.12.2022 11:00 (CET/CEST)","n/e","n/e","n/e","n/e","n/e","n/e","n/e","n/e","n/e","n/e","n/e","n/e","n/e","3279","n/e","n/e","45","n/e","0","n/e","n/e","971"
"BZN|SE1","05.12.2022 11:00 - 05.12.2022 12:00 (CET/CEST)","n/e","n/e","n/e","n/e","n/e","n/e","n/e","n/e","n/e","n/e","n/e","n/e","n/e","3280","n/e","n/e","44","n/e","0","n/e","n/e","1021"
"BZN|SE1","05.12.2022 12:00 - 05.12.2022 13:00 (CET/CEST)","n/e","n/e","n/e","n/e","n/e","n/e","n/e","n/e","n/e","n/e","n/e","n/e","n/e","3269","n/e","n/e","45","n/e","0","n/e","n/e","1046"
"BZN|SE1","05.12.2022 13:00 - 05.12.2022 14:00 (CET/CEST)","n/e","n/e","n/e","n/e","n/e","n/e","n/e","n/e","n/e","n/e","n/e","n/e","n/e","3254","n/e","n/e","45","n/e","0","n/e","n/e","1019"
"BZN|SE1","05.12.2022 14:00 - 05.12.2022 15:00 (CET/CEST)","n/e","n/e","n/e","n/e","n/e","n/e","n/e","n/e","n/e","n/e","n/e","n/e","n/e","3226","n/e","n/e","45","n/e","0","n/e","n/e","1008"
"BZN|SE1","05.12.2022 15:00 - 05.12.2022 16:00 (CET/CEST)","n/e","n/e","n/e","n/e","n/e","n/e","n/e","n/e","n/e","n/e","n/e","n/e","n/e","3187","n/e","n/e","45","n/e","0","n/e","n/e","981"
"BZN|SE1","05.12.2022 16:00 - 05.12.2022 17:00 (CET/CEST)","n/e","n/e","n/e","n/e","n/e","n/e","n/e","n/e","n/e","n/e","n/e","n/e","n/e","3118","n/e","n/e","44","n/e","0","n/e","n/e","912"
"BZN|SE1","05.12.2022 17:00 - 05.12.2022 18:00 (CET/CEST)","n/e","n/e","n/e","n/e","n/e","n/e","n/e","n/e","n/e","n/e","n/e","n/e","n/e","3049","n/e","n/e","44","n/e","0","n/e","n/e","814"
"BZN|SE1","05.12.2022 18:00 - 05.12.2022 19:00 (CET/CEST)","n/e","n/e","n/e","n/e","n/e","n/e","n/e","n/e","n/e","n/e","n/e","n/e","n/e","3028","n/e","n/e","44","n/e","0","n/e","n/e","704"
"BZN|SE1","05.12.2022 19:00 - 05.12.2022 20:00 (CET/CEST)","n/e","n/e","n/e","n/e","n/e","n/e","n/e","n/e","n/e","n/e","n/e","n/e","n/e","3014","n/e","n/e","44","n/e","0","n/e","n/e","672"
"BZN|SE1","05.12.2022 20:00 - 05.12.2022 21:00 (CET/CEST)","n/e","n/e","n/e","n/e","n/e","n/e","n/e","n/e","n/e","n/e","n/e","n/e","n/e","2992","n/e","n/e","44","n/e","0","n/e","n/e","720"
"BZN|SE1","05.12.2022 21:00 - 05.12.2022 22:00 (CET/CEST)","n/e","n/e","n/e","n/e","n/e","n/e","n/e","n/e","n/e","n/e","n/e","n/e","n/e","2864","n/e","n/e","45","n/e","0","n/e","n/e","713"
"BZN|SE1","05.12.2022 22:00 - 05.12.2022 23:00 (CET/CEST)","n/e","n/e","n/e","n/e","n/e","n/e","n/e","n/e","n/e","n/e","n/e","n/e","n/e","2852","n/e","n/e","44","n/e","0","n/e","n/e","750"
"BZN|SE1","05.12.2022 23:00 - 06.12.2022 00:00 (CET/CEST)","n/e","n/e","n/e","n/e","n/e","n/e","n/e","n/e","n/e","n/e","n/e","n/e","n/e","2803","n/e","n/e","44","n/e","0","n/e","n/e","781"
"BZN|SE1","06.12.2022 00:00 - 06.12.2022 01:00 (CET/CEST)","n/e","n/e","n/e","n/e","n/e","n/e","n/e","n/e","n/e","n/e","n/e","n/e","n/e","1853","n/e","n/e","43","n/e","0","n/e","n/e","924"
"BZN|SE1","06.12.2022 01:00 - 06.12.2022 02:00 (CET/CEST)","n/e","n/e","n/e","n/e","n/e","n/e","n/e","n/e","n/e","n/e","n/e","n/e","n/e","1805","n/e","n/e","44","n/e","0","n/e","n/e","950"
"BZN|SE1","06.12.2022 02:00 - 06.12.2022 03:00 (CET/CEST)","n/e","n/e","n/e","n/e","n/e","n/e","n/e","n/e","n/e","n/e","n/e","n/e","n/e","1795","n/e","n/e","44","n/e","0","n/e","n/e","970"
"BZN|SE1","06.12.2022 03:00 - 06.12.2022 04:00 (CET/CEST)","n/e","n/e","n/e","n/e","n/e","n/e","n/e","n/e","n/e","n/e","n/e","n/e","n/e","1839","n/e","n/e","45","n/e","0","n/e","n/e","957"
"BZN|SE1","06.12.2022 04:00 - 06.12.2022 05:00 (CET/CEST)","n/e","n/e","n/e","n/e","n/e","n/e","n/e","n/e","n/e","n/e","n/e","n/e","n/e","1841","n/e","n/e","45","n/e","0","n/e","n/e","954"
"BZN|SE1","06.12.2022 05:00 - 06.12.2022 06:00 (CET/CEST)","n/e","n/e","n/e","n/e","n/e","n/e","n/e","n/e","n/e","n/e","n/e","n/e","n/e","1868","n/e","n/e","45","n/e","0","n/e","n/e","928"
"BZN|SE1","06.12.2022 06:00 - 06.12.2022 07:00 (CET/CEST)","n/e","n/e","n/e","n/e","n/e","n/e","n/e","n/e","n/e","n/e","n/e","n/e","n/e","1855","n/e","n/e","45","n/e","0","n/e","n/e","940"
"BZN|SE1","06.12.2022 07:00 - 06.12.2022 08:00 (CET/CEST)","n/e","n/e","n/e","n/e","n/e","n/e","n/e","n/e","n/e","n/e","n/e","n/e","n/e","2026","n/e","n/e","45","n/e","0","n/e","n/e","950"
"BZN|SE1","06.12.2022 08:00 - 06.12.2022 09:00 (CET/CEST)","n/e","n/e","n/e","n/e","n/e","n/e","n/e","n/e","n/e","n/e","n/e","n/e","n/e","2324","n/e","n/e","45","n/e","0","n/e","n/e","1005"
"BZN|SE1","06.12.2022 09:00 - 06.12.2022 10:00 (CET/CEST)","n/e","n/e","n/e","n/e","n/e","n/e","n/e","n/e","n/e","n/e","n/e","n/e","n/e","2504","n/e","n/e","45","n/e","0","n/e","n/e","1064"
"BZN|SE1","06.12.2022 10:00 - 06.12.2022 11:00 (CET/CEST)","n/e","n/e","n/e","n/e","n/e","n/e","n/e","n/e","n/e","n/e","n/e","n/e","n/e","2503","n/e","n/e","45","n/e","0","n/e","n/e","1022"
"BZN|SE1","06.12.2022 11:00 - 06.12.2022 12:00 (CET/CEST)","n/e","n/e","n/e","n/e","n/e","n/e","n/e","n/e","n/e","n/e","n/e","n/e","n/e","2496","n/e","n/e","44","n/e","0","n/e","n/e","940"
"BZN|SE1","06.12.2022 12:00 - 06.12.2022 13:00 (CET/CEST)","n/e","n/e","n/e","n/e","n/e","n/e","n/e","n/e","n/e","n/e","n/e","n/e","n/e","2556","n/e","n/e","45","n/e","0","n/e","n/e","830"
"BZN|SE1","06.12.2022 13:00 - 06.12.2022 14:00 (CET/CEST)","n/e","n/e","n/e","n/e","n/e","n/e","n/e","n/e","n/e","n/e","n/e","n/e","n/e","2471","n/e","n/e","45","n/e","0","n/e","n/e","766"
"BZN|SE1","06.12.2022 14:00 - 06.12.2022 15:00 (CET/CEST)","n/e","n/e","n/e","n/e","n/e","n/e","n/e","n/e","n/e","n/e","n/e","n/e","n/e","2481","n/e","n/e","45","n/e","0","n/e","n/e","729"
"BZN|SE1","06.12.2022 15:00 - 06.12.2022 16:00 (CET/CEST)","n/e","n/e","n/e","n/e","n/e","n/e","n/e","n/e","n/e","n/e","n/e","n/e","n/e","2518","n/e","n/e","45","n/e","0","n/e","n/e","702"
"BZN|SE1","06.12.2022 16:00 - 06.12.2022 17:00 (CET/CEST)","n/e","n/e","n/e","n/e","n/e","n/e","n/e","n/e","n/e","n/e","n/e","n/e","n/e","2582","n/e","n/e","45","n/e","0","n/e","n/e","632"
"BZN|SE1","06.12.2022 17:00 - 06.12.2022 18:00 (CET/CEST)","n/e","n/e","n/e","n/e","n/e","n/e","n/e","n/e","n/e","n/e","n/e","n/e","n/e","2595","n/e","n/e","45","n/e","0","n/e","n/e","548"
"BZN|SE1","06.12.2022 18:00 - 06.12.2022 19:00 (CET/CEST)","n/e","n/e","n/e","n/e","n/e","n/e","n/e","n/e","n/e","n/e","n/e","n/e","n/e","2637","n/e","n/e","45","n/e","0","n/e","n/e","499"
"BZN|SE1","06.12.2022 19:00 - 06.12.2022 20:00 (CET/CEST)","n/e","n/e","n/e","n/e","n/e","n/e","n/e","n/e","n/e","n/e","n/e","n/e","n/e","2689","n/e","n/e","45","n/e","0","n/e","n/e","442"
"BZN|SE1","06.12.2022 20:00 - 06.12.2022 21:00 (CET/CEST)","n/e","n/e","n/e","n/e","n/e","n/e","n/e","n/e","n/e","n/e","n/e","n/e","n/e","2782","n/e","n/e","45","n/e","0","n/e","n/e","403"
"BZN|SE1","06.12.2022 21:00 - 06.12.2022 22:00 (CET/CEST)","n/e","n/e","n/e","n/e","n/e","n/e","n/e","n/e","n/e","n/e","n/e","n/e","n/e","2790","n/e","n/e","45","n/e","0","n/e","n/e","343"
"BZN|SE1","06.12.2022 22:00 - 06.12.2022 23:00 (CET/CEST)","n/e","n/e","n/e","n/e","n/e","n/e","n/e","n/e","n/e","n/e","n/e","n/e","n/e","2784","n/e","n/e","45","n/e","0","n/e","n/e","288"
"BZN|SE1","06.12.2022 23:00 - 07.12.2022 00:00 (CET/CEST)","n/e","n/e","n/e","n/e","n/e","n/e","n/e","n/e","n/e","n/e","n/e","n/e","n/e","2748","n/e","n/e","45","n/e","0","n/e","n/e","255"
"BZN|SE1","07.12.2022 00:00 - 07.12.2022 01:00 (CET/CEST)","n/e","n/e","n/e","n/e","n/e","n/e","n/e","n/e","n/e","n/e","n/e","n/e","n/e","2485","n/e","n/e","43","n/e","0","n/e","n/e","229"
"BZN|SE1","07.12.2022 01:00 - 07.12.2022 02:00 (CET/CEST)","n/e","n/e","n/e","n/e","n/e","n/e","n/e","n/e","n/e","n/e","n/e","n/e","n/e","2244","n/e","n/e","43","n/e","0","n/e","n/e","168"
"BZN|SE1","07.12.2022 02:00 - 07.12.2022 03:00 (CET/CEST)","n/e","n/e","n/e","n/e","n/e","n/e","n/e","n/e","n/e","n/e","n/e","n/e","n/e","2246","n/e","n/e","43","n/e","0","n/e","n/e","128"
"BZN|SE1","07.12.2022 03:00 - 07.12.2022 04:00 (CET/CEST)","n/e","n/e","n/e","n/e","n/e","n/e","n/e","n/e","n/e","n/e","n/e","n/e","n/e","2245","n/e","n/e","45","n/e","0","n/e","n/e","106"
"BZN|SE1","07.12.2022 04:00 - 07.12.2022 05:00 (CET/CEST)","n/e","n/e","n/e","n/e","n/e","n/e","n/e","n/e","n/e","n/e","n/e","n/e","n/e","2253","n/e","n/e","45","n/e","0","n/e","n/e","91"
"BZN|SE1","07.12.2022 05:00 - 07.12.2022 06:00 (CET/CEST)","n/e","n/e","n/e","n/e","n/e","n/e","n/e","n/e","n/e","n/e","n/e","n/e","n/e","2457","n/e","n/e","45","n/e","0","n/e","n/e","74"
"BZN|SE1","07.12.2022 06:00 - 07.12.2022 07:00 (CET/CEST)","n/e","n/e","n/e","n/e","n/e","n/e","n/e","n/e","n/e","n/e","n/e","n/e","n/e","2569","n/e","n/e","45","n/e","0","n/e","n/e","57"
"BZN|SE1","07.12.2022 07:00 - 07.12.2022 08:00 (CET/CEST)","n/e","n/e","n/e","n/e","n/e","n/e","n/e","n/e","n/e","n/e","n/e","n/e","n/e","2832","n/e","n/e","45","n/e","0","n/e","n/e","89"
"BZN|SE1","07.12.2022 08:00 - 07.12.2022 09:00 (CET/CEST)","n/e","n/e","n/e","n/e","n/e","n/e","n/e","n/e","n/e","n/e","n/e","n/e","n/e","2946","n/e","n/e","45","n/e","0","n/e","n/e","124"
"BZN|SE1","07.12.2022 09:00 - 07.12.2022 10:00 (CET/CEST)","n/e","n/e","n/e","n/e","n/e","n/e","n/e","n/e","n/e","n/e","n/e","n/e","n/e","2835","n/e","n/e","45","n/e","0","n/e","n/e","112"
"BZN|SE1","07.12.2022 10:00 - 07.12.2022 11:00 (CET/CEST)","n/e","n/e","n/e","n/e","n/e","n/e","n/e","n/e","n/e","n/e","n/e","n/e","n/e","2784","n/e","n/e","45","n/e","0","n/e","n/e","121"
"BZN|SE1","07.12.2022 11:00 - 07.12.2022 12:00 (CET/CEST)","n/e","n/e","n/e","n/e","n/e","n/e","n/e","n/e","n/e","n/e","n/e","n/e","n/e","2783","n/e","n/e","43","n/e","0","n/e","n/e","98"
"BZN|SE1","07.12.2022 12:00 - 07.12.2022 13:00 (CET/CEST)","n/e","n/e","n/e","n/e","n/e","n/e","n/e","n/e","n/e","n/e","n/e","n/e","n/e","2779","n/e","n/e","45","n/e","0","n/e","n/e","67"
"BZN|SE1","07.12.2022 13:00 - 07.12.2022 14:00 (CET/CEST)","n/e","n/e","n/e","n/e","n/e","n/e","n/e","n/e","n/e","n/e","n/e","n/e","n/e","2744","n/e","n/e","45","n/e","0","n/e","n/e","41"
"BZN|SE1","07.12.2022 14:00 - 07.12.2022 15:00 (CET/CEST)","n/e","n/e","n/e","n/e","n/e","n/e","n/e","n/e","n/e","n/e","n/e","n/e","n/e","2993","n/e","n/e","45","n/e","0","n/e","n/e","41"
"BZN|SE1","07.12.2022 15:00 - 07.12.2022 16:00 (CET/CEST)","n/e","n/e","n/e","n/e","n/e","n/e","n/e","n/e","n/e","n/e","n/e","n/e","n/e","3198","n/e","n/e","46","n/e","0","n/e","n/e","42"
"BZN|SE1","07.12.2022 16:00 - 07.12.2022 17:00 (CET/CEST)","n/e","n/e","n/e","n/e","n/e","n/e","n/e","n/e","n/e","n/e","n/e","n/e","n/e","3292","n/e","n/e","46","n/e","0","n/e","n/e","45"
"BZN|SE1","07.12.2022 17:00 - 07.12.2022 18:00 (CET/CEST)","n/e","n/e","n/e","n/e","n/e","n/e","n/e","n/e","n/e","n/e","n/e","n/e","n/e","3347","n/e","n/e","46","n/e","0","n/e","n/e","44"
"BZN|SE1","07.12.2022 18:00 - 07.12.2022 19:00 (CET/CEST)","n/e","n/e","n/e","n/e","n/e","n/e","n/e","n/e","n/e","n/e","n/e","n/e","n/e","3257","n/e","n/e","46","n/e","0","n/e","n/e","42"
"BZN|SE1","07.12.2022 19:00 - 07.12.2022 20:00 (CET/CEST)","n/e","n/e","n/e","n/e","n/e","n/e","n/e","n/e","n/e","n/e","n/e","n/e","n/e","3363","n/e","n/e","46","n/e","0","n/e","n/e","53"
"BZN|SE1","07.12.2022 20:00 - 07.12.2022 21:00 (CET/CEST)","n/e","n/e","n/e","n/e","n/e","n/e","n/e","n/e","n/e","n/e","n/e","n/e","n/e","3238","n/e","n/e","46","n/e","0","n/e","n/e","67"
"BZN|SE1","07.12.2022 21:00 - 07.12.2022 22:00 (CET/CEST)","n/e","n/e","n/e","n/e","n/e","n/e","n/e","n/e","n/e","n/e","n/e","n/e","n/e","2729","n/e","n/e","46","n/e","0","n/e","n/e","72"
"BZN|SE1","07.12.2022 22:00 - 07.12.2022 23:00 (CET/CEST)","n/e","n/e","n/e","n/e","n/e","n/e","n/e","n/e","n/e","n/e","n/e","n/e","n/e","2601","n/e","n/e","47","n/e","0","n/e","n/e","79"
"BZN|SE1","07.12.2022 23:00 - 08.12.2022 00:00 (CET/CEST)","n/e","n/e","n/e","n/e","n/e","n/e","n/e","n/e","n/e","n/e","n/e","n/e","n/e","2489","n/e","n/e","47","n/e","0","n/e","n/e","97"
"BZN|SE1","08.12.2022 00:00 - 08.12.2022 01:00 (CET/CEST)","n/e","n/e","n/e","n/e","n/e","n/e","n/e","n/e","n/e","n/e","n/e","n/e","n/e","2328","n/e","n/e","46","n/e","0","n/e","n/e","113"
"BZN|SE1","08.12.2022 01:00 - 08.12.2022 02:00 (CET/CEST)","n/e","n/e","n/e","n/e","n/e","n/e","n/e","n/e","n/e","n/e","n/e","n/e","n/e","2269","n/e","n/e","46","n/e","0","n/e","n/e","163"
"BZN|SE1","08.12.2022 02:00 - 08.12.2022 03:00 (CET/CEST)","n/e","n/e","n/e","n/e","n/e","n/e","n/e","n/e","n/e","n/e","n/e","n/e","n/e","2281","n/e","n/e","46","n/e","0","n/e","n/e","225"
"BZN|SE1","08.12.2022 03:00 - 08.12.2022 04:00 (CET/CEST)","n/e","n/e","n/e","n/e","n/e","n/e","n/e","n/e","n/e","n/e","n/e","n/e","n/e","2278","n/e","n/e","49","n/e","0","n/e","n/e","319"
"BZN|SE1","08.12.2022 04:00 - 08.12.2022 05:00 (CET/CEST)","n/e","n/e","n/e","n/e","n/e","n/e","n/e","n/e","n/e","n/e","n/e","n/e","n/e","2297","n/e","n/e","49","n/e","0","n/e","n/e","389"
"BZN|SE1","08.12.2022 05:00 - 08.12.2022 06:00 (CET/CEST)","n/e","n/e","n/e","n/e","n/e","n/e","n/e","n/e","n/e","n/e","n/e","n/e","n/e","2398","n/e","n/e","49","n/e","0","n/e","n/e","439"
"BZN|SE1","08.12.2022 06:00 - 08.12.2022 07:00 (CET/CEST)","n/e","n/e","n/e","n/e","n/e","n/e","n/e","n/e","n/e","n/e","n/e","n/e","n/e","2569","n/e","n/e","49","n/e","0","n/e","n/e","583"
"BZN|SE1","08.12.2022 07:00 - 08.12.2022 08:00 (CET/CEST)","n/e","n/e","n/e","n/e","n/e","n/e","n/e","n/e","n/e","n/e","n/e","n/e","n/e","2852","n/e","n/e","49","n/e","0","n/e","n/e","720"
"BZN|SE1","08.12.2022 08:00 - 08.12.2022 09:00 (CET/CEST)","n/e","n/e","n/e","n/e","n/e","n/e","n/e","n/e","n/e","n/e","n/e","n/e","n/e","2728","n/e","n/e","49","n/e","0","n/e","n/e","760"
"BZN|SE1","08.12.2022 09:00 - 08.12.2022 10:00 (CET/CEST)","n/e","n/e","n/e","n/e","n/e","n/e","n/e","n/e","n/e","n/e","n/e","n/e","n/e","2617","n/e","n/e","49","n/e","0","n/e","n/e","809"
"BZN|SE1","08.12.2022 10:00 - 08.12.2022 11:00 (CET/CEST)","n/e","n/e","n/e","n/e","n/e","n/e","n/e","n/e","n/e","n/e","n/e","n/e","n/e","2504","n/e","n/e","49","n/e","0","n/e","n/e","946"
"BZN|SE1","08.12.2022 11:00 - 08.12.2022 12:00 (CET/CEST)","n/e","n/e","n/e","n/e","n/e","n/e","n/e","n/e","n/e","n/e","n/e","n/e","n/e","2475","n/e","n/e","49","n/e","0","n/e","n/e","1011"
"BZN|SE1","08.12.2022 12:00 - 08.12.2022 13:00 (CET/CEST)","n/e","n/e","n/e","n/e","n/e","n/e","n/e","n/e","n/e","n/e","n/e","n/e","n/e","2453","n/e","n/e","48","n/e","0","n/e","n/e","1044"
"BZN|SE1","08.12.2022 13:00 - 08.12.2022 14:00 (CET/CEST)","n/e","n/e","n/e","n/e","n/e","n/e","n/e","n/e","n/e","n/e","n/e","n/e","n/e","2327","n/e","n/e","49","n/e","0","n/e","n/e","1066"
"BZN|SE1","08.12.2022 14:00 - 08.12.2022 15:00 (CET/CEST)","n/e","n/e","n/e","n/e","n/e","n/e","n/e","n/e","n/e","n/e","n/e","n/e","n/e","2310","n/e","n/e","49","n/e","0","n/e","n/e","1043"
"BZN|SE1","08.12.2022 15:00 - 08.12.2022 16:00 (CET/CEST)","n/e","n/e","n/e","n/e","n/e","n/e","n/e","n/e","n/e","n/e","n/e","n/e","n/e","2346","n/e","n/e","50","n/e","0","n/e","n/e","997"
"BZN|SE1","08.12.2022 16:00 - 08.12.2022 17:00 (CET/CEST)","n/e","n/e","n/e","n/e","n/e","n/e","n/e","n/e","n/e","n/e","n/e","n/e","n/e","2344","n/e","n/e","49","n/e","0","n/e","n/e","986"
"BZN|SE1","08.12.2022 17:00 - 08.12.2022 18:00 (CET/CEST)","n/e","n/e","n/e","n/e","n/e","n/e","n/e","n/e","n/e","n/e","n/e","n/e","n/e","2334","n/e","n/e","49","n/e","0","n/e","n/e","951"
"BZN|SE1","08.12.2022 18:00 - 08.12.2022 19:00 (CET/CEST)","n/e","n/e","n/e","n/e","n/e","n/e","n/e","n/e","n/e","n/e","n/e","n/e","n/e","2372","n/e","n/e","49","n/e","0","n/e","n/e","946"
"BZN|SE1","08.12.2022 19:00 - 08.12.2022 20:00 (CET/CEST)","n/e","n/e","n/e","n/e","n/e","n/e","n/e","n/e","n/e","n/e","n/e","n/e","n/e","2375","n/e","n/e","49","n/e","0","n/e","n/e","907"
"BZN|SE1","08.12.2022 20:00 - 08.12.2022 21:00 (CET/CEST)","n/e","n/e","n/e","n/e","n/e","n/e","n/e","n/e","n/e","n/e","n/e","n/e","n/e","2423","n/e","n/e","49","n/e","0","n/e","n/e","860"
"BZN|SE1","08.12.2022 21:00 - 08.12.2022 22:00 (CET/CEST)","n/e","n/e","n/e","n/e","n/e","n/e","n/e","n/e","n/e","n/e","n/e","n/e","n/e","2430","n/e","n/e","49","n/e","0","n/e","n/e","829"
"BZN|SE1","08.12.2022 22:00 - 08.12.2022 23:00 (CET/CEST)","n/e","n/e","n/e","n/e","n/e","n/e","n/e","n/e","n/e","n/e","n/e","n/e","n/e","2317","n/e","n/e","50","n/e","0","n/e","n/e","807"
"BZN|SE1","08.12.2022 23:00 - 09.12.2022 00:00 (CET/CEST)","n/e","n/e","n/e","n/e","n/e","n/e","n/e","n/e","n/e","n/e","n/e","n/e","n/e","2304","n/e","n/e","50","n/e","0","n/e","n/e","800"
"BZN|SE1","09.12.2022 00:00 - 09.12.2022 01:00 (CET/CEST)","n/e","n/e","n/e","n/e","n/e","n/e","n/e","n/e","n/e","n/e","n/e","n/e","n/e","2570","n/e","n/e","49","n/e","0","n/e","n/e","841"
"BZN|SE1","09.12.2022 01:00 - 09.12.2022 02:00 (CET/CEST)","n/e","n/e","n/e","n/e","n/e","n/e","n/e","n/e","n/e","n/e","n/e","n/e","n/e","2538","n/e","n/e","49","n/e","0","n/e","n/e","866"
"BZN|SE1","09.12.2022 02:00 - 09.12.2022 03:00 (CET/CEST)","n/e","n/e","n/e","n/e","n/e","n/e","n/e","n/e","n/e","n/e","n/e","n/e","n/e","2481","n/e","n/e","51","n/e","0","n/e","n/e","804"
"BZN|SE1","09.12.2022 03:00 - 09.12.2022 04:00 (CET/CEST)","n/e","n/e","n/e","n/e","n/e","n/e","n/e","n/e","n/e","n/e","n/e","n/e","n/e","2496","n/e","n/e","51","n/e","0","n/e","n/e","842"
"BZN|SE1","09.12.2022 04:00 - 09.12.2022 05:00 (CET/CEST)","n/e","n/e","n/e","n/e","n/e","n/e","n/e","n/e","n/e","n/e","n/e","n/e","n/e","2521","n/e","n/e","51","n/e","0","n/e","n/e","790"
"BZN|SE1","09.12.2022 05:00 - 09.12.2022 06:00 (CET/CEST)","n/e","n/e","n/e","n/e","n/e","n/e","n/e","n/e","n/e","n/e","n/e","n/e","n/e","2731","n/e","n/e","51","n/e","0","n/e","n/e","819"
"BZN|SE1","09.12.2022 06:00 - 09.12.2022 07:00 (CET/CEST)","n/e","n/e","n/e","n/e","n/e","n/e","n/e","n/e","n/e","n/e","n/e","n/e","n/e","2760","n/e","n/e","51","n/e","0","n/e","n/e","780"
"BZN|SE1","09.12.2022 07:00 - 09.12.2022 08:00 (CET/CEST)","n/e","n/e","n/e","n/e","n/e","n/e","n/e","n/e","n/e","n/e","n/e","n/e","n/e","2751","n/e","n/e","51","n/e","0","n/e","n/e","775"
"BZN|SE1","09.12.2022 08:00 - 09.12.2022 09:00 (CET/CEST)","n/e","n/e","n/e","n/e","n/e","n/e","n/e","n/e","n/e","n/e","n/e","n/e","n/e","2746","n/e","n/e","51","n/e","0","n/e","n/e","774"
"BZN|SE1","09.12.2022 09:00 - 09.12.2022 10:00 (CET/CEST)","n/e","n/e","n/e","n/e","n/e","n/e","n/e","n/e","n/e","n/e","n/e","n/e","n/e","2732","n/e","n/e","50","n/e","0","n/e","n/e","769"
"BZN|SE1","09.12.2022 10:00 - 09.12.2022 11:00 (CET/CEST)","n/e","n/e","n/e","n/e","n/e","n/e","n/e","n/e","n/e","n/e","n/e","n/e","n/e","2756","n/e","n/e","50","n/e","0","n/e","n/e","834"
"BZN|SE1","09.12.2022 11:00 - 09.12.2022 12:00 (CET/CEST)","n/e","n/e","n/e","n/e","n/e","n/e","n/e","n/e","n/e","n/e","n/e","n/e","n/e","2734","n/e","n/e","50","n/e","0","n/e","n/e","863"
"BZN|SE1","09.12.2022 12:00 - 09.12.2022 13:00 (CET/CEST)","n/e","n/e","n/e","n/e","n/e","n/e","n/e","n/e","n/e","n/e","n/e","n/e","n/e","2800","n/e","n/e","49","n/e","0","n/e","n/e","950"
"BZN|SE1","09.12.2022 13:00 - 09.12.2022 14:00 (CET/CEST)","n/e","n/e","n/e","n/e","n/e","n/e","n/e","n/e","n/e","n/e","n/e","n/e","n/e","2779","n/e","n/e","50","n/e","0","n/e","n/e","1006"
"BZN|SE1","09.12.2022 14:00 - 09.12.2022 15:00 (CET/CEST)","n/e","n/e","n/e","n/e","n/e","n/e","n/e","n/e","n/e","n/e","n/e","n/e","n/e","2755","n/e","n/e","49","n/e","0","n/e","n/e","1067"
"BZN|SE1","09.12.2022 15:00 - 09.12.2022 16:00 (CET/CEST)","n/e","n/e","n/e","n/e","n/e","n/e","n/e","n/e","n/e","n/e","n/e","n/e","n/e","2728","n/e","n/e","49","n/e","0","n/e","n/e","1075"
"BZN|SE1","09.12.2022 16:00 - 09.12.2022 17:00 (CET/CEST)","n/e","n/e","n/e","n/e","n/e","n/e","n/e","n/e","n/e","n/e","n/e","n/e","n/e","2740","n/e","n/e","49","n/e","0","n/e","n/e","1157"
"BZN|SE1","09.12.2022 17:00 - 09.12.2022 18:00 (CET/CEST)","n/e","n/e","n/e","n/e","n/e","n/e","n/e","n/e","n/e","n/e","n/e","n/e","n/e","2687","n/e","n/e","49","n/e","0","n/e","n/e","1153"
"BZN|SE1","09.12.2022 18:00 - 09.12.2022 19:00 (CET/CEST)","n/e","n/e","n/e","n/e","n/e","n/e","n/e","n/e","n/e","n/e","n/e","n/e","n/e","2719","n/e","n/e","49","n/e","0","n/e","n/e","1101"
"BZN|SE1","09.12.2022 19:00 - 09.12.2022 20:00 (CET/CEST)","n/e","n/e","n/e","n/e","n/e","n/e","n/e","n/e","n/e","n/e","n/e","n/e","n/e","2757","n/e","n/e","50","n/e","0","n/e","n/e","1134"
"BZN|SE1","09.12.2022 20:00 - 09.12.2022 21:00 (CET/CEST)","n/e","n/e","n/e","n/e","n/e","n/e","n/e","n/e","n/e","n/e","n/e","n/e","n/e","2715","n/e","n/e","50","n/e","0","n/e","n/e","1118"
"BZN|SE1","09.12.2022 21:00 - 09.12.2022 22:00 (CET/CEST)","n/e","n/e","n/e","n/e","n/e","n/e","n/e","n/e","n/e","n/e","n/e","n/e","n/e","2525","n/e","n/e","50","n/e","0","n/e","n/e","1121"
"BZN|SE1","09.12.2022 22:00 - 09.12.2022 23:00 (CET/CEST)","n/e","n/e","n/e","n/e","n/e","n/e","n/e","n/e","n/e","n/e","n/e","n/e","n/e","2525","n/e","n/e","50","n/e","0","n/e","n/e","1088"
"BZN|SE1","09.12.2022 23:00 - 10.12.2022 00:00 (CET/CEST)","n/e","n/e","n/e","n/e","n/e","n/e","n/e","n/e","n/e","n/e","n/e","n/e","n/e","2531","n/e","n/e","50","n/e","0","n/e","n/e","1025"
"BZN|SE1","10.12.2022 00:00 - 10.12.2022 01:00 (CET/CEST)","n/e","n/e","n/e","n/e","n/e","n/e","n/e","n/e","n/e","n/e","n/e","n/e","n/e","2609","n/e","n/e","47","n/e","0","n/e","n/e","972"
"BZN|SE1","10.12.2022 01:00 - 10.12.2022 02:00 (CET/CEST)","n/e","n/e","n/e","n/e","n/e","n/e","n/e","n/e","n/e","n/e","n/e","n/e","n/e","2620","n/e","n/e","48","n/e","0","n/e","n/e","995"
"BZN|SE1","10.12.2022 02:00 - 10.12.2022 03:00 (CET/CEST)","n/e","n/e","n/e","n/e","n/e","n/e","n/e","n/e","n/e","n/e","n/e","n/e","n/e","2637","n/e","n/e","49","n/e","0","n/e","n/e","985"
"BZN|SE1","10.12.2022 03:00 - 10.12.2022 04:00 (CET/CEST)","n/e","n/e","n/e","n/e","n/e","n/e","n/e","n/e","n/e","n/e","n/e","n/e","n/e","2608","n/e","n/e","50","n/e","0","n/e","n/e","897"
"BZN|SE1","10.12.2022 04:00 - 10.12.2022 05:00 (CET/CEST)","n/e","n/e","n/e","n/e","n/e","n/e","n/e","n/e","n/e","n/e","n/e","n/e","n/e","2606","n/e","n/e","49","n/e","0","n/e","n/e","866"
"BZN|SE1","10.12.2022 05:00 - 10.12.2022 06:00 (CET/CEST)","n/e","n/e","n/e","n/e","n/e","n/e","n/e","n/e","n/e","n/e","n/e","n/e","n/e","2601","n/e","n/e","49","n/e","0","n/e","n/e","866"
"BZN|SE1","10.12.2022 06:00 - 10.12.2022 07:00 (CET/CEST)","n/e","n/e","n/e","n/e","n/e","n/e","n/e","n/e","n/e","n/e","n/e","n/e","n/e","2555","n/e","n/e","50","n/e","0","n/e","n/e","865"
"BZN|SE1","10.12.2022 07:00 - 10.12.2022 08:00 (CET/CEST)","n/e","n/e","n/e","n/e","n/e","n/e","n/e","n/e","n/e","n/e","n/e","n/e","n/e","2433","n/e","n/e","50","n/e","0","n/e","n/e","806"
"BZN|SE1","10.12.2022 08:00 - 10.12.2022 09:00 (CET/CEST)","n/e","n/e","n/e","n/e","n/e","n/e","n/e","n/e","n/e","n/e","n/e","n/e","n/e","2456","n/e","n/e","50","n/e","0","n/e","n/e","739"
"BZN|SE1","10.12.2022 09:00 - 10.12.2022 10:00 (CET/CEST)","n/e","n/e","n/e","n/e","n/e","n/e","n/e","n/e","n/e","n/e","n/e","n/e","n/e","2590","n/e","n/e","49","n/e","0","n/e","n/e","755"
"BZN|SE1","10.12.2022 10:00 - 10.12.2022 11:00 (CET/CEST)","n/e","n/e","n/e","n/e","n/e","n/e","n/e","n/e","n/e","n/e","n/e","n/e","n/e","2583","n/e","n/e","49","n/e","0","n/e","n/e","825"
"BZN|SE1","10.12.2022 11:00 - 10.12.2022 12:00 (CET/CEST)","n/e","n/e","n/e","n/e","n/e","n/e","n/e","n/e","n/e","n/e","n/e","n/e","n/e","2615","n/e","n/e","49","n/e","0","n/e","n/e","854"
"BZN|SE1","10.12.2022 12:00 - 10.12.2022 13:00 (CET/CEST)","n/e","n/e","n/e","n/e","n/e","n/e","n/e","n/e","n/e","n/e","n/e","n/e","n/e","2585","n/e","n/e","46","n/e","0","n/e","n/e","857"
"BZN|SE1","10.12.2022 13:00 - 10.12.2022 14:00 (CET/CEST)","n/e","n/e","n/e","n/e","n/e","n/e","n/e","n/e","n/e","n/e","n/e","n/e","n/e","2553","n/e","n/e","48","n/e","0","n/e","n/e","868"
"BZN|SE1","10.12.2022 14:00 - 10.12.2022 15:00 (CET/CEST)","n/e","n/e","n/e","n/e","n/e","n/e","n/e","n/e","n/e","n/e","n/e","n/e","n/e","2558","n/e","n/e","48","n/e","0","n/e","n/e","856"
"BZN|SE1","10.12.2022 15:00 - 10.12.2022 16:00 (CET/CEST)","n/e","n/e","n/e","n/e","n/e","n/e","n/e","n/e","n/e","n/e","n/e","n/e","n/e","2614","n/e","n/e","48","n/e","0","n/e","n/e","884"
"BZN|SE1","10.12.2022 16:00 - 10.12.2022 17:00 (CET/CEST)","n/e","n/e","n/e","n/e","n/e","n/e","n/e","n/e","n/e","n/e","n/e","n/e","n/e","2612","n/e","n/e","48","n/e","0","n/e","n/e","876"
"BZN|SE1","10.12.2022 17:00 - 10.12.2022 18:00 (CET/CEST)","n/e","n/e","n/e","n/e","n/e","n/e","n/e","n/e","n/e","n/e","n/e","n/e","n/e","2635","n/e","n/e","48","n/e","0","n/e","n/e","852"
"BZN|SE1","10.12.2022 18:00 - 10.12.2022 19:00 (CET/CEST)","n/e","n/e","n/e","n/e","n/e","n/e","n/e","n/e","n/e","n/e","n/e","n/e","n/e","2718","n/e","n/e","48","n/e","0","n/e","n/e","878"
"BZN|SE1","10.12.2022 19:00 - 10.12.2022 20:00 (CET/CEST)","n/e","n/e","n/e","n/e","n/e","n/e","n/e","n/e","n/e","n/e","n/e","n/e","n/e","2654","n/e","n/e","48","n/e","0","n/e","n/e","858"
"BZN|SE1","10.12.2022 20:00 - 10.12.2022 21:00 (CET/CEST)","n/e","n/e","n/e","n/e","n/e","n/e","n/e","n/e","n/e","n/e","n/e","n/e","n/e","2653","n/e","n/e","49","n/e","0","n/e","n/e","871"
"BZN|SE1","10.12.2022 21:00 - 10.12.2022 22:00 (CET/CEST)","n/e","n/e","n/e","n/e","n/e","n/e","n/e","n/e","n/e","n/e","n/e","n/e","n/e","2681","n/e","n/e","48","n/e","0","n/e","n/e","864"
"BZN|SE1","10.12.2022 22:00 - 10.12.2022 23:00 (CET/CEST)","n/e","n/e","n/e","n/e","n/e","n/e","n/e","n/e","n/e","n/e","n/e","n/e","n/e","2688","n/e","n/e","48","n/e","0","n/e","n/e","859"
"BZN|SE1","10.12.2022 23:00 - 11.12.2022 00:00 (CET/CEST)","n/e","n/e","n/e","n/e","n/e","n/e","n/e","n/e","n/e","n/e","n/e","n/e","n/e","2677","n/e","n/e","48","n/e","0","n/e","n/e","894"
"BZN|SE1","11.12.2022 00:00 - 11.12.2022 01:00 (CET/CEST)","n/e","n/e","n/e","n/e","n/e","n/e","n/e","n/e","n/e","n/e","n/e","n/e","n/e","2890","n/e","n/e","45","n/e","0","n/e","n/e","910"
"BZN|SE1","11.12.2022 01:00 - 11.12.2022 02:00 (CET/CEST)","n/e","n/e","n/e","n/e","n/e","n/e","n/e","n/e","n/e","n/e","n/e","n/e","n/e","2880","n/e","n/e","46","n/e","0","n/e","n/e","924"
"BZN|SE1","11.12.2022 02:00 - 11.12.2022 03:00 (CET/CEST)","n/e","n/e","n/e","n/e","n/e","n/e","n/e","n/e","n/e","n/e","n/e","n/e","n/e","2856","n/e","n/e","48","n/e","0","n/e","n/e","890"
"BZN|SE1","11.12.2022 03:00 - 11.12.2022 04:00 (CET/CEST)","n/e","n/e","n/e","n/e","n/e","n/e","n/e","n/e","n/e","n/e","n/e","n/e","n/e","2830","n/e","n/e","48","n/e","0","n/e","n/e","899"
"BZN|SE1","11.12.2022 04:00 - 11.12.2022 05:00 (CET/CEST)","n/e","n/e","n/e","n/e","n/e","n/e","n/e","n/e","n/e","n/e","n/e","n/e","n/e","2834","n/e","n/e","48","n/e","0","n/e","n/e","894"
"BZN|SE1","11.12.2022 05:00 - 11.12.2022 06:00 (CET/CEST)","n/e","n/e","n/e","n/e","n/e","n/e","n/e","n/e","n/e","n/e","n/e","n/e","n/e","2824","n/e","n/e","48","n/e","0","n/e","n/e","914"
"BZN|SE1","11.12.2022 06:00 - 11.12.2022 07:00 (CET/CEST)","n/e","n/e","n/e","n/e","n/e","n/e","n/e","n/e","n/e","n/e","n/e","n/e","n/e","2829","n/e","n/e","48","n/e","0","n/e","n/e","893"
"BZN|SE1","11.12.2022 07:00 - 11.12.2022 08:00 (CET/CEST)","n/e","n/e","n/e","n/e","n/e","n/e","n/e","n/e","n/e","n/e","n/e","n/e","n/e","2726","n/e","n/e","48","n/e","0","n/e","n/e","863"
"BZN|SE1","11.12.2022 08:00 - 11.12.2022 09:00 (CET/CEST)","n/e","n/e","n/e","n/e","n/e","n/e","n/e","n/e","n/e","n/e","n/e","n/e","n/e","2724","n/e","n/e","48","n/e","0","n/e","n/e","816"
"BZN|SE1","11.12.2022 09:00 - 11.12.2022 10:00 (CET/CEST)","n/e","n/e","n/e","n/e","n/e","n/e","n/e","n/e","n/e","n/e","n/e","n/e","n/e","2824","n/e","n/e","47","n/e","0","n/e","n/e","812"
"BZN|SE1","11.12.2022 10:00 - 11.12.2022 11:00 (CET/CEST)","n/e","n/e","n/e","n/e","n/e","n/e","n/e","n/e","n/e","n/e","n/e","n/e","n/e","2922","n/e","n/e","47","n/e","0","n/e","n/e","780"
"BZN|SE1","11.12.2022 11:00 - 11.12.2022 12:00 (CET/CEST)","n/e","n/e","n/e","n/e","n/e","n/e","n/e","n/e","n/e","n/e","n/e","n/e","n/e","2931","n/e","n/e","47","n/e","0","n/e","n/e","740"
"BZN|SE1","11.12.2022 12:00 - 11.12.2022 13:00 (CET/CEST)","n/e","n/e","n/e","n/e","n/e","n/e","n/e","n/e","n/e","n/e","n/e","n/e","n/e","2915","n/e","n/e","45","n/e","0","n/e","n/e","703"
"BZN|SE1","11.12.2022 13:00 - 11.12.2022 14:00 (CET/CEST)","n/e","n/e","n/e","n/e","n/e","n/e","n/e","n/e","n/e","n/e","n/e","n/e","n/e","2939","n/e","n/e","47","n/e","0","n/e","n/e","710"
"BZN|SE1","11.12.2022 14:00 - 11.12.2022 15:00 (CET/CEST)","n/e","n/e","n/e","n/e","n/e","n/e","n/e","n/e","n/e","n/e","n/e","n/e","n/e","2937","n/e","n/e","47","n/e","0","n/e","n/e","661"
"BZN|SE1","11.12.2022 15:00 - 11.12.2022 16:00 (CET/CEST)","n/e","n/e","n/e","n/e","n/e","n/e","n/e","n/e","n/e","n/e","n/e","n/e","n/e","2955","n/e","n/e","47","n/e","0","n/e","n/e","651"
"BZN|SE1","11.12.2022 16:00 - 11.12.2022 17:00 (CET/CEST)","n/e","n/e","n/e","n/e","n/e","n/e","n/e","n/e","n/e","n/e","n/e","n/e","n/e","2936","n/e","n/e","47","n/e","0","n/e","n/e","637"
"BZN|SE1","11.12.2022 17:00 - 11.12.2022 18:00 (CET/CEST)","n/e","n/e","n/e","n/e","n/e","n/e","n/e","n/e","n/e","n/e","n/e","n/e","n/e","2928","n/e","n/e","47","n/e","0","n/e","n/e","588"
"BZN|SE1","11.12.2022 18:00 - 11.12.2022 19:00 (CET/CEST)","n/e","n/e","n/e","n/e","n/e","n/e","n/e","n/e","n/e","n/e","n/e","n/e","n/e","2924","n/e","n/e","47","n/e","0","n/e","n/e","580"
"BZN|SE1","11.12.2022 19:00 - 11.12.2022 20:00 (CET/CEST)","n/e","n/e","n/e","n/e","n/e","n/e","n/e","n/e","n/e","n/e","n/e","n/e","n/e","2913","n/e","n/e","47","n/e","0","n/e","n/e","538"
"BZN|SE1","11.12.2022 20:00 - 11.12.2022 21:00 (CET/CEST)","n/e","n/e","n/e","n/e","n/e","n/e","n/e","n/e","n/e","n/e","n/e","n/e","n/e","2928","n/e","n/e","47","n/e","0","n/e","n/e","515"
"BZN|SE1","11.12.2022 21:00 - 11.12.2022 22:00 (CET/CEST)","n/e","n/e","n/e","n/e","n/e","n/e","n/e","n/e","n/e","n/e","n/e","n/e","n/e","2897","n/e","n/e","47","n/e","0","n/e","n/e","532"
"BZN|SE1","11.12.2022 22:00 - 11.12.2022 23:00 (CET/CEST)","n/e","n/e","n/e","n/e","n/e","n/e","n/e","n/e","n/e","n/e","n/e","n/e","n/e","2899","n/e","n/e","47","n/e","0","n/e","n/e","486"
"BZN|SE1","11.12.2022 23:00 - 12.12.2022 00:00 (CET/CEST)","n/e","n/e","n/e","n/e","n/e","n/e","n/e","n/e","n/e","n/e","n/e","n/e","n/e","2891","n/e","n/e","47","n/e","0","n/e","n/e","460"
"BZN|SE1","12.12.2022 00:00 - 12.12.2022 01:00 (CET/CEST)","n/e","n/e","n/e","n/e","n/e","n/e","n/e","n/e","n/e","n/e","n/e","n/e","n/e","2746","n/e","n/e","43","n/e","0","n/e","n/e","444"
"BZN|SE1","12.12.2022 01:00 - 12.12.2022 02:00 (CET/CEST)","n/e","n/e","n/e","n/e","n/e","n/e","n/e","n/e","n/e","n/e","n/e","n/e","n/e","2741","n/e","n/e","44","n/e","0","n/e","n/e","455"
"BZN|SE1","12.12.2022 02:00 - 12.12.2022 03:00 (CET/CEST)","n/e","n/e","n/e","n/e","n/e","n/e","n/e","n/e","n/e","n/e","n/e","n/e","n/e","2726","n/e","n/e","45","n/e","0","n/e","n/e","445"
"BZN|SE1","12.12.2022 03:00 - 12.12.2022 04:00 (CET/CEST)","n/e","n/e","n/e","n/e","n/e","n/e","n/e","n/e","n/e","n/e","n/e","n/e","n/e","2733","n/e","n/e","45","n/e","0","n/e","n/e","439"
"BZN|SE1","12.12.2022 04:00 - 12.12.2022 05:00 (CET/CEST)","n/e","n/e","n/e","n/e","n/e","n/e","n/e","n/e","n/e","n/e","n/e","n/e","n/e","2740","n/e","n/e","45","n/e","0","n/e","n/e","454"
"BZN|SE1","12.12.2022 05:00 - 12.12.2022 06:00 (CET/CEST)","n/e","n/e","n/e","n/e","n/e","n/e","n/e","n/e","n/e","n/e","n/e","n/e","n/e","2777","n/e","n/e","45","n/e","0","n/e","n/e","437"
"BZN|SE1","12.12.2022 06:00 - 12.12.2022 07:00 (CET/CEST)","n/e","n/e","n/e","n/e","n/e","n/e","n/e","n/e","n/e","n/e","n/e","n/e","n/e","2837","n/e","n/e","45","n/e","0","n/e","n/e","451"
"BZN|SE1","12.12.2022 07:00 - 12.12.2022 08:00 (CET/CEST)","n/e","n/e","n/e","n/e","n/e","n/e","n/e","n/e","n/e","n/e","n/e","n/e","n/e","2923","n/e","n/e","45","n/e","0","n/e","n/e","500"
"BZN|SE1","12.12.2022 08:00 - 12.12.2022 09:00 (CET/CEST)","n/e","n/e","n/e","n/e","n/e","n/e","n/e","n/e","n/e","n/e","n/e","n/e","n/e","2922","n/e","n/e","44","n/e","0","n/e","n/e","444"
"BZN|SE1","12.12.2022 09:00 - 12.12.2022 10:00 (CET/CEST)","n/e","n/e","n/e","n/e","n/e","n/e","n/e","n/e","n/e","n/e","n/e","n/e","n/e","2916","n/e","n/e","43","n/e","0","n/e","n/e","415"
"BZN|SE1","12.12.2022 10:00 - 12.12.2022 11:00 (CET/CEST)","n/e","n/e","n/e","n/e","n/e","n/e","n/e","n/e","n/e","n/e","n/e","n/e","n/e","2853","n/e","n/e","43","n/e","0","n/e","n/e","415"
"BZN|SE1","12.12.2022 11:00 - 12.12.2022 12:00 (CET/CEST)","n/e","n/e","n/e","n/e","n/e","n/e","n/e","n/e","n/e","n/e","n/e","n/e","n/e","2866","n/e","n/e","43","n/e","0","n/e","n/e","423"
"BZN|SE1","12.12.2022 12:00 - 12.12.2022 13:00 (CET/CEST)","n/e","n/e","n/e","n/e","n/e","n/e","n/e","n/e","n/e","n/e","n/e","n/e","n/e","2817","n/e","n/e","41","n/e","0","n/e","n/e","427"
"BZN|SE1","12.12.2022 13:00 - 12.12.2022 14:00 (CET/CEST)","n/e","n/e","n/e","n/e","n/e","n/e","n/e","n/e","n/e","n/e","n/e","n/e","n/e","2997","n/e","n/e","42","n/e","0","n/e","n/e","424"
"BZN|SE1","12.12.2022 14:00 - 12.12.2022 15:00 (CET/CEST)","n/e","n/e","n/e","n/e","n/e","n/e","n/e","n/e","n/e","n/e","n/e","n/e","n/e","2939","n/e","n/e","43","n/e","0","n/e","n/e","450"
"BZN|SE1","12.12.2022 15:00 - 12.12.2022 16:00 (CET/CEST)","n/e","n/e","n/e","n/e","n/e","n/e","n/e","n/e","n/e","n/e","n/e","n/e","n/e","2900","n/e","n/e","42","n/e","0","n/e","n/e","423"
"BZN|SE1","12.12.2022 16:00 - 12.12.2022 17:00 (CET/CEST)","n/e","n/e","n/e","n/e","n/e","n/e","n/e","n/e","n/e","n/e","n/e","n/e","n/e","2881","n/e","n/e","37","n/e","0","n/e","n/e","391"
"BZN|SE1","12.12.2022 17:00 - 12.12.2022 18:00 (CET/CEST)","n/e","n/e","n/e","n/e","n/e","n/e","n/e","n/e","n/e","n/e","n/e","n/e","n/e","2788","n/e","n/e","36","n/e","0","n/e","n/e","389"
"BZN|SE1","12.12.2022 18:00 - 12.12.2022 19:00 (CET/CEST)","n/e","n/e","n/e","n/e","n/e","n/e","n/e","n/e","n/e","n/e","n/e","n/e","n/e","2783","n/e","n/e","36","n/e","0","n/e","n/e","345"
"BZN|SE1","12.12.2022 19:00 - 12.12.2022 20:00 (CET/CEST)","n/e","n/e","n/e","n/e","n/e","n/e","n/e","n/e","n/e","n/e","n/e","n/e","n/e","2763","n/e","n/e","38","n/e","0","n/e","n/e","356"
"BZN|SE1","12.12.2022 20:00 - 12.12.2022 21:00 (CET/CEST)","n/e","n/e","n/e","n/e","n/e","n/e","n/e","n/e","n/e","n/e","n/e","n/e","n/e","2722","n/e","n/e","39","n/e","0","n/e","n/e","357"
"BZN|SE1","12.12.2022 21:00 - 12.12.2022 22:00 (CET/CEST)","n/e","n/e","n/e","n/e","n/e","n/e","n/e","n/e","n/e","n/e","n/e","n/e","n/e","2652","n/e","n/e","38","n/e","0","n/e","n/e","373"
"BZN|SE1","12.12.2022 22:00 - 12.12.2022 23:00 (CET/CEST)","n/e","n/e","n/e","n/e","n/e","n/e","n/e","n/e","n/e","n/e","n/e","n/e","n/e","2625","n/e","n/e","39","n/e","0","n/e","n/e","397"
"BZN|SE1","12.12.2022 23:00 - 13.12.2022 00:00 (CET/CEST)","n/e","n/e","n/e","n/e","n/e","n/e","n/e","n/e","n/e","n/e","n/e","n/e","n/e","2381","n/e","n/e","39","n/e","0","n/e","n/e","450"
"BZN|SE1","13.12.2022 00:00 - 13.12.2022 01:00 (CET/CEST)","n/e","n/e","n/e","n/e","n/e","n/e","n/e","n/e","n/e","n/e","n/e","n/e","n/e","2375","n/e","n/e","38","n/e","0","n/e","n/e","568"
"BZN|SE1","13.12.2022 01:00 - 13.12.2022 02:00 (CET/CEST)","n/e","n/e","n/e","n/e","n/e","n/e","n/e","n/e","n/e","n/e","n/e","n/e","n/e","2393","n/e","n/e","39","n/e","0","n/e","n/e","663"
"BZN|SE1","13.12.2022 02:00 - 13.12.2022 03:00 (CET/CEST)","n/e","n/e","n/e","n/e","n/e","n/e","n/e","n/e","n/e","n/e","n/e","n/e","n/e","2386","n/e","n/e","39","n/e","0","n/e","n/e","734"
"BZN|SE1","13.12.2022 03:00 - 13.12.2022 04:00 (CET/CEST)","n/e","n/e","n/e","n/e","n/e","n/e","n/e","n/e","n/e","n/e","n/e","n/e","n/e","2400","n/e","n/e","40","n/e","0","n/e","n/e","853"
"BZN|SE1","13.12.2022 04:00 - 13.12.2022 05:00 (CET/CEST)","n/e","n/e","n/e","n/e","n/e","n/e","n/e","n/e","n/e","n/e","n/e","n/e","n/e","2492","n/e","n/e","39","n/e","0","n/e","n/e","954"
"BZN|SE1","13.12.2022 05:00 - 13.12.2022 06:00 (CET/CEST)","n/e","n/e","n/e","n/e","n/e","n/e","n/e","n/e","n/e","n/e","n/e","n/e","n/e","2611","n/e","n/e","39","n/e","0","n/e","n/e","1009"
"BZN|SE1","13.12.2022 06:00 - 13.12.2022 07:00 (CET/CEST)","n/e","n/e","n/e","n/e","n/e","n/e","n/e","n/e","n/e","n/e","n/e","n/e","n/e","2591","n/e","n/e","39","n/e","0","n/e","n/e","1100"
"BZN|SE1","13.12.2022 07:00 - 13.12.2022 08:00 (CET/CEST)","n/e","n/e","n/e","n/e","n/e","n/e","n/e","n/e","n/e","n/e","n/e","n/e","n/e","2800","n/e","n/e","41","n/e","0","n/e","n/e","1114"
"BZN|SE1","13.12.2022 08:00 - 13.12.2022 09:00 (CET/CEST)","n/e","n/e","n/e","n/e","n/e","n/e","n/e","n/e","n/e","n/e","n/e","n/e","n/e","2903","n/e","n/e","38","n/e","0","n/e","n/e","1010"
"BZN|SE1","13.12.2022 09:00 - 13.12.2022 10:00 (CET/CEST)","n/e","n/e","n/e","n/e","n/e","n/e","n/e","n/e","n/e","n/e","n/e","n/e","n/e","2917","n/e","n/e","38","n/e","0","n/e","n/e","1053"
"BZN|SE1","13.12.2022 10:00 - 13.12.2022 11:00 (CET/CEST)","n/e","n/e","n/e","n/e","n/e","n/e","n/e","n/e","n/e","n/e","n/e","n/e","n/e","3022","n/e","n/e","38","n/e","0","n/e","n/e","1136"
"BZN|SE1","13.12.2022 11:00 - 13.12.2022 12:00 (CET/CEST)","n/e","n/e","n/e","n/e","n/e","n/e","n/e","n/e","n/e","n/e","n/e","n/e","n/e","3027","n/e","n/e","38","n/e","0","n/e","n/e","1145"
"BZN|SE1","13.12.2022 12:00 - 13.12.2022 13:00 (CET/CEST)","n/e","n/e","n/e","n/e","n/e","n/e","n/e","n/e","n/e","n/e","n/e","n/e","n/e","2973","n/e","n/e","36","n/e","0","n/e","n/e","1112"
"BZN|SE1","13.12.2022 13:00 - 13.12.2022 14:00 (CET/CEST)","n/e","n/e","n/e","n/e","n/e","n/e","n/e","n/e","n/e","n/e","n/e","n/e","n/e","3083","n/e","n/e","38","n/e","0","n/e","n/e","1095"
"BZN|SE1","13.12.2022 14:00 - 13.12.2022 15:00 (CET/CEST)","n/e","n/e","n/e","n/e","n/e","n/e","n/e","n/e","n/e","n/e","n/e","n/e","n/e","3046","n/e","n/e","36","n/e","0","n/e","n/e","1077"
"BZN|SE1","13.12.2022 15:00 - 13.12.2022 16:00 (CET/CEST)","n/e","n/e","n/e","n/e","n/e","n/e","n/e","n/e","n/e","n/e","n/e","n/e","n/e","3066","n/e","n/e","35","n/e","0","n/e","n/e","1091"
"BZN|SE1","13.12.2022 16:00 - 13.12.2022 17:00 (CET/CEST)","n/e","n/e","n/e","n/e","n/e","n/e","n/e","n/e","n/e","n/e","n/e","n/e","n/e","3059","n/e","n/e","42","n/e","0","n/e","n/e","1034"
"BZN|SE1","13.12.2022 17:00 - 13.12.2022 18:00 (CET/CEST)","n/e","n/e","n/e","n/e","n/e","n/e","n/e","n/e","n/e","n/e","n/e","n/e","n/e","2916","n/e","n/e","42","n/e","0","n/e","n/e","976"
"BZN|SE1","13.12.2022 18:00 - 13.12.2022 19:00 (CET/CEST)","n/e","n/e","n/e","n/e","n/e","n/e","n/e","n/e","n/e","n/e","n/e","n/e","n/e","2853","n/e","n/e","42","n/e","0","n/e","n/e","883"
"BZN|SE1","13.12.2022 19:00 - 13.12.2022 20:00 (CET/CEST)","n/e","n/e","n/e","n/e","n/e","n/e","n/e","n/e","n/e","n/e","n/e","n/e","n/e","2833","n/e","n/e","42","n/e","0","n/e","n/e","843"
"BZN|SE1","13.12.2022 20:00 - 13.12.2022 21:00 (CET/CEST)","n/e","n/e","n/e","n/e","n/e","n/e","n/e","n/e","n/e","n/e","n/e","n/e","n/e","2823","n/e","n/e","44","n/e","0","n/e","n/e","821"
"BZN|SE1","13.12.2022 21:00 - 13.12.2022 22:00 (CET/CEST)","n/e","n/e","n/e","n/e","n/e","n/e","n/e","n/e","n/e","n/e","n/e","n/e","n/e","2586","n/e","n/e","44","n/e","0","n/e","n/e","767"
"BZN|SE1","13.12.2022 22:00 - 13.12.2022 23:00 (CET/CEST)","n/e","n/e","n/e","n/e","n/e","n/e","n/e","n/e","n/e","n/e","n/e","n/e","n/e","2534","n/e","n/e","44","n/e","0","n/e","n/e","716"
"BZN|SE1","13.12.2022 23:00 - 14.12.2022 00:00 (CET/CEST)","n/e","n/e","n/e","n/e","n/e","n/e","n/e","n/e","n/e","n/e","n/e","n/e","n/e","2376","n/e","n/e","44","n/e","0","n/e","n/e","678"
"BZN|SE1","14.12.2022 00:00 - 14.12.2022 01:00 (CET/CEST)","n/e","n/e","n/e","n/e","n/e","n/e","n/e","n/e","n/e","n/e","n/e","n/e","n/e","2316","n/e","n/e","45","n/e","0","n/e","n/e","673"
"BZN|SE1","14.12.2022 01:00 - 14.12.2022 02:00 (CET/CEST)","n/e","n/e","n/e","n/e","n/e","n/e","n/e","n/e","n/e","n/e","n/e","n/e","n/e","2291","n/e","n/e","46","n/e","0","n/e","n/e","594"
"BZN|SE1","14.12.2022 02:00 - 14.12.2022 03:00 (CET/CEST)","n/e","n/e","n/e","n/e","n/e","n/e","n/e","n/e","n/e","n/e","n/e","n/e","n/e","2280","n/e","n/e","46","n/e","0","n/e","n/e","498"
"BZN|SE1","14.12.2022 03:00 - 14.12.2022 04:00 (CET/CEST)","n/e","n/e","n/e","n/e","n/e","n/e","n/e","n/e","n/e","n/e","n/e","n/e","n/e","2337","n/e","n/e","48","n/e","0","n/e","n/e","466"
"BZN|SE1","14.12.2022 04:00 - 14.12.2022 05:00 (CET/CEST)","n/e","n/e","n/e","n/e","n/e","n/e","n/e","n/e","n/e","n/e","n/e","n/e","n/e","2275","n/e","n/e","48","n/e","0","n/e","n/e","445"
"BZN|SE1","14.12.2022 05:00 - 14.12.2022 06:00 (CET/CEST)","n/e","n/e","n/e","n/e","n/e","n/e","n/e","n/e","n/e","n/e","n/e","n/e","n/e","2524","n/e","n/e","47","n/e","0","n/e","n/e","463"
"BZN|SE1","14.12.2022 06:00 - 14.12.2022 07:00 (CET/CEST)","n/e","n/e","n/e","n/e","n/e","n/e","n/e","n/e","n/e","n/e","n/e","n/e","n/e","2628","n/e","n/e","48","n/e","0","n/e","n/e","448"
"BZN|SE1","14.12.2022 07:00 - 14.12.2022 08:00 (CET/CEST)","n/e","n/e","n/e","n/e","n/e","n/e","n/e","n/e","n/e","n/e","n/e","n/e","n/e","3079","n/e","n/e","48","n/e","0","n/e","n/e","444"
"BZN|SE1","14.12.2022 08:00 - 14.12.2022 09:00 (CET/CEST)","n/e","n/e","n/e","n/e","n/e","n/e","n/e","n/e","n/e","n/e","n/e","n/e","n/e","3152","n/e","n/e","47","n/e","0","n/e","n/e","420"
"BZN|SE1","14.12.2022 09:00 - 14.12.2022 10:00 (CET/CEST)","n/e","n/e","n/e","n/e","n/e","n/e","n/e","n/e","n/e","n/e","n/e","n/e","n/e","3188","n/e","n/e","47","n/e","0","n/e","n/e","407"
"BZN|SE1","14.12.2022 10:00 - 14.12.2022 11:00 (CET/CEST)","n/e","n/e","n/e","n/e","n/e","n/e","n/e","n/e","n/e","n/e","n/e","n/e","n/e","3105","n/e","n/e","47","n/e","0","n/e","n/e","397"
"BZN|SE1","14.12.2022 11:00 - 14.12.2022 12:00 (CET/CEST)","n/e","n/e","n/e","n/e","n/e","n/e","n/e","n/e","n/e","n/e","n/e","n/e","n/e","3108","n/e","n/e","47","n/e","0","n/e","n/e","373"
"BZN|SE1","14.12.2022 12:00 - 14.12.2022 13:00 (CET/CEST)","n/e","n/e","n/e","n/e","n/e","n/e","n/e","n/e","n/e","n/e","n/e","n/e","n/e","3151","n/e","n/e","45","n/e","0","n/e","n/e","379"
"BZN|SE1","14.12.2022 13:00 - 14.12.2022 14:00 (CET/CEST)","n/e","n/e","n/e","n/e","n/e","n/e","n/e","n/e","n/e","n/e","n/e","n/e","n/e","3161","n/e","n/e","44","n/e","0","n/e","n/e","399"
"BZN|SE1","14.12.2022 14:00 - 14.12.2022 15:00 (CET/CEST)","n/e","n/e","n/e","n/e","n/e","n/e","n/e","n/e","n/e","n/e","n/e","n/e","n/e","3251","n/e","n/e","45","n/e","0","n/e","n/e","395"
"BZN|SE1","14.12.2022 15:00 - 14.12.2022 16:00 (CET/CEST)","n/e","n/e","n/e","n/e","n/e","n/e","n/e","n/e","n/e","n/e","n/e","n/e","n/e","3320","n/e","n/e","44","n/e","0","n/e","n/e","420"
"BZN|SE1","14.12.2022 16:00 - 14.12.2022 17:00 (CET/CEST)","n/e","n/e","n/e","n/e","n/e","n/e","n/e","n/e","n/e","n/e","n/e","n/e","n/e","3474","n/e","n/e","45","n/e","0","n/e","n/e","380"
"BZN|SE1","14.12.2022 17:00 - 14.12.2022 18:00 (CET/CEST)","n/e","n/e","n/e","n/e","n/e","n/e","n/e","n/e","n/e","n/e","n/e","n/e","n/e","3680","n/e","n/e","45","n/e","0","n/e","n/e","373"
"BZN|SE1","14.12.2022 18:00 - 14.12.2022 19:00 (CET/CEST)","n/e","n/e","n/e","n/e","n/e","n/e","n/e","n/e","n/e","n/e","n/e","n/e","n/e","3563","n/e","n/e","45","n/e","0","n/e","n/e","348"
"BZN|SE1","14.12.2022 19:00 - 14.12.2022 20:00 (CET/CEST)","n/e","n/e","n/e","n/e","n/e","n/e","n/e","n/e","n/e","n/e","n/e","n/e","n/e","3223","n/e","n/e","45","n/e","0","n/e","n/e","370"
"BZN|SE1","14.12.2022 20:00 - 14.12.2022 21:00 (CET/CEST)","n/e","n/e","n/e","n/e","n/e","n/e","n/e","n/e","n/e","n/e","n/e","n/e","n/e","3124","n/e","n/e","46","n/e","0","n/e","n/e","367"
"BZN|SE1","14.12.2022 21:00 - 14.12.2022 22:00 (CET/CEST)","n/e","n/e","n/e","n/e","n/e","n/e","n/e","n/e","n/e","n/e","n/e","n/e","n/e","2769","n/e","n/e","46","n/e","0","n/e","n/e","348"
"BZN|SE1","14.12.2022 22:00 - 14.12.2022 23:00 (CET/CEST)","n/e","n/e","n/e","n/e","n/e","n/e","n/e","n/e","n/e","n/e","n/e","n/e","n/e","2649","n/e","n/e","46","n/e","0","n/e","n/e","389"
"BZN|SE1","14.12.2022 23:00 - 15.12.2022 00:00 (CET/CEST)","n/e","n/e","n/e","n/e","n/e","n/e","n/e","n/e","n/e","n/e","n/e","n/e","n/e","2626","n/e","n/e","46","n/e","0","n/e","n/e","400"
"BZN|SE1","15.12.2022 00:00 - 15.12.2022 01:00 (CET/CEST)","n/e","n/e","n/e","n/e","n/e","n/e","n/e","n/e","n/e","n/e","n/e","n/e","n/e","2955","n/e","n/e","45","n/e","0","n/e","n/e","461"
"BZN|SE1","15.12.2022 01:00 - 15.12.2022 02:00 (CET/CEST)","n/e","n/e","n/e","n/e","n/e","n/e","n/e","n/e","n/e","n/e","n/e","n/e","n/e","2901","n/e","n/e","46","n/e","0","n/e","n/e","534"
"BZN|SE1","15.12.2022 02:00 - 15.12.2022 03:00 (CET/CEST)","n/e","n/e","n/e","n/e","n/e","n/e","n/e","n/e","n/e","n/e","n/e","n/e","n/e","2751","n/e","n/e","48","n/e","0","n/e","n/e","586"
"BZN|SE1","15.12.2022 03:00 - 15.12.2022 04:00 (CET/CEST)","n/e","n/e","n/e","n/e","n/e","n/e","n/e","n/e","n/e","n/e","n/e","n/e","n/e","2760","n/e","n/e","48","n/e","0","n/e","n/e","654"
"BZN|SE1","15.12.2022 04:00 - 15.12.2022 05:00 (CET/CEST)","n/e","n/e","n/e","n/e","n/e","n/e","n/e","n/e","n/e","n/e","n/e","n/e","n/e","2753","n/e","n/e","48","n/e","0","n/e","n/e","745"
"BZN|SE1","15.12.2022 05:00 - 15.12.2022 06:00 (CET/CEST)","n/e","n/e","n/e","n/e","n/e","n/e","n/e","n/e","n/e","n/e","n/e","n/e","n/e","2748","n/e","n/e","47","n/e","0","n/e","n/e","794"
"BZN|SE1","15.12.2022 06:00 - 15.12.2022 07:00 (CET/CEST)","n/e","n/e","n/e","n/e","n/e","n/e","n/e","n/e","n/e","n/e","n/e","n/e","n/e","2608","n/e","n/e","48","n/e","0","n/e","n/e","845"
"BZN|SE1","15.12.2022 07:00 - 15.12.2022 08:00 (CET/CEST)","n/e","n/e","n/e","n/e","n/e","n/e","n/e","n/e","n/e","n/e","n/e","n/e","n/e","2608","n/e","n/e","48","n/e","0","n/e","n/e","939"
"BZN|SE1","15.12.2022 08:00 - 15.12.2022 09:00 (CET/CEST)","n/e","n/e","n/e","n/e","n/e","n/e","n/e","n/e","n/e","n/e","n/e","n/e","n/e","2598","n/e","n/e","46","n/e","0","n/e","n/e","965"
"BZN|SE1","15.12.2022 09:00 - 15.12.2022 10:00 (CET/CEST)","n/e","n/e","n/e","n/e","n/e","n/e","n/e","n/e","n/e","n/e","n/e","n/e","n/e","2607","n/e","n/e","46","n/e","0","n/e","n/e","1084"
"BZN|SE1","15.12.2022 10:00 - 15.12.2022 11:00 (CET/CEST)","n/e","n/e","n/e","n/e","n/e","n/e","n/e","n/e","n/e","n/e","n/e","n/e","n/e","2603","n/e","n/e","46","n/e","0","n/e","n/e","1191"
"BZN|SE1","15.12.2022 11:00 - 15.12.2022 12:00 (CET/CEST)","n/e","n/e","n/e","n/e","n/e","n/e","n/e","n/e","n/e","n/e","n/e","n/e","n/e","2633","n/e","n/e","46","n/e","0","n/e","n/e","1261"
"BZN|SE1","15.12.2022 12:00 - 15.12.2022 13:00 (CET/CEST)","n/e","n/e","n/e","n/e","n/e","n/e","n/e","n/e","n/e","n/e","n/e","n/e","n/e","2626","n/e","n/e","42","n/e","0","n/e","n/e","1328"
"BZN|SE1","15.12.2022 13:00 - 15.12.2022 14:00 (CET/CEST)","n/e","n/e","n/e","n/e","n/e","n/e","n/e","n/e","n/e","n/e","n/e","n/e","n/e","2689","n/e","n/e","45","n/e","0","n/e","n/e","1313"
"BZN|SE1","15.12.2022 14:00 - 15.12.2022 15:00 (CET/CEST)","n/e","n/e","n/e","n/e","n/e","n/e","n/e","n/e","n/e","n/e","n/e","n/e","n/e","2748","n/e","n/e","46","n/e","0","n/e","n/e","1353"
"BZN|SE1","15.12.2022 15:00 - 15.12.2022 16:00 (CET/CEST)","n/e","n/e","n/e","n/e","n/e","n/e","n/e","n/e","n/e","n/e","n/e","n/e","n/e","2782","n/e","n/e","46","n/e","0","n/e","n/e","1394"
"BZN|SE1","15.12.2022 16:00 - 15.12.2022 17:00 (CET/CEST)","n/e","n/e","n/e","n/e","n/e","n/e","n/e","n/e","n/e","n/e","n/e","n/e","n/e","2798","n/e","n/e","47","n/e","0","n/e","n/e","1574"
"BZN|SE1","15.12.2022 17:00 - 15.12.2022 18:00 (CET/CEST)","n/e","n/e","n/e","n/e","n/e","n/e","n/e","n/e","n/e","n/e","n/e","n/e","n/e","2726","n/e","n/e","43","n/e","0","n/e","n/e","1602"
"BZN|SE1","15.12.2022 18:00 - 15.12.2022 19:00 (CET/CEST)","n/e","n/e","n/e","n/e","n/e","n/e","n/e","n/e","n/e","n/e","n/e","n/e","n/e","2610","n/e","n/e","40","n/e","0","n/e","n/e","1497"
"BZN|SE1","15.12.2022 19:00 - 15.12.2022 20:00 (CET/CEST)","n/e","n/e","n/e","n/e","n/e","n/e","n/e","n/e","n/e","n/e","n/e","n/e","n/e","2594","n/e","n/e","40","n/e","0","n/e","n/e","1484"
"BZN|SE1","15.12.2022 20:00 - 15.12.2022 21:00 (CET/CEST)","n/e","n/e","n/e","n/e","n/e","n/e","n/e","n/e","n/e","n/e","n/e","n/e","n/e","2600","n/e","n/e","41","n/e","0","n/e","n/e","1421"
"BZN|SE1","15.12.2022 21:00 - 15.12.2022 22:00 (CET/CEST)","n/e","n/e","n/e","n/e","n/e","n/e","n/e","n/e","n/e","n/e","n/e","n/e","n/e","2587","n/e","n/e","40","n/e","0","n/e","n/e","1420"
"BZN|SE1","15.12.2022 22:00 - 15.12.2022 23:00 (CET/CEST)","n/e","n/e","n/e","n/e","n/e","n/e","n/e","n/e","n/e","n/e","n/e","n/e","n/e","2580","n/e","n/e","43","n/e","0","n/e","n/e","1303"
"BZN|SE1","15.12.2022 23:00 - 16.12.2022 00:00 (CET/CEST)","n/e","n/e","n/e","n/e","n/e","n/e","n/e","n/e","n/e","n/e","n/e","n/e","n/e","2627","n/e","n/e","41","n/e","0","n/e","n/e","1332"
"BZN|SE1","16.12.2022 00:00 - 16.12.2022 01:00 (CET/CEST)","n/e","n/e","n/e","n/e","n/e","n/e","n/e","n/e","n/e","n/e","n/e","n/e","n/e","3108","n/e","n/e","44","n/e","0","n/e","n/e","1431"
"BZN|SE1","16.12.2022 01:00 - 16.12.2022 02:00 (CET/CEST)","n/e","n/e","n/e","n/e","n/e","n/e","n/e","n/e","n/e","n/e","n/e","n/e","n/e","3113","n/e","n/e","45","n/e","0","n/e","n/e","1464"
"BZN|SE1","16.12.2022 02:00 - 16.12.2022 03:00 (CET/CEST)","n/e","n/e","n/e","n/e","n/e","n/e","n/e","n/e","n/e","n/e","n/e","n/e","n/e","3112","n/e","n/e","44","n/e","0","n/e","n/e","1459"
"BZN|SE1","16.12.2022 03:00 - 16.12.2022 04:00 (CET/CEST)","n/e","n/e","n/e","n/e","n/e","n/e","n/e","n/e","n/e","n/e","n/e","n/e","n/e","3146","n/e","n/e","46","n/e","0","n/e","n/e","1457"
"BZN|SE1","16.12.2022 04:00 - 16.12.2022 05:00 (CET/CEST)","n/e","n/e","n/e","n/e","n/e","n/e","n/e","n/e","n/e","n/e","n/e","n/e","n/e","3154","n/e","n/e","45","n/e","0","n/e","n/e","1450"
"BZN|SE1","16.12.2022 05:00 - 16.12.2022 06:00 (CET/CEST)","n/e","n/e","n/e","n/e","n/e","n/e","n/e","n/e","n/e","n/e","n/e","n/e","n/e","3169","n/e","n/e","45","n/e","0","n/e","n/e","1428"
"BZN|SE1","16.12.2022 06:00 - 16.12.2022 07:00 (CET/CEST)","n/e","n/e","n/e","n/e","n/e","n/e","n/e","n/e","n/e","n/e","n/e","n/e","n/e","3187","n/e","n/e","45","n/e","0","n/e","n/e","1367"
"BZN|SE1","16.12.2022 07:00 - 16.12.2022 08:00 (CET/CEST)","n/e","n/e","n/e","n/e","n/e","n/e","n/e","n/e","n/e","n/e","n/e","n/e","n/e","3241","n/e","n/e","45","n/e","0","n/e","n/e","1263"
"BZN|SE1","16.12.2022 08:00 - 16.12.2022 09:00 (CET/CEST)","n/e","n/e","n/e","n/e","n/e","n/e","n/e","n/e","n/e","n/e","n/e","n/e","n/e","3237","n/e","n/e","44","n/e","0","n/e","n/e","1365"
"BZN|SE1","16.12.2022 09:00 - 16.12.2022 10:00 (CET/CEST)","n/e","n/e","n/e","n/e","n/e","n/e","n/e","n/e","n/e","n/e","n/e","n/e","n/e","3238","n/e","n/e","44","n/e","0","n/e","n/e","1397"
"BZN|SE1","16.12.2022 10:00 - 16.12.2022 11:00 (CET/CEST)","n/e","n/e","n/e","n/e","n/e","n/e","n/e","n/e","n/e","n/e","n/e","n/e","n/e","3219","n/e","n/e","45","n/e","0","n/e","n/e","1401"
"BZN|SE1","16.12.2022 11:00 - 16.12.2022 12:00 (CET/CEST)","n/e","n/e","n/e","n/e","n/e","n/e","n/e","n/e","n/e","n/e","n/e","n/e","n/e","3166","n/e","n/e","44","n/e","0","n/e","n/e","1505"
"BZN|SE1","16.12.2022 12:00 - 16.12.2022 13:00 (CET/CEST)","n/e","n/e","n/e","n/e","n/e","n/e","n/e","n/e","n/e","n/e","n/e","n/e","n/e","3149","n/e","n/e","42","n/e","0","n/e","n/e","1576"
"BZN|SE1","16.12.2022 13:00 - 16.12.2022 14:00 (CET/CEST)","n/e","n/e","n/e","n/e","n/e","n/e","n/e","n/e","n/e","n/e","n/e","n/e","n/e","3179","n/e","n/e","43","n/e","0","n/e","n/e","1618"
"BZN|SE1","16.12.2022 14:00 - 16.12.2022 15:00 (CET/CEST)","n/e","n/e","n/e","n/e","n/e","n/e","n/e","n/e","n/e","n/e","n/e","n/e","n/e","3162","n/e","n/e","44","n/e","0","n/e","n/e","1578"
"BZN|SE1","16.12.2022 15:00 - 16.12.2022 16:00 (CET/CEST)","n/e","n/e","n/e","n/e","n/e","n/e","n/e","n/e","n/e","n/e","n/e","n/e","n/e","3169","n/e","n/e","43","n/e","0","n/e","n/e","1562"
"BZN|SE1","16.12.2022 16:00 - 16.12.2022 17:00 (CET/CEST)","n/e","n/e","n/e","n/e","n/e","n/e","n/e","n/e","n/e","n/e","n/e","n/e","n/e","3133","n/e","n/e","45","n/e","0","n/e","n/e","1557"
"BZN|SE1","16.12.2022 17:00 - 16.12.2022 18:00 (CET/CEST)","n/e","n/e","n/e","n/e","n/e","n/e","n/e","n/e","n/e","n/e","n/e","n/e","n/e","3123","n/e","n/e","44","n/e","0","n/e","n/e","1605"
"BZN|SE1","16.12.2022 18:00 - 16.12.2022 19:00 (CET/CEST)","n/e","n/e","n/e","n/e","n/e","n/e","n/e","n/e","n/e","n/e","n/e","n/e","n/e","3117","n/e","n/e","44","n/e","0","n/e","n/e","1583"
"BZN|SE1","16.12.2022 19:00 - 16.12.2022 20:00 (CET/CEST)","n/e","n/e","n/e","n/e","n/e","n/e","n/e","n/e","n/e","n/e","n/e","n/e","n/e","3108","n/e","n/e","45","n/e","0","n/e","n/e","1583"
"BZN|SE1","16.12.2022 20:00 - 16.12.2022 21:00 (CET/CEST)","n/e","n/e","n/e","n/e","n/e","n/e","n/e","n/e","n/e","n/e","n/e","n/e","n/e","3103","n/e","n/e","46","n/e","0","n/e","n/e","1629"
"BZN|SE1","16.12.2022 21:00 - 16.12.2022 22:00 (CET/CEST)","n/e","n/e","n/e","n/e","n/e","n/e","n/e","n/e","n/e","n/e","n/e","n/e","n/e","3142","n/e","n/e","45","n/e","0","n/e","n/e","1621"
"BZN|SE1","16.12.2022 22:00 - 16.12.2022 23:00 (CET/CEST)","n/e","n/e","n/e","n/e","n/e","n/e","n/e","n/e","n/e","n/e","n/e","n/e","n/e","3117","n/e","n/e","45","n/e","0","n/e","n/e","1613"
"BZN|SE1","16.12.2022 23:00 - 17.12.2022 00:00 (CET/CEST)","n/e","n/e","n/e","n/e","n/e","n/e","n/e","n/e","n/e","n/e","n/e","n/e","n/e","3118","n/e","n/e","45","n/e","0","n/e","n/e","1605"
"BZN|SE1","17.12.2022 00:00 - 17.12.2022 01:00 (CET/CEST)","n/e","n/e","n/e","n/e","n/e","n/e","n/e","n/e","n/e","n/e","n/e","n/e","n/e","2929","n/e","n/e","44","n/e","0","n/e","n/e","1590"
"BZN|SE1","17.12.2022 01:00 - 17.12.2022 02:00 (CET/CEST)","n/e","n/e","n/e","n/e","n/e","n/e","n/e","n/e","n/e","n/e","n/e","n/e","n/e","2883","n/e","n/e","44","n/e","0","n/e","n/e","1574"
"BZN|SE1","17.12.2022 02:00 - 17.12.2022 03:00 (CET/CEST)","n/e","n/e","n/e","n/e","n/e","n/e","n/e","n/e","n/e","n/e","n/e","n/e","n/e","2876","n/e","n/e","44","n/e","0","n/e","n/e","1561"
"BZN|SE1","17.12.2022 03:00 - 17.12.2022 04:00 (CET/CEST)","n/e","n/e","n/e","n/e","n/e","n/e","n/e","n/e","n/e","n/e","n/e","n/e","n/e","2865","n/e","n/e","46","n/e","0","n/e","n/e","1559"
"BZN|SE1","17.12.2022 04:00 - 17.12.2022 05:00 (CET/CEST)","n/e","n/e","n/e","n/e","n/e","n/e","n/e","n/e","n/e","n/e","n/e","n/e","n/e","2826","n/e","n/e","46","n/e","0","n/e","n/e","1558"
"BZN|SE1","17.12.2022 05:00 - 17.12.2022 06:00 (CET/CEST)","n/e","n/e","n/e","n/e","n/e","n/e","n/e","n/e","n/e","n/e","n/e","n/e","n/e","2858","n/e","n/e","46","n/e","0","n/e","n/e","1477"
"BZN|SE1","17.12.2022 06:00 - 17.12.2022 07:00 (CET/CEST)","n/e","n/e","n/e","n/e","n/e","n/e","n/e","n/e","n/e","n/e","n/e","n/e","n/e","2950","n/e","n/e","46","n/e","0","n/e","n/e","1415"
"BZN|SE1","17.12.2022 07:00 - 17.12.2022 08:00 (CET/CEST)","n/e","n/e","n/e","n/e","n/e","n/e","n/e","n/e","n/e","n/e","n/e","n/e","n/e","3003","n/e","n/e","46","n/e","0","n/e","n/e","1384"
"BZN|SE1","17.12.2022 08:00 - 17.12.2022 09:00 (CET/CEST)","n/e","n/e","n/e","n/e","n/e","n/e","n/e","n/e","n/e","n/e","n/e","n/e","n/e","2995","n/e","n/e","45","n/e","0","n/e","n/e","1364"
"BZN|SE1","17.12.2022 09:00 - 17.12.2022 10:00 (CET/CEST)","n/e","n/e","n/e","n/e","n/e","n/e","n/e","n/e","n/e","n/e","n/e","n/e","n/e","3044","n/e","n/e","43","n/e","0","n/e","n/e","1325"
"BZN|SE1","17.12.2022 10:00 - 17.12.2022 11:00 (CET/CEST)","n/e","n/e","n/e","n/e","n/e","n/e","n/e","n/e","n/e","n/e","n/e","n/e","n/e","3060","n/e","n/e","43","n/e","0","n/e","n/e","1309"
"BZN|SE1","17.12.2022 11:00 - 17.12.2022 12:00 (CET/CEST)","n/e","n/e","n/e","n/e","n/e","n/e","n/e","n/e","n/e","n/e","n/e","n/e","n/e","3124","n/e","n/e","43","n/e","0","n/e","n/e","1302"
"BZN|SE1","17.12.2022 12:00 - 17.12.2022 13:00 (CET/CEST)","n/e","n/e","n/e","n/e","n/e","n/e","n/e","n/e","n/e","n/e","n/e","n/e","n/e","3065","n/e","n/e","41","n/e","0","n/e","n/e","1226"
"BZN|SE1","17.12.2022 13:00 - 17.12.2022 14:00 (CET/CEST)","n/e","n/e","n/e","n/e","n/e","n/e","n/e","n/e","n/e","n/e","n/e","n/e","n/e","3160","n/e","n/e","41","n/e","0","n/e","n/e","1222"
"BZN|SE1","17.12.2022 14:00 - 17.12.2022 15:00 (CET/CEST)","n/e","n/e","n/e","n/e","n/e","n/e","n/e","n/e","n/e","n/e","n/e","n/e","n/e","3151","n/e","n/e","42","n/e","0","n/e","n/e","1193"
"BZN|SE1","17.12.2022 15:00 - 17.12.2022 16:00 (CET/CEST)","n/e","n/e","n/e","n/e","n/e","n/e","n/e","n/e","n/e","n/e","n/e","n/e","n/e","3165","n/e","n/e","42","n/e","0","n/e","n/e","1225"
"BZN|SE1","17.12.2022 16:00 - 17.12.2022 17:00 (CET/CEST)","n/e","n/e","n/e","n/e","n/e","n/e","n/e","n/e","n/e","n/e","n/e","n/e","n/e","3167","n/e","n/e","43","n/e","0","n/e","n/e","1180"
"BZN|SE1","17.12.2022 17:00 - 17.12.2022 18:00 (CET/CEST)","n/e","n/e","n/e","n/e","n/e","n/e","n/e","n/e","n/e","n/e","n/e","n/e","n/e","3066","n/e","n/e","43","n/e","0","n/e","n/e","1167"
"BZN|SE1","17.12.2022 18:00 - 17.12.2022 19:00 (CET/CEST)","n/e","n/e","n/e","n/e","n/e","n/e","n/e","n/e","n/e","n/e","n/e","n/e","n/e","3124","n/e","n/e","43","n/e","0","n/e","n/e","1149"
"BZN|SE1","17.12.2022 19:00 - 17.12.2022 20:00 (CET/CEST)","n/e","n/e","n/e","n/e","n/e","n/e","n/e","n/e","n/e","n/e","n/e","n/e","n/e","3127","n/e","n/e","43","n/e","0","n/e","n/e","1077"
"BZN|SE1","17.12.2022 20:00 - 17.12.2022 21:00 (CET/CEST)","n/e","n/e","n/e","n/e","n/e","n/e","n/e","n/e","n/e","n/e","n/e","n/e","n/e","3111","n/e","n/e","43","n/e","0","n/e","n/e","1093"
"BZN|SE1","17.12.2022 21:00 - 17.12.2022 22:00 (CET/CEST)","n/e","n/e","n/e","n/e","n/e","n/e","n/e","n/e","n/e","n/e","n/e","n/e","n/e","3120","n/e","n/e","43","n/e","0","n/e","n/e","929"
"BZN|SE1","17.12.2022 22:00 - 17.12.2022 23:00 (CET/CEST)","n/e","n/e","n/e","n/e","n/e","n/e","n/e","n/e","n/e","n/e","n/e","n/e","n/e","3016","n/e","n/e","43","n/e","0","n/e","n/e","702"
"BZN|SE1","17.12.2022 23:00 - 18.12.2022 00:00 (CET/CEST)","n/e","n/e","n/e","n/e","n/e","n/e","n/e","n/e","n/e","n/e","n/e","n/e","n/e","3015","n/e","n/e","43","n/e","0","n/e","n/e","556"
"BZN|SE1","18.12.2022 00:00 - 18.12.2022 01:00 (CET/CEST)","n/e","n/e","n/e","n/e","n/e","n/e","n/e","n/e","n/e","n/e","n/e","n/e","n/e","3202","n/e","n/e","41","n/e","0","n/e","n/e","393"
"BZN|SE1","18.12.2022 01:00 - 18.12.2022 02:00 (CET/CEST)","n/e","n/e","n/e","n/e","n/e","n/e","n/e","n/e","n/e","n/e","n/e","n/e","n/e","3185","n/e","n/e","42","n/e","0","n/e","n/e","343"
"BZN|SE1","18.12.2022 02:00 - 18.12.2022 03:00 (CET/CEST)","n/e","n/e","n/e","n/e","n/e","n/e","n/e","n/e","n/e","n/e","n/e","n/e","n/e","3179","n/e","n/e","42","n/e","0","n/e","n/e","267"
"BZN|SE1","18.12.2022 03:00 - 18.12.2022 04:00 (CET/CEST)","n/e","n/e","n/e","n/e","n/e","n/e","n/e","n/e","n/e","n/e","n/e","n/e","n/e","3155","n/e","n/e","44","n/e","0","n/e","n/e","230"
"BZN|SE1","18.12.2022 04:00 - 18.12.2022 05:00 (CET/CEST)","n/e","n/e","n/e","n/e","n/e","n/e","n/e","n/e","n/e","n/e","n/e","n/e","n/e","3025","n/e","n/e","44","n/e","0","n/e","n/e","288"
"BZN|SE1","18.12.2022 05:00 - 18.12.2022 06:00 (CET/CEST)","n/e","n/e","n/e","n/e","n/e","n/e","n/e","n/e","n/e","n/e","n/e","n/e","n/e","3048","n/e","n/e","44","n/e","0","n/e","n/e","311"
"BZN|SE1","18.12.2022 06:00 - 18.12.2022 07:00 (CET/CEST)","n/e","n/e","n/e","n/e","n/e","n/e","n/e","n/e","n/e","n/e","n/e","n/e","n/e","2948","n/e","n/e","44","n/e","0","n/e","n/e","377"
"BZN|SE1","18.12.2022 07:00 - 18.12.2022 08:00 (CET/CEST)","n/e","n/e","n/e","n/e","n/e","n/e","n/e","n/e","n/e","n/e","n/e","n/e","n/e","2941","n/e","n/e","44","n/e","0","n/e","n/e","533"
"BZN|SE1","18.12.2022 08:00 - 18.12.2022 09:00 (CET/CEST)","n/e","n/e","n/e","n/e","n/e","n/e","n/e","n/e","n/e","n/e","n/e","n/e","n/e","2950","n/e","n/e","43","n/e","0","n/e","n/e","684"
"BZN|SE1","18.12.2022 09:00 - 18.12.2022 10:00 (CET/CEST)","n/e","n/e","n/e","n/e","n/e","n/e","n/e","n/e","n/e","n/e","n/e","n/e","n/e","2960","n/e","n/e","44","n/e","0","n/e","n/e","763"
"BZN|SE1","18.12.2022 10:00 - 18.12.2022 11:00 (CET/CEST)","n/e","n/e","n/e","n/e","n/e","n/e","n/e","n/e","n/e","n/e","n/e","n/e","n/e","3011","n/e","n/e","44","n/e","0","n/e","n/e","852"
"BZN|SE1","18.12.2022 11:00 - 18.12.2022 12:00 (CET/CEST)","n/e","n/e","n/e","n/e","n/e","n/e","n/e","n/e","n/e","n/e","n/e","n/e","n/e","3008","n/e","n/e","44","n/e","0","n/e","n/e","707"
"BZN|SE1","18.12.2022 12:00 - 18.12.2022 13:00 (CET/CEST)","n/e","n/e","n/e","n/e","n/e","n/e","n/e","n/e","n/e","n/e","n/e","n/e","n/e","2998","n/e","n/e","42","n/e","0","n/e","n/e","539"
"BZN|SE1","18.12.2022 13:00 - 18.12.2022 14:00 (CET/CEST)","n/e","n/e","n/e","n/e","n/e","n/e","n/e","n/e","n/e","n/e","n/e","n/e","n/e","2975","n/e","n/e","45","n/e","0","n/e","n/e","400"
"BZN|SE1","18.12.2022 14:00 - 18.12.2022 15:00 (CET/CEST)","n/e","n/e","n/e","n/e","n/e","n/e","n/e","n/e","n/e","n/e","n/e","n/e","n/e","2969","n/e","n/e","45","n/e","0","n/e","n/e","320"
"BZN|SE1","18.12.2022 15:00 - 18.12.2022 16:00 (CET/CEST)","n/e","n/e","n/e","n/e","n/e","n/e","n/e","n/e","n/e","n/e","n/e","n/e","n/e","2938","n/e","n/e","45","n/e","0","n/e","n/e","286"
"BZN|SE1","18.12.2022 16:00 - 18.12.2022 17:00 (CET/CEST)","n/e","n/e","n/e","n/e","n/e","n/e","n/e","n/e","n/e","n/e","n/e","n/e","n/e","2922","n/e","n/e","45","n/e","0","n/e","n/e","267"
"BZN|SE1","18.12.2022 17:00 - 18.12.2022 18:00 (CET/CEST)","n/e","n/e","n/e","n/e","n/e","n/e","n/e","n/e","n/e","n/e","n/e","n/e","n/e","2882","n/e","n/e","45","n/e","0","n/e","n/e","429"
"BZN|SE1","18.12.2022 18:00 - 18.12.2022 19:00 (CET/CEST)","n/e","n/e","n/e","n/e","n/e","n/e","n/e","n/e","n/e","n/e","n/e","n/e","n/e","2812","n/e","n/e","45","n/e","0","n/e","n/e","612"
"BZN|SE1","18.12.2022 19:00 - 18.12.2022 20:00 (CET/CEST)","n/e","n/e","n/e","n/e","n/e","n/e","n/e","n/e","n/e","n/e","n/e","n/e","n/e","2795","n/e","n/e","46","n/e","0","n/e","n/e","756"
"BZN|SE1","18.12.2022 20:00 - 18.12.2022 21:00 (CET/CEST)","n/e","n/e","n/e","n/e","n/e","n/e","n/e","n/e","n/e","n/e","n/e","n/e","n/e","2724","n/e","n/e","46","n/e","0","n/e","n/e","990"
"BZN|SE1","18.12.2022 21:00 - 18.12.2022 22:00 (CET/CEST)","n/e","n/e","n/e","n/e","n/e","n/e","n/e","n/e","n/e","n/e","n/e","n/e","n/e","2702","n/e","n/e","46","n/e","0","n/e","n/e","1197"
"BZN|SE1","18.12.2022 22:00 - 18.12.2022 23:00 (CET/CEST)","n/e","n/e","n/e","n/e","n/e","n/e","n/e","n/e","n/e","n/e","n/e","n/e","n/e","2687","n/e","n/e","46","n/e","0","n/e","n/e","1334"
"BZN|SE1","18.12.2022 23:00 - 19.12.2022 00:00 (CET/CEST)","n/e","n/e","n/e","n/e","n/e","n/e","n/e","n/e","n/e","n/e","n/e","n/e","n/e","2675","n/e","n/e","46","n/e","0","n/e","n/e","1338"
"BZN|SE1","19.12.2022 00:00 - 19.12.2022 01:00 (CET/CEST)","n/e","n/e","n/e","n/e","n/e","n/e","n/e","n/e","n/e","n/e","n/e","n/e","n/e","2658","n/e","n/e","43","n/e","0","n/e","n/e","1437"
"BZN|SE1","19.12.2022 01:00 - 19.12.2022 02:00 (CET/CEST)","n/e","n/e","n/e","n/e","n/e","n/e","n/e","n/e","n/e","n/e","n/e","n/e","n/e","2693","n/e","n/e","43","n/e","0","n/e","n/e","1520"
"BZN|SE1","19.12.2022 02:00 - 19.12.2022 03:00 (CET/CEST)","n/e","n/e","n/e","n/e","n/e","n/e","n/e","n/e","n/e","n/e","n/e","n/e","n/e","2704","n/e","n/e","43","n/e","0","n/e","n/e","1527"
"BZN|SE1","19.12.2022 03:00 - 19.12.2022 04:00 (CET/CEST)","n/e","n/e","n/e","n/e","n/e","n/e","n/e","n/e","n/e","n/e","n/e","n/e","n/e","2687","n/e","n/e","46","n/e","0","n/e","n/e","1532"
"BZN|SE1","19.12.2022 04:00 - 19.12.2022 05:00 (CET/CEST)","n/e","n/e","n/e","n/e","n/e","n/e","n/e","n/e","n/e","n/e","n/e","n/e","n/e","2844","n/e","n/e","46","n/e","0","n/e","n/e","1533"
"BZN|SE1","19.12.2022 05:00 - 19.12.2022 06:00 (CET/CEST)","n/e","n/e","n/e","n/e","n/e","n/e","n/e","n/e","n/e","n/e","n/e","n/e","n/e","2920","n/e","n/e","46","n/e","0","n/e","n/e","1545"
"BZN|SE1","19.12.2022 06:00 - 19.12.2022 07:00 (CET/CEST)","n/e","n/e","n/e","n/e","n/e","n/e","n/e","n/e","n/e","n/e","n/e","n/e","n/e","2935","n/e","n/e","46","n/e","0","n/e","n/e","1533"
"BZN|SE1","19.12.2022 07:00 - 19.12.2022 08:00 (CET/CEST)","n/e","n/e","n/e","n/e","n/e","n/e","n/e","n/e","n/e","n/e","n/e","n/e","n/e","2996","n/e","n/e","46","n/e","0","n/e","n/e","1532"
"BZN|SE1","19.12.2022 08:00 - 19.12.2022 09:00 (CET/CEST)","n/e","n/e","n/e","n/e","n/e","n/e","n/e","n/e","n/e","n/e","n/e","n/e","n/e","3016","n/e","n/e","46","n/e","0","n/e","n/e","1488"
"BZN|SE1","19.12.2022 09:00 - 19.12.2022 10:00 (CET/CEST)","n/e","n/e","n/e","n/e","n/e","n/e","n/e","n/e","n/e","n/e","n/e","n/e","n/e","3025","n/e","n/e","46","n/e","0","n/e","n/e","1532"
"BZN|SE1","19.12.2022 10:00 - 19.12.2022 11:00 (CET/CEST)","n/e","n/e","n/e","n/e","n/e","n/e","n/e","n/e","n/e","n/e","n/e","n/e","n/e","3081","n/e","n/e","46","n/e","0","n/e","n/e","1554"
"BZN|SE1","19.12.2022 11:00 - 19.12.2022 12:00 (CET/CEST)","n/e","n/e","n/e","n/e","n/e","n/e","n/e","n/e","n/e","n/e","n/e","n/e","n/e","3094","n/e","n/e","46","n/e","0","n/e","n/e","1543"
"BZN|SE1","19.12.2022 12:00 - 19.12.2022 13:00 (CET/CEST)","n/e","n/e","n/e","n/e","n/e","n/e","n/e","n/e","n/e","n/e","n/e","n/e","n/e","3166","n/e","n/e","43","n/e","0","n/e","n/e","1511"
"BZN|SE1","19.12.2022 13:00 - 19.12.2022 14:00 (CET/CEST)","n/e","n/e","n/e","n/e","n/e","n/e","n/e","n/e","n/e","n/e","n/e","n/e","n/e","3227","n/e","n/e","45","n/e","0","n/e","n/e","1431"
"BZN|SE1","19.12.2022 14:00 - 19.12.2022 15:00 (CET/CEST)","n/e","n/e","n/e","n/e","n/e","n/e","n/e","n/e","n/e","n/e","n/e","n/e","n/e","3294","n/e","n/e","46","n/e","0","n/e","n/e","1317"
"BZN|SE1","19.12.2022 15:00 - 19.12.2022 16:00 (CET/CEST)","n/e","n/e","n/e","n/e","n/e","n/e","n/e","n/e","n/e","n/e","n/e","n/e","n/e","3445","n/e","n/e","45","n/e","0","n/e","n/e","1094"
"BZN|SE1","19.12.2022 16:00 - 19.12.2022 17:00 (CET/CEST)","n/e","n/e","n/e","n/e","n/e","n/e","n/e","n/e","n/e","n/e","n/e","n/e","n/e","3463","n/e","n/e","45","n/e","0","n/e","n/e","883"
"BZN|SE1","19.12.2022 17:00 - 19.12.2022 18:00 (CET/CEST)","n/e","n/e","n/e","n/e","n/e","n/e","n/e","n/e","n/e","n/e","n/e","n/e","n/e","3559","n/e","n/e","45","n/e","0","n/e","n/e","658"
"BZN|SE1","19.12.2022 18:00 - 19.12.2022 19:00 (CET/CEST)","n/e","n/e","n/e","n/e","n/e","n/e","n/e","n/e","n/e","n/e","n/e","n/e","n/e","3652","n/e","n/e","45","n/e","0","n/e","n/e","406"
"BZN|SE1","19.12.2022 19:00 - 19.12.2022 20:00 (CET/CEST)","n/e","n/e","n/e","n/e","n/e","n/e","n/e","n/e","n/e","n/e","n/e","n/e","n/e","3651","n/e","n/e","46","n/e","0","n/e","n/e","282"
"BZN|SE1","19.12.2022 20:00 - 19.12.2022 21:00 (CET/CEST)","n/e","n/e","n/e","n/e","n/e","n/e","n/e","n/e","n/e","n/e","n/e","n/e","n/e","3733","n/e","n/e","46","n/e","0","n/e","n/e","142"
"BZN|SE1","19.12.2022 21:00 - 19.12.2022 22:00 (CET/CEST)","n/e","n/e","n/e","n/e","n/e","n/e","n/e","n/e","n/e","n/e","n/e","n/e","n/e","3662","n/e","n/e","46","n/e","0","n/e","n/e","82"
"BZN|SE1","19.12.2022 22:00 - 19.12.2022 23:00 (CET/CEST)","n/e","n/e","n/e","n/e","n/e","n/e","n/e","n/e","n/e","n/e","n/e","n/e","n/e","3462","n/e","n/e","46","n/e","0","n/e","n/e","113"
"BZN|SE1","19.12.2022 23:00 - 20.12.2022 00:00 (CET/CEST)","n/e","n/e","n/e","n/e","n/e","n/e","n/e","n/e","n/e","n/e","n/e","n/e","n/e","3037","n/e","n/e","46","n/e","0","n/e","n/e","155"
"BZN|SE1","20.12.2022 00:00 - 20.12.2022 01:00 (CET/CEST)","n/e","n/e","n/e","n/e","n/e","n/e","n/e","n/e","n/e","n/e","n/e","n/e","n/e","2827","n/e","n/e","42","n/e","0","n/e","n/e","190"
"BZN|SE1","20.12.2022 01:00 - 20.12.2022 02:00 (CET/CEST)","n/e","n/e","n/e","n/e","n/e","n/e","n/e","n/e","n/e","n/e","n/e","n/e","n/e","2819","n/e","n/e","42","n/e","0","n/e","n/e","210"
"BZN|SE1","20.12.2022 02:00 - 20.12.2022 03:00 (CET/CEST)","n/e","n/e","n/e","n/e","n/e","n/e","n/e","n/e","n/e","n/e","n/e","n/e","n/e","2798","n/e","n/e","42","n/e","0","n/e","n/e","245"
"BZN|SE1","20.12.2022 03:00 - 20.12.2022 04:00 (CET/CEST)","n/e","n/e","n/e","n/e","n/e","n/e","n/e","n/e","n/e","n/e","n/e","n/e","n/e","2680","n/e","n/e","45","n/e","0","n/e","n/e","304"
"BZN|SE1","20.12.2022 04:00 - 20.12.2022 05:00 (CET/CEST)","n/e","n/e","n/e","n/e","n/e","n/e","n/e","n/e","n/e","n/e","n/e","n/e","n/e","2762","n/e","n/e","45","n/e","0","n/e","n/e","349"
"BZN|SE1","20.12.2022 05:00 - 20.12.2022 06:00 (CET/CEST)","n/e","n/e","n/e","n/e","n/e","n/e","n/e","n/e","n/e","n/e","n/e","n/e","n/e","2784","n/e","n/e","45","n/e","0","n/e","n/e","414"
"BZN|SE1","20.12.2022 06:00 - 20.12.2022 07:00 (CET/CEST)","n/e","n/e","n/e","n/e","n/e","n/e","n/e","n/e","n/e","n/e","n/e","n/e","n/e","2986","n/e","n/e","45","n/e","0","n/e","n/e","500"
"BZN|SE1","20.12.2022 07:00 - 20.12.2022 08:00 (CET/CEST)","n/e","n/e","n/e","n/e","n/e","n/e","n/e","n/e","n/e","n/e","n/e","n/e","n/e","3008","n/e","n/e","45","n/e","0","n/e","n/e","566"
"BZN|SE1","20.12.2022 08:00 - 20.12.2022 09:00 (CET/CEST)","n/e","n/e","n/e","n/e","n/e","n/e","n/e","n/e","n/e","n/e","n/e","n/e","n/e","2961","n/e","n/e","45","n/e","0","n/e","n/e","609"
"BZN|SE1","20.12.2022 09:00 - 20.12.2022 10:00 (CET/CEST)","n/e","n/e","n/e","n/e","n/e","n/e","n/e","n/e","n/e","n/e","n/e","n/e","n/e","2966","n/e","n/e","45","n/e","0","n/e","n/e","705"
"BZN|SE1","20.12.2022 10:00 - 20.12.2022 11:00 (CET/CEST)","n/e","n/e","n/e","n/e","n/e","n/e","n/e","n/e","n/e","n/e","n/e","n/e","n/e","3041","n/e","n/e","45","n/e","0","n/e","n/e","747"
"BZN|SE1","20.12.2022 11:00 - 20.12.2022 12:00 (CET/CEST)","n/e","n/e","n/e","n/e","n/e","n/e","n/e","n/e","n/e","n/e","n/e","n/e","n/e","3068","n/e","n/e","45","n/e","0","n/e","n/e","805"
"BZN|SE1","20.12.2022 12:00 - 20.12.2022 13:00 (CET/CEST)","n/e","n/e","n/e","n/e","n/e","n/e","n/e","n/e","n/e","n/e","n/e","n/e","n/e","3182","n/e","n/e","42","n/e","0","n/e","n/e","825"
"BZN|SE1","20.12.2022 13:00 - 20.12.2022 14:00 (CET/CEST)","n/e","n/e","n/e","n/e","n/e","n/e","n/e","n/e","n/e","n/e","n/e","n/e","n/e","3209","n/e","n/e","45","n/e","0","n/e","n/e","741"
"BZN|SE1","20.12.2022 14:00 - 20.12.2022 15:00 (CET/CEST)","n/e","n/e","n/e","n/e","n/e","n/e","n/e","n/e","n/e","n/e","n/e","n/e","n/e","3420","n/e","n/e","45","n/e","0","n/e","n/e","707"
"BZN|SE1","20.12.2022 15:00 - 20.12.2022 16:00 (CET/CEST)","n/e","n/e","n/e","n/e","n/e","n/e","n/e","n/e","n/e","n/e","n/e","n/e","n/e","3513","n/e","n/e","49","n/e","0","n/e","n/e","587"
"BZN|SE1","20.12.2022 16:00 - 20.12.2022 17:00 (CET/CEST)","n/e","n/e","n/e","n/e","n/e","n/e","n/e","n/e","n/e","n/e","n/e","n/e","n/e","3626","n/e","n/e","49","n/e","0","n/e","n/e","531"
"BZN|SE1","20.12.2022 17:00 - 20.12.2022 18:00 (CET/CEST)","n/e","n/e","n/e","n/e","n/e","n/e","n/e","n/e","n/e","n/e","n/e","n/e","n/e","3698","n/e","n/e","49","n/e","0","n/e","n/e","386"
"BZN|SE1","20.12.2022 18:00 - 20.12.2022 19:00 (CET/CEST)","n/e","n/e","n/e","n/e","n/e","n/e","n/e","n/e","n/e","n/e","n/e","n/e","n/e","3703","n/e","n/e","49","n/e","0","n/e","n/e","332"
"BZN|SE1","20.12.2022 19:00 - 20.12.2022 20:00 (CET/CEST)","n/e","n/e","n/e","n/e","n/e","n/e","n/e","n/e","n/e","n/e","n/e","n/e","n/e","3663","n/e","n/e","49","n/e","0","n/e","n/e","273"
"BZN|SE1","20.12.2022 20:00 - 20.12.2022 21:00 (CET/CEST)","n/e","n/e","n/e","n/e","n/e","n/e","n/e","n/e","n/e","n/e","n/e","n/e","n/e","3563","n/e","n/e","49","n/e","0","n/e","n/e","221"
"BZN|SE1","20.12.2022 21:00 - 20.12.2022 22:00 (CET/CEST)","n/e","n/e","n/e","n/e","n/e","n/e","n/e","n/e","n/e","n/e","n/e","n/e","n/e","3578","n/e","n/e","49","n/e","0","n/e","n/e","167"
"BZN|SE1","20.12.2022 22:00 - 20.12.2022 23:00 (CET/CEST)","n/e","n/e","n/e","n/e","n/e","n/e","n/e","n/e","n/e","n/e","n/e","n/e","n/e","3384","n/e","n/e","49","n/e","0","n/e","n/e","139"
"BZN|SE1","20.12.2022 23:00 - 21.12.2022 00:00 (CET/CEST)","n/e","n/e","n/e","n/e","n/e","n/e","n/e","n/e","n/e","n/e","n/e","n/e","n/e","3361","n/e","n/e","45","n/e","0","n/e","n/e","139"
"BZN|SE1","21.12.2022 00:00 - 21.12.2022 01:00 (CET/CEST)","n/e","n/e","n/e","n/e","n/e","n/e","n/e","n/e","n/e","n/e","n/e","n/e","n/e","3013","n/e","n/e","42","n/e","0","n/e","n/e","101"
"BZN|SE1","21.12.2022 01:00 - 21.12.2022 02:00 (CET/CEST)","n/e","n/e","n/e","n/e","n/e","n/e","n/e","n/e","n/e","n/e","n/e","n/e","n/e","3007","n/e","n/e","42","n/e","0","n/e","n/e","81"
"BZN|SE1","21.12.2022 02:00 - 21.12.2022 03:00 (CET/CEST)","n/e","n/e","n/e","n/e","n/e","n/e","n/e","n/e","n/e","n/e","n/e","n/e","n/e","2971","n/e","n/e","42","n/e","0","n/e","n/e","73"
"BZN|SE1","21.12.2022 03:00 - 21.12.2022 04:00 (CET/CEST)","n/e","n/e","n/e","n/e","n/e","n/e","n/e","n/e","n/e","n/e","n/e","n/e","n/e","2988","n/e","n/e","46","n/e","0","n/e","n/e","70"
"BZN|SE1","21.12.2022 04:00 - 21.12.2022 05:00 (CET/CEST)","n/e","n/e","n/e","n/e","n/e","n/e","n/e","n/e","n/e","n/e","n/e","n/e","n/e","3004","n/e","n/e","46","n/e","0","n/e","n/e","79"
"BZN|SE1","21.12.2022 05:00 - 21.12.2022 06:00 (CET/CEST)","n/e","n/e","n/e","n/e","n/e","n/e","n/e","n/e","n/e","n/e","n/e","n/e","n/e","3050","n/e","n/e","45","n/e","0","n/e","n/e","69"
"BZN|SE1","21.12.2022 06:00 - 21.12.2022 07:00 (CET/CEST)","n/e","n/e","n/e","n/e","n/e","n/e","n/e","n/e","n/e","n/e","n/e","n/e","n/e","3258","n/e","n/e","49","n/e","0","n/e","n/e","57"
"BZN|SE1","21.12.2022 07:00 - 21.12.2022 08:00 (CET/CEST)","n/e","n/e","n/e","n/e","n/e","n/e","n/e","n/e","n/e","n/e","n/e","n/e","n/e","3606","n/e","n/e","49","n/e","0","n/e","n/e","55"
"BZN|SE1","21.12.2022 08:00 - 21.12.2022 09:00 (CET/CEST)","n/e","n/e","n/e","n/e","n/e","n/e","n/e","n/e","n/e","n/e","n/e","n/e","n/e","3641","n/e","n/e","49","n/e","0","n/e","n/e","50"
"BZN|SE1","21.12.2022 09:00 - 21.12.2022 10:00 (CET/CEST)","n/e","n/e","n/e","n/e","n/e","n/e","n/e","n/e","n/e","n/e","n/e","n/e","n/e","3625","n/e","n/e","49","n/e","0","n/e","n/e","46"
"BZN|SE1","21.12.2022 10:00 - 21.12.2022 11:00 (CET/CEST)","n/e","n/e","n/e","n/e","n/e","n/e","n/e","n/e","n/e","n/e","n/e","n/e","n/e","3609","n/e","n/e","49","n/e","0","n/e","n/e","37"
"BZN|SE1","21.12.2022 11:00 - 21.12.2022 12:00 (CET/CEST)","n/e","n/e","n/e","n/e","n/e","n/e","n/e","n/e","n/e","n/e","n/e","n/e","n/e","3568","n/e","n/e","49","n/e","0","n/e","n/e","33"
"BZN|SE1","21.12.2022 12:00 - 21.12.2022 13:00 (CET/CEST)","n/e","n/e","n/e","n/e","n/e","n/e","n/e","n/e","n/e","n/e","n/e","n/e","n/e","3531","n/e","n/e","46","n/e","0","n/e","n/e","34"
"BZN|SE1","21.12.2022 13:00 - 21.12.2022 14:00 (CET/CEST)","n/e","n/e","n/e","n/e","n/e","n/e","n/e","n/e","n/e","n/e","n/e","n/e","n/e","3497","n/e","n/e","49","n/e","0","n/e","n/e","33"
"BZN|SE1","21.12.2022 14:00 - 21.12.2022 15:00 (CET/CEST)","n/e","n/e","n/e","n/e","n/e","n/e","n/e","n/e","n/e","n/e","n/e","n/e","n/e","3499","n/e","n/e","49","n/e","0","n/e","n/e","33"
"BZN|SE1","21.12.2022 15:00 - 21.12.2022 16:00 (CET/CEST)","n/e","n/e","n/e","n/e","n/e","n/e","n/e","n/e","n/e","n/e","n/e","n/e","n/e","3545","n/e","n/e","49","n/e","0","n/e","n/e","37"
"BZN|SE1","21.12.2022 16:00 - 21.12.2022 17:00 (CET/CEST)","n/e","n/e","n/e","n/e","n/e","n/e","n/e","n/e","n/e","n/e","n/e","n/e","n/e","3504","n/e","n/e","49","n/e","0","n/e","n/e","44"
"BZN|SE1","21.12.2022 17:00 - 21.12.2022 18:00 (CET/CEST)","n/e","n/e","n/e","n/e","n/e","n/e","n/e","n/e","n/e","n/e","n/e","n/e","n/e","3504","n/e","n/e","49","n/e","0","n/e","n/e","38"
"BZN|SE1","21.12.2022 18:00 - 21.12.2022 19:00 (CET/CEST)","n/e","n/e","n/e","n/e","n/e","n/e","n/e","n/e","n/e","n/e","n/e","n/e","n/e","3541","n/e","n/e","49","n/e","0","n/e","n/e","43"
"BZN|SE1","21.12.2022 19:00 - 21.12.2022 20:00 (CET/CEST)","n/e","n/e","n/e","n/e","n/e","n/e","n/e","n/e","n/e","n/e","n/e","n/e","n/e","3387","n/e","n/e","49","n/e","0","n/e","n/e","57"
"BZN|SE1","21.12.2022 20:00 - 21.12.2022 21:00 (CET/CEST)","n/e","n/e","n/e","n/e","n/e","n/e","n/e","n/e","n/e","n/e","n/e","n/e","n/e","3367","n/e","n/e","49","n/e","0","n/e","n/e","63"
"BZN|SE1","21.12.2022 21:00 - 21.12.2022 22:00 (CET/CEST)","n/e","n/e","n/e","n/e","n/e","n/e","n/e","n/e","n/e","n/e","n/e","n/e","n/e","3067","n/e","n/e","49","n/e","0","n/e","n/e","68"
"BZN|SE1","21.12.2022 22:00 - 21.12.2022 23:00 (CET/CEST)","n/e","n/e","n/e","n/e","n/e","n/e","n/e","n/e","n/e","n/e","n/e","n/e","n/e","3068","n/e","n/e","46","n/e","0","n/e","n/e","85"
"BZN|SE1","21.12.2022 23:00 - 22.12.2022 00:00 (CET/CEST)","n/e","n/e","n/e","n/e","n/e","n/e","n/e","n/e","n/e","n/e","n/e","n/e","n/e","3019","n/e","n/e","46","n/e","0","n/e","n/e","131"
"BZN|SE1","22.12.2022 00:00 - 22.12.2022 01:00 (CET/CEST)","n/e","n/e","n/e","n/e","n/e","n/e","n/e","n/e","n/e","n/e","n/e","n/e","n/e","2989","n/e","n/e","39","n/e","0","n/e","n/e","133"
"BZN|SE1","22.12.2022 01:00 - 22.12.2022 02:00 (CET/CEST)","n/e","n/e","n/e","n/e","n/e","n/e","n/e","n/e","n/e","n/e","n/e","n/e","n/e","2874","n/e","n/e","39","n/e","0","n/e","n/e","151"
"BZN|SE1","22.12.2022 02:00 - 22.12.2022 03:00 (CET/CEST)","n/e","n/e","n/e","n/e","n/e","n/e","n/e","n/e","n/e","n/e","n/e","n/e","n/e","2791","n/e","n/e","39","n/e","0","n/e","n/e","218"
"BZN|SE1","22.12.2022 03:00 - 22.12.2022 04:00 (CET/CEST)","n/e","n/e","n/e","n/e","n/e","n/e","n/e","n/e","n/e","n/e","n/e","n/e","n/e","2778","n/e","n/e","42","n/e","0","n/e","n/e","234"
"BZN|SE1","22.12.2022 04:00 - 22.12.2022 05:00 (CET/CEST)","n/e","n/e","n/e","n/e","n/e","n/e","n/e","n/e","n/e","n/e","n/e","n/e","n/e","2786","n/e","n/e","42","n/e","0","n/e","n/e","283"
"BZN|SE1","22.12.2022 05:00 - 22.12.2022 06:00 (CET/CEST)","n/e","n/e","n/e","n/e","n/e","n/e","n/e","n/e","n/e","n/e","n/e","n/e","n/e","3148","n/e","n/e","42","n/e","0","n/e","n/e","363"
"BZN|SE1","22.12.2022 06:00 - 22.12.2022 07:00 (CET/CEST)","n/e","n/e","n/e","n/e","n/e","n/e","n/e","n/e","n/e","n/e","n/e","n/e","n/e","3809","n/e","n/e","46","n/e","0","n/e","n/e","350"
"BZN|SE1","22.12.2022 07:00 - 22.12.2022 08:00 (CET/CEST)","n/e","n/e","n/e","n/e","n/e","n/e","n/e","n/e","n/e","n/e","n/e","n/e","n/e","3835","n/e","n/e","46","n/e","0","n/e","n/e","323"
"BZN|SE1","22.12.2022 08:00 - 22.12.2022 09:00 (CET/CEST)","n/e","n/e","n/e","n/e","n/e","n/e","n/e","n/e","n/e","n/e","n/e","n/e","n/e","3837","n/e","n/e","45","n/e","0","n/e","n/e","342"
"BZN|SE1","22.12.2022 09:00 - 22.12.2022 10:00 (CET/CEST)","n/e","n/e","n/e","n/e","n/e","n/e","n/e","n/e","n/e","n/e","n/e","n/e","n/e","3850","n/e","n/e","45","n/e","0","n/e","n/e","349"
"BZN|SE1","22.12.2022 10:00 - 22.12.2022 11:00 (CET/CEST)","n/e","n/e","n/e","n/e","n/e","n/e","n/e","n/e","n/e","n/e","n/e","n/e","n/e","3556","n/e","n/e","45","n/e","0","n/e","n/e","321"
"BZN|SE1","22.12.2022 11:00 - 22.12.2022 12:00 (CET/CEST)","n/e","n/e","n/e","n/e","n/e","n/e","n/e","n/e","n/e","n/e","n/e","n/e","n/e","3335","n/e","n/e","41","n/e","0","n/e","n/e","280"
"BZN|SE1","22.12.2022 12:00 - 22.12.2022 13:00 (CET/CEST)","n/e","n/e","n/e","n/e","n/e","n/e","n/e","n/e","n/e","n/e","n/e","n/e","n/e","3328","n/e","n/e","38","n/e","0","n/e","n/e","250"
"BZN|SE1","22.12.2022 13:00 - 22.12.2022 14:00 (CET/CEST)","n/e","n/e","n/e","n/e","n/e","n/e","n/e","n/e","n/e","n/e","n/e","n/e","n/e","3217","n/e","n/e","41","n/e","0","n/e","n/e","222"
"BZN|SE1","22.12.2022 14:00 - 22.12.2022 15:00 (CET/CEST)","n/e","n/e","n/e","n/e","n/e","n/e","n/e","n/e","n/e","n/e","n/e","n/e","n/e","3097","n/e","n/e","42","n/e","0","n/e","n/e","275"
"BZN|SE1","22.12.2022 15:00 - 22.12.2022 16:00 (CET/CEST)","n/e","n/e","n/e","n/e","n/e","n/e","n/e","n/e","n/e","n/e","n/e","n/e","n/e","3102","n/e","n/e","41","n/e","0","n/e","n/e","364"
"BZN|SE1","22.12.2022 16:00 - 22.12.2022 17:00 (CET/CEST)","n/e","n/e","n/e","n/e","n/e","n/e","n/e","n/e","n/e","n/e","n/e","n/e","n/e","2914","n/e","n/e","42","n/e","0","n/e","n/e","498"
"BZN|SE1","22.12.2022 17:00 - 22.12.2022 18:00 (CET/CEST)","n/e","n/e","n/e","n/e","n/e","n/e","n/e","n/e","n/e","n/e","n/e","n/e","n/e","2930","n/e","n/e","42","n/e","0","n/e","n/e","552"
"BZN|SE1","22.12.2022 18:00 - 22.12.2022 19:00 (CET/CEST)","n/e","n/e","n/e","n/e","n/e","n/e","n/e","n/e","n/e","n/e","n/e","n/e","n/e","2963","n/e","n/e","42","n/e","0","n/e","n/e","765"
"BZN|SE1","22.12.2022 19:00 - 22.12.2022 20:00 (CET/CEST)","n/e","n/e","n/e","n/e","n/e","n/e","n/e","n/e","n/e","n/e","n/e","n/e","n/e","2978","n/e","n/e","42","n/e","0","n/e","n/e","894"
"BZN|SE1","22.12.2022 20:00 - 22.12.2022 21:00 (CET/CEST)","n/e","n/e","n/e","n/e","n/e","n/e","n/e","n/e","n/e","n/e","n/e","n/e","n/e","3157","n/e","n/e","42","n/e","0","n/e","n/e","901"
"BZN|SE1","22.12.2022 21:00 - 22.12.2022 22:00 (CET/CEST)","n/e","n/e","n/e","n/e","n/e","n/e","n/e","n/e","n/e","n/e","n/e","n/e","n/e","3051","n/e","n/e","42","n/e","0","n/e","n/e","907"
"BZN|SE1","22.12.2022 22:00 - 22.12.2022 23:00 (CET/CEST)","n/e","n/e","n/e","n/e","n/e","n/e","n/e","n/e","n/e","n/e","n/e","n/e","n/e","2965","n/e","n/e","42","n/e","0","n/e","n/e","959"
"BZN|SE1","22.12.2022 23:00 - 23.12.2022 00:00 (CET/CEST)","n/e","n/e","n/e","n/e","n/e","n/e","n/e","n/e","n/e","n/e","n/e","n/e","n/e","2909","n/e","n/e","42","n/e","0","n/e","n/e","1047"
"BZN|SE1","23.12.2022 00:00 - 23.12.2022 01:00 (CET/CEST)","n/e","n/e","n/e","n/e","n/e","n/e","n/e","n/e","n/e","n/e","n/e","n/e","n/e","2616","n/e","n/e","41","n/e","0","n/e","n/e","1153"
"BZN|SE1","23.12.2022 01:00 - 23.12.2022 02:00 (CET/CEST)","n/e","n/e","n/e","n/e","n/e","n/e","n/e","n/e","n/e","n/e","n/e","n/e","n/e","2619","n/e","n/e","42","n/e","0","n/e","n/e","1263"
"BZN|SE1","23.12.2022 02:00 - 23.12.2022 03:00 (CET/CEST)","n/e","n/e","n/e","n/e","n/e","n/e","n/e","n/e","n/e","n/e","n/e","n/e","n/e","2670","n/e","n/e","45","n/e","0","n/e","n/e","1455"
"BZN|SE1","23.12.2022 03:00 - 23.12.2022 04:00 (CET/CEST)","n/e","n/e","n/e","n/e","n/e","n/e","n/e","n/e","n/e","n/e","n/e","n/e","n/e","2668","n/e","n/e","45","n/e","0","n/e","n/e","1624"
"BZN|SE1","23.12.2022 04:00 - 23.12.2022 05:00 (CET/CEST)","n/e","n/e","n/e","n/e","n/e","n/e","n/e","n/e","n/e","n/e","n/e","n/e","n/e","2821","n/e","n/e","45","n/e","0","n/e","n/e","1683"
"BZN|SE1","23.12.2022 05:00 - 23.12.2022 06:00 (CET/CEST)","n/e","n/e","n/e","n/e","n/e","n/e","n/e","n/e","n/e","n/e","n/e","n/e","n/e","3262","n/e","n/e","45","n/e","0","n/e","n/e","1708"
"BZN|SE1","23.12.2022 06:00 - 23.12.2022 07:00 (CET/CEST)","n/e","n/e","n/e","n/e","n/e","n/e","n/e","n/e","n/e","n/e","n/e","n/e","n/e","3478","n/e","n/e","45","n/e","0","n/e","n/e","1735"
"BZN|SE1","23.12.2022 07:00 - 23.12.2022 08:00 (CET/CEST)","n/e","n/e","n/e","n/e","n/e","n/e","n/e","n/e","n/e","n/e","n/e","n/e","n/e","3649","n/e","n/e","45","n/e","0","n/e","n/e","1729"
"BZN|SE1","23.12.2022 08:00 - 23.12.2022 09:00 (CET/CEST)","n/e","n/e","n/e","n/e","n/e","n/e","n/e","n/e","n/e","n/e","n/e","n/e","n/e","3723","n/e","n/e","44","n/e","0","n/e","n/e","1853"
"BZN|SE1","23.12.2022 09:00 - 23.12.2022 10:00 (CET/CEST)","n/e","n/e","n/e","n/e","n/e","n/e","n/e","n/e","n/e","n/e","n/e","n/e","n/e","3746","n/e","n/e","44","n/e","0","n/e","n/e","1782"
"BZN|SE1","23.12.2022 10:00 - 23.12.2022 11:00 (CET/CEST)","n/e","n/e","n/e","n/e","n/e","n/e","n/e","n/e","n/e","n/e","n/e","n/e","n/e","3618","n/e","n/e","44","n/e","0","n/e","n/e","1800"
"BZN|SE1","23.12.2022 11:00 - 23.12.2022 12:00 (CET/CEST)","n/e","n/e","n/e","n/e","n/e","n/e","n/e","n/e","n/e","n/e","n/e","n/e","n/e","3514","n/e","n/e","44","n/e","0","n/e","n/e","1801"
"BZN|SE1","23.12.2022 12:00 - 23.12.2022 13:00 (CET/CEST)","n/e","n/e","n/e","n/e","n/e","n/e","n/e","n/e","n/e","n/e","n/e","n/e","n/e","3325","n/e","n/e","41","n/e","0","n/e","n/e","1866"
"BZN|SE1","23.12.2022 13:00 - 23.12.2022 14:00 (CET/CEST)","n/e","n/e","n/e","n/e","n/e","n/e","n/e","n/e","n/e","n/e","n/e","n/e","n/e","3120","n/e","n/e","42","n/e","0","n/e","n/e","1865"
"BZN|SE1","23.12.2022 14:00 - 23.12.2022 15:00 (CET/CEST)","n/e","n/e","n/e","n/e","n/e","n/e","n/e","n/e","n/e","n/e","n/e","n/e","n/e","3092","n/e","n/e","43","n/e","0","n/e","n/e","1910"
"BZN|SE1","23.12.2022 15:00 - 23.12.2022 16:00 (CET/CEST)","n/e","n/e","n/e","n/e","n/e","n/e","n/e","n/e","n/e","n/e","n/e","n/e","n/e","3164","n/e","n/e","43","n/e","0","n/e","n/e","1887"
"BZN|SE1","23.12.2022 16:00 - 23.12.2022 17:00 (CET/CEST)","n/e","n/e","n/e","n/e","n/e","n/e","n/e","n/e","n/e","n/e","n/e","n/e","n/e","3007","n/e","n/e","43","n/e","0","n/e","n/e","1832"
"BZN|SE1","23.12.2022 17:00 - 23.12.2022 18:00 (CET/CEST)","n/e","n/e","n/e","n/e","n/e","n/e","n/e","n/e","n/e","n/e","n/e","n/e","n/e","2984","n/e","n/e","44","n/e","0","n/e","n/e","1783"
"BZN|SE1","23.12.2022 18:00 - 23.12.2022 19:00 (CET/CEST)","n/e","n/e","n/e","n/e","n/e","n/e","n/e","n/e","n/e","n/e","n/e","n/e","n/e","2807","n/e","n/e","45","n/e","0","n/e","n/e","1734"
"BZN|SE1","23.12.2022 19:00 - 23.12.2022 20:00 (CET/CEST)","n/e","n/e","n/e","n/e","n/e","n/e","n/e","n/e","n/e","n/e","n/e","n/e","n/e","2595","n/e","n/e","45","n/e","0","n/e","n/e","1710"
"BZN|SE1","23.12.2022 20:00 - 23.12.2022 21:00 (CET/CEST)","n/e","n/e","n/e","n/e","n/e","n/e","n/e","n/e","n/e","n/e","n/e","n/e","n/e","2671","n/e","n/e","45","n/e","0","n/e","n/e","1694"
"BZN|SE1","23.12.2022 21:00 - 23.12.2022 22:00 (CET/CEST)","n/e","n/e","n/e","n/e","n/e","n/e","n/e","n/e","n/e","n/e","n/e","n/e","n/e","2741","n/e","n/e","45","n/e","0","n/e","n/e","1696"
"BZN|SE1","23.12.2022 22:00 - 23.12.2022 23:00 (CET/CEST)","n/e","n/e","n/e","n/e","n/e","n/e","n/e","n/e","n/e","n/e","n/e","n/e","n/e","2769","n/e","n/e","45","n/e","0","n/e","n/e","1687"
"BZN|SE1","23.12.2022 23:00 - 24.12.2022 00:00 (CET/CEST)","n/e","n/e","n/e","n/e","n/e","n/e","n/e","n/e","n/e","n/e","n/e","n/e","n/e","2915","n/e","n/e","45","n/e","0","n/e","n/e","1682"
"BZN|SE1","24.12.2022 00:00 - 24.12.2022 01:00 (CET/CEST)","n/e","n/e","n/e","n/e","n/e","n/e","n/e","n/e","n/e","n/e","n/e","n/e","n/e","3057","n/e","n/e","42","n/e","0","n/e","n/e","1768"
"BZN|SE1","24.12.2022 01:00 - 24.12.2022 02:00 (CET/CEST)","n/e","n/e","n/e","n/e","n/e","n/e","n/e","n/e","n/e","n/e","n/e","n/e","n/e","3141","n/e","n/e","42","n/e","0","n/e","n/e","1795"
"BZN|SE1","24.12.2022 02:00 - 24.12.2022 03:00 (CET/CEST)","n/e","n/e","n/e","n/e","n/e","n/e","n/e","n/e","n/e","n/e","n/e","n/e","n/e","3103","n/e","n/e","45","n/e","0","n/e","n/e","1807"
"BZN|SE1","24.12.2022 03:00 - 24.12.2022 04:00 (CET/CEST)","n/e","n/e","n/e","n/e","n/e","n/e","n/e","n/e","n/e","n/e","n/e","n/e","n/e","2553","n/e","n/e","46","n/e","0","n/e","n/e","1812"
"BZN|SE1","24.12.2022 04:00 - 24.12.2022 05:00 (CET/CEST)","n/e","n/e","n/e","n/e","n/e","n/e","n/e","n/e","n/e","n/e","n/e","n/e","n/e","2563","n/e","n/e","45","n/e","0","n/e","n/e","1861"
"BZN|SE1","24.12.2022 05:00 - 24.12.2022 06:00 (CET/CEST)","n/e","n/e","n/e","n/e","n/e","n/e","n/e","n/e","n/e","n/e","n/e","n/e","n/e","2966","n/e","n/e","45","n/e","0","n/e","n/e","1849"
"BZN|SE1","24.12.2022 06:00 - 24.12.2022 07:00 (CET/CEST)","n/e","n/e","n/e","n/e","n/e","n/e","n/e","n/e","n/e","n/e","n/e","n/e","n/e","3030","n/e","n/e","45","n/e","0","n/e","n/e","1865"
"BZN|SE1","24.12.2022 07:00 - 24.12.2022 08:00 (CET/CEST)","n/e","n/e","n/e","n/e","n/e","n/e","n/e","n/e","n/e","n/e","n/e","n/e","n/e","3026","n/e","n/e","45","n/e","0","n/e","n/e","1877"
"BZN|SE1","24.12.2022 08:00 - 24.12.2022 09:00 (CET/CEST)","n/e","n/e","n/e","n/e","n/e","n/e","n/e","n/e","n/e","n/e","n/e","n/e","n/e","3077","n/e","n/e","45","n/e","0","n/e","n/e","1853"
"BZN|SE1","24.12.2022 09:00 - 24.12.2022 10:00 (CET/CEST)","n/e","n/e","n/e","n/e","n/e","n/e","n/e","n/e","n/e","n/e","n/e","n/e","n/e","3083","n/e","n/e","44","n/e","0","n/e","n/e","1860"
"BZN|SE1","24.12.2022 10:00 - 24.12.2022 11:00 (CET/CEST)","n/e","n/e","n/e","n/e","n/e","n/e","n/e","n/e","n/e","n/e","n/e","n/e","n/e","3159","n/e","n/e","44","n/e","0","n/e","n/e","1882"
"BZN|SE1","24.12.2022 11:00 - 24.12.2022 12:00 (CET/CEST)","n/e","n/e","n/e","n/e","n/e","n/e","n/e","n/e","n/e","n/e","n/e","n/e","n/e","3186","n/e","n/e","44","n/e","0","n/e","n/e","1920"
"BZN|SE1","24.12.2022 12:00 - 24.12.2022 13:00 (CET/CEST)","n/e","n/e","n/e","n/e","n/e","n/e","n/e","n/e","n/e","n/e","n/e","n/e","n/e","3192","n/e","n/e","41","n/e","0","n/e","n/e","1936"
"BZN|SE1","24.12.2022 13:00 - 24.12.2022 14:00 (CET/CEST)","n/e","n/e","n/e","n/e","n/e","n/e","n/e","n/e","n/e","n/e","n/e","n/e","n/e","3184","n/e","n/e","44","n/e","0","n/e","n/e","1710"
"BZN|SE1","24.12.2022 14:00 - 24.12.2022 15:00 (CET/CEST)","n/e","n/e","n/e","n/e","n/e","n/e","n/e","n/e","n/e","n/e","n/e","n/e","n/e","3290","n/e","n/e","44","n/e","0","n/e","n/e","1963"
"BZN|SE1","24.12.2022 15:00 - 24.12.2022 16:00 (CET/CEST)","n/e","n/e","n/e","n/e","n/e","n/e","n/e","n/e","n/e","n/e","n/e","n/e","n/e","3304","n/e","n/e","44","n/e","0","n/e","n/e","1967"
"BZN|SE1","24.12.2022 16:00 - 24.12.2022 17:00 (CET/CEST)","n/e","n/e","n/e","n/e","n/e","n/e","n/e","n/e","n/e","n/e","n/e","n/e","n/e","3300","n/e","n/e","44","n/e","0","n/e","n/e","1933"
"BZN|SE1","24.12.2022 17:00 - 24.12.2022 18:00 (CET/CEST)","n/e","n/e","n/e","n/e","n/e","n/e","n/e","n/e","n/e","n/e","n/e","n/e","n/e","3183","n/e","n/e","44","n/e","0","n/e","n/e","1923"
"BZN|SE1","24.12.2022 18:00 - 24.12.2022 19:00 (CET/CEST)","n/e","n/e","n/e","n/e","n/e","n/e","n/e","n/e","n/e","n/e","n/e","n/e","n/e","3139","n/e","n/e","45","n/e","0","n/e","n/e","1914"
"BZN|SE1","24.12.2022 19:00 - 24.12.2022 20:00 (CET/CEST)","n/e","n/e","n/e","n/e","n/e","n/e","n/e","n/e","n/e","n/e","n/e","n/e","n/e","3170","n/e","n/e","45","n/e","0","n/e","n/e","1903"
"BZN|SE1","24.12.2022 20:00 - 24.12.2022 21:00 (CET/CEST)","n/e","n/e","n/e","n/e","n/e","n/e","n/e","n/e","n/e","n/e","n/e","n/e","n/e","3227","n/e","n/e","45","n/e","0","n/e","n/e","1902"
"BZN|SE1","24.12.2022 21:00 - 24.12.2022 22:00 (CET/CEST)","n/e","n/e","n/e","n/e","n/e","n/e","n/e","n/e","n/e","n/e","n/e","n/e","n/e","3387","n/e","n/e","45","n/e","0","n/e","n/e","1874"
"BZN|SE1","24.12.2022 22:00 - 24.12.2022 23:00 (CET/CEST)","n/e","n/e","n/e","n/e","n/e","n/e","n/e","n/e","n/e","n/e","n/e","n/e","n/e","3452","n/e","n/e","45","n/e","0","n/e","n/e","1838"
"BZN|SE1","24.12.2022 23:00 - 25.12.2022 00:00 (CET/CEST)","n/e","n/e","n/e","n/e","n/e","n/e","n/e","n/e","n/e","n/e","n/e","n/e","n/e","3423","n/e","n/e","45","n/e","0","n/e","n/e","1790"
"BZN|SE1","25.12.2022 00:00 - 25.12.2022 01:00 (CET/CEST)","n/e","n/e","n/e","n/e","n/e","n/e","n/e","n/e","n/e","n/e","n/e","n/e","n/e","3409","n/e","n/e","41","n/e","0","n/e","n/e","1773"
"BZN|SE1","25.12.2022 01:00 - 25.12.2022 02:00 (CET/CEST)","n/e","n/e","n/e","n/e","n/e","n/e","n/e","n/e","n/e","n/e","n/e","n/e","n/e","3212","n/e","n/e","41","n/e","0","n/e","n/e","1772"
"BZN|SE1","25.12.2022 02:00 - 25.12.2022 03:00 (CET/CEST)","n/e","n/e","n/e","n/e","n/e","n/e","n/e","n/e","n/e","n/e","n/e","n/e","n/e","3215","n/e","n/e","45","n/e","0","n/e","n/e","1741"
"BZN|SE1","25.12.2022 03:00 - 25.12.2022 04:00 (CET/CEST)","n/e","n/e","n/e","n/e","n/e","n/e","n/e","n/e","n/e","n/e","n/e","n/e","n/e","3398","n/e","n/e","45","n/e","0","n/e","n/e","1712"
"BZN|SE1","25.12.2022 04:00 - 25.12.2022 05:00 (CET/CEST)","n/e","n/e","n/e","n/e","n/e","n/e","n/e","n/e","n/e","n/e","n/e","n/e","n/e","3453","n/e","n/e","44","n/e","0","n/e","n/e","1648"
"BZN|SE1","25.12.2022 05:00 - 25.12.2022 06:00 (CET/CEST)","n/e","n/e","n/e","n/e","n/e","n/e","n/e","n/e","n/e","n/e","n/e","n/e","n/e","3674","n/e","n/e","44","n/e","0","n/e","n/e","1595"
"BZN|SE1","25.12.2022 06:00 - 25.12.2022 07:00 (CET/CEST)","n/e","n/e","n/e","n/e","n/e","n/e","n/e","n/e","n/e","n/e","n/e","n/e","n/e","3683","n/e","n/e","45","n/e","0","n/e","n/e","1540"
"BZN|SE1","25.12.2022 07:00 - 25.12.2022 08:00 (CET/CEST)","n/e","n/e","n/e","n/e","n/e","n/e","n/e","n/e","n/e","n/e","n/e","n/e","n/e","3706","n/e","n/e","45","n/e","0","n/e","n/e","1478"
"BZN|SE1","25.12.2022 08:00 - 25.12.2022 09:00 (CET/CEST)","n/e","n/e","n/e","n/e","n/e","n/e","n/e","n/e","n/e","n/e","n/e","n/e","n/e","3704","n/e","n/e","44","n/e","0","n/e","n/e","1442"
"BZN|SE1","25.12.2022 09:00 - 25.12.2022 10:00 (CET/CEST)","n/e","n/e","n/e","n/e","n/e","n/e","n/e","n/e","n/e","n/e","n/e","n/e","n/e","3717","n/e","n/e","44","n/e","0","n/e","n/e","1391"
"BZN|SE1","25.12.2022 10:00 - 25.12.2022 11:00 (CET/CEST)","n/e","n/e","n/e","n/e","n/e","n/e","n/e","n/e","n/e","n/e","n/e","n/e","n/e","3650","n/e","n/e","44","n/e","0","n/e","n/e","1272"
"BZN|SE1","25.12.2022 11:00 - 25.12.2022 12:00 (CET/CEST)","n/e","n/e","n/e","n/e","n/e","n/e","n/e","n/e","n/e","n/e","n/e","n/e","n/e","3643","n/e","n/e","43","n/e","0","n/e","n/e","1027"
"BZN|SE1","25.12.2022 12:00 - 25.12.2022 13:00 (CET/CEST)","n/e","n/e","n/e","n/e","n/e","n/e","n/e","n/e","n/e","n/e","n/e","n/e","n/e","3636","n/e","n/e","40","n/e","0","n/e","n/e","888"
"BZN|SE1","25.12.2022 13:00 - 25.12.2022 14:00 (CET/CEST)","n/e","n/e","n/e","n/e","n/e","n/e","n/e","n/e","n/e","n/e","n/e","n/e","n/e","3611","n/e","n/e","44","n/e","0","n/e","n/e","677"
"BZN|SE1","25.12.2022 14:00 - 25.12.2022 15:00 (CET/CEST)","n/e","n/e","n/e","n/e","n/e","n/e","n/e","n/e","n/e","n/e","n/e","n/e","n/e","3639","n/e","n/e","44","n/e","0","n/e","n/e","472"
"BZN|SE1","25.12.2022 15:00 - 25.12.2022 16:00 (CET/CEST)","n/e","n/e","n/e","n/e","n/e","n/e","n/e","n/e","n/e","n/e","n/e","n/e","n/e","3710","n/e","n/e","44","n/e","0","n/e","n/e","387"
"BZN|SE1","25.12.2022 16:00 - 25.12.2022 17:00 (CET/CEST)","n/e","n/e","n/e","n/e","n/e","n/e","n/e","n/e","n/e","n/e","n/e","n/e","n/e","3544","n/e","n/e","44","n/e","0","n/e","n/e","337"
"BZN|SE1","25.12.2022 17:00 - 25.12.2022 18:00 (CET/CEST)","n/e","n/e","n/e","n/e","n/e","n/e","n/e","n/e","n/e","n/e","n/e","n/e","n/e","3486","n/e","n/e","44","n/e","0","n/e","n/e","459"
"BZN|SE1","25.12.2022 18:00 - 25.12.2022 19:00 (CET/CEST)","n/e","n/e","n/e","n/e","n/e","n/e","n/e","n/e","n/e","n/e","n/e","n/e","n/e","3390","n/e","n/e","45","n/e","0","n/e","n/e","662"
"BZN|SE1","25.12.2022 19:00 - 25.12.2022 20:00 (CET/CEST)","n/e","n/e","n/e","n/e","n/e","n/e","n/e","n/e","n/e","n/e","n/e","n/e","n/e","3234","n/e","n/e","45","n/e","0","n/e","n/e","898"
"BZN|SE1","25.12.2022 20:00 - 25.12.2022 21:00 (CET/CEST)","n/e","n/e","n/e","n/e","n/e","n/e","n/e","n/e","n/e","n/e","n/e","n/e","n/e","3102","n/e","n/e","45","n/e","0","n/e","n/e","1147"
"BZN|SE1","25.12.2022 21:00 - 25.12.2022 22:00 (CET/CEST)","n/e","n/e","n/e","n/e","n/e","n/e","n/e","n/e","n/e","n/e","n/e","n/e","n/e","3049","n/e","n/e","45","n/e","0","n/e","n/e","1312"
"BZN|SE1","25.12.2022 22:00 - 25.12.2022 23:00 (CET/CEST)","n/e","n/e","n/e","n/e","n/e","n/e","n/e","n/e","n/e","n/e","n/e","n/e","n/e","2925","n/e","n/e","45","n/e","0","n/e","n/e","1497"
"BZN|SE1","25.12.2022 23:00 - 26.12.2022 00:00 (CET/CEST)","n/e","n/e","n/e","n/e","n/e","n/e","n/e","n/e","n/e","n/e","n/e","n/e","n/e","2296","n/e","n/e","45","n/e","0","n/e","n/e","1657"
"BZN|SE1","26.12.2022 00:00 - 26.12.2022 01:00 (CET/CEST)","n/e","n/e","n/e","n/e","n/e","n/e","n/e","n/e","n/e","n/e","n/e","n/e","n/e","2702","n/e","n/e","43","n/e","0","n/e","n/e","1745"
"BZN|SE1","26.12.2022 01:00 - 26.12.2022 02:00 (CET/CEST)","n/e","n/e","n/e","n/e","n/e","n/e","n/e","n/e","n/e","n/e","n/e","n/e","n/e","2560","n/e","n/e","43","n/e","0","n/e","n/e","1758"
"BZN|SE1","26.12.2022 02:00 - 26.12.2022 03:00 (CET/CEST)","n/e","n/e","n/e","n/e","n/e","n/e","n/e","n/e","n/e","n/e","n/e","n/e","n/e","2481","n/e","n/e","46","n/e","0","n/e","n/e","1548"
"BZN|SE1","26.12.2022 03:00 - 26.12.2022 04:00 (CET/CEST)","n/e","n/e","n/e","n/e","n/e","n/e","n/e","n/e","n/e","n/e","n/e","n/e","n/e","2359","n/e","n/e","46","n/e","0","n/e","n/e","1498"
"BZN|SE1","26.12.2022 04:00 - 26.12.2022 05:00 (CET/CEST)","n/e","n/e","n/e","n/e","n/e","n/e","n/e","n/e","n/e","n/e","n/e","n/e","n/e","2168","n/e","n/e","46","n/e","0","n/e","n/e","1490"
"BZN|SE1","26.12.2022 05:00 - 26.12.2022 06:00 (CET/CEST)","n/e","n/e","n/e","n/e","n/e","n/e","n/e","n/e","n/e","n/e","n/e","n/e","n/e","2164","n/e","n/e","46","n/e","0","n/e","n/e","1496"
"BZN|SE1","26.12.2022 06:00 - 26.12.2022 07:00 (CET/CEST)","n/e","n/e","n/e","n/e","n/e","n/e","n/e","n/e","n/e","n/e","n/e","n/e","n/e","2141","n/e","n/e","46","n/e","0","n/e","n/e","1498"
"BZN|SE1","26.12.2022 07:00 - 26.12.2022 08:00 (CET/CEST)","n/e","n/e","n/e","n/e","n/e","n/e","n/e","n/e","n/e","n/e","n/e","n/e","n/e","2443","n/e","n/e","46","n/e","0","n/e","n/e","1551"
"BZN|SE1","26.12.2022 08:00 - 26.12.2022 09:00 (CET/CEST)","n/e","n/e","n/e","n/e","n/e","n/e","n/e","n/e","n/e","n/e","n/e","n/e","n/e","2788","n/e","n/e","41","n/e","0","n/e","n/e","1608"
"BZN|SE1","26.12.2022 09:00 - 26.12.2022 10:00 (CET/CEST)","n/e","n/e","n/e","n/e","n/e","n/e","n/e","n/e","n/e","n/e","n/e","n/e","n/e","2970","n/e","n/e","41","n/e","0","n/e","n/e","1618"
"BZN|SE1","26.12.2022 10:00 - 26.12.2022 11:00 (CET/CEST)","n/e","n/e","n/e","n/e","n/e","n/e","n/e","n/e","n/e","n/e","n/e","n/e","n/e","3001","n/e","n/e","41","n/e","0","n/e","n/e","1634"
"BZN|SE1","26.12.2022 11:00 - 26.12.2022 12:00 (CET/CEST)","n/e","n/e","n/e","n/e","n/e","n/e","n/e","n/e","n/e","n/e","n/e","n/e","n/e","3025","n/e","n/e","40","n/e","0","n/e","n/e","1591"
"BZN|SE1","26.12.2022 12:00 - 26.12.2022 13:00 (CET/CEST)","n/e","n/e","n/e","n/e","n/e","n/e","n/e","n/e","n/e","n/e","n/e","n/e","n/e","3016","n/e","n/e","40","n/e","0","n/e","n/e","1615"
"BZN|SE1","26.12.2022 13:00 - 26.12.2022 14:00 (CET/CEST)","n/e","n/e","n/e","n/e","n/e","n/e","n/e","n/e","n/e","n/e","n/e","n/e","n/e","2807","n/e","n/e","40","n/e","0","n/e","n/e","1603"
"BZN|SE1","26.12.2022 14:00 - 26.12.2022 15:00 (CET/CEST)","n/e","n/e","n/e","n/e","n/e","n/e","n/e","n/e","n/e","n/e","n/e","n/e","n/e","2817","n/e","n/e","43","n/e","0","n/e","n/e","1588"
"BZN|SE1","26.12.2022 15:00 - 26.12.2022 16:00 (CET/CEST)","n/e","n/e","n/e","n/e","n/e","n/e","n/e","n/e","n/e","n/e","n/e","n/e","n/e","2910","n/e","n/e","42","n/e","0","n/e","n/e","1638"
"BZN|SE1","26.12.2022 16:00 - 26.12.2022 17:00 (CET/CEST)","n/e","n/e","n/e","n/e","n/e","n/e","n/e","n/e","n/e","n/e","n/e","n/e","n/e","3008","n/e","n/e","42","n/e","0","n/e","n/e","1655"
"BZN|SE1","26.12.2022 17:00 - 26.12.2022 18:00 (CET/CEST)","n/e","n/e","n/e","n/e","n/e","n/e","n/e","n/e","n/e","n/e","n/e","n/e","n/e","3081","n/e","n/e","45","n/e","0","n/e","n/e","1699"
"BZN|SE1","26.12.2022 18:00 - 26.12.2022 19:00 (CET/CEST)","n/e","n/e","n/e","n/e","n/e","n/e","n/e","n/e","n/e","n/e","n/e","n/e","n/e","3107","n/e","n/e","45","n/e","0","n/e","n/e","1680"
"BZN|SE1","26.12.2022 19:00 - 26.12.2022 20:00 (CET/CEST)","n/e","n/e","n/e","n/e","n/e","n/e","n/e","n/e","n/e","n/e","n/e","n/e","n/e","3128","n/e","n/e","45","n/e","0","n/e","n/e","1694"
"BZN|SE1","26.12.2022 20:00 - 26.12.2022 21:00 (CET/CEST)","n/e","n/e","n/e","n/e","n/e","n/e","n/e","n/e","n/e","n/e","n/e","n/e","n/e","2992","n/e","n/e","45","n/e","0","n/e","n/e","1699"
"BZN|SE1","26.12.2022 21:00 - 26.12.2022 22:00 (CET/CEST)","n/e","n/e","n/e","n/e","n/e","n/e","n/e","n/e","n/e","n/e","n/e","n/e","n/e","2893","n/e","n/e","45","n/e","0","n/e","n/e","1722"
"BZN|SE1","26.12.2022 22:00 - 26.12.2022 23:00 (CET/CEST)","n/e","n/e","n/e","n/e","n/e","n/e","n/e","n/e","n/e","n/e","n/e","n/e","n/e","2594","n/e","n/e","45","n/e","0","n/e","n/e","1714"
"BZN|SE1","26.12.2022 23:00 - 27.12.2022 00:00 (CET/CEST)","n/e","n/e","n/e","n/e","n/e","n/e","n/e","n/e","n/e","n/e","n/e","n/e","n/e","2172","n/e","n/e","45","n/e","0","n/e","n/e","1676"
"BZN|SE1","27.12.2022 00:00 - 27.12.2022 01:00 (CET/CEST)","n/e","n/e","n/e","n/e","n/e","n/e","n/e","n/e","n/e","n/e","n/e","n/e","n/e","2355","n/e","n/e","39","n/e","0","n/e","n/e","1680"
"BZN|SE1","27.12.2022 01:00 - 27.12.2022 02:00 (CET/CEST)","n/e","n/e","n/e","n/e","n/e","n/e","n/e","n/e","n/e","n/e","n/e","n/e","n/e","1148","n/e","n/e","40","n/e","0","n/e","n/e","1539"
"BZN|SE1","27.12.2022 02:00 - 27.12.2022 03:00 (CET/CEST)","n/e","n/e","n/e","n/e","n/e","n/e","n/e","n/e","n/e","n/e","n/e","n/e","n/e","1015","n/e","n/e","40","n/e","0","n/e","n/e","1372"
"BZN|SE1","27.12.2022 03:00 - 27.12.2022 04:00 (CET/CEST)","n/e","n/e","n/e","n/e","n/e","n/e","n/e","n/e","n/e","n/e","n/e","n/e","n/e","1024","n/e","n/e","40","n/e","0","n/e","n/e","1098"
"BZN|SE1","27.12.2022 04:00 - 27.12.2022 05:00 (CET/CEST)","n/e","n/e","n/e","n/e","n/e","n/e","n/e","n/e","n/e","n/e","n/e","n/e","n/e","1173","n/e","n/e","40","n/e","0","n/e","n/e","936"
"BZN|SE1","27.12.2022 05:00 - 27.12.2022 06:00 (CET/CEST)","n/e","n/e","n/e","n/e","n/e","n/e","n/e","n/e","n/e","n/e","n/e","n/e","n/e","2071","n/e","n/e","40","n/e","0","n/e","n/e","813"
"BZN|SE1","27.12.2022 06:00 - 27.12.2022 07:00 (CET/CEST)","n/e","n/e","n/e","n/e","n/e","n/e","n/e","n/e","n/e","n/e","n/e","n/e","n/e","2636","n/e","n/e","40","n/e","0","n/e","n/e","695"
"BZN|SE1","27.12.2022 07:00 - 27.12.2022 08:00 (CET/CEST)","n/e","n/e","n/e","n/e","n/e","n/e","n/e","n/e","n/e","n/e","n/e","n/e","n/e","3725","n/e","n/e","40","n/e","0","n/e","n/e","443"
"BZN|SE1","27.12.2022 08:00 - 27.12.2022 09:00 (CET/CEST)","n/e","n/e","n/e","n/e","n/e","n/e","n/e","n/e","n/e","n/e","n/e","n/e","n/e","3805","n/e","n/e","39","n/e","0","n/e","n/e","344"
"BZN|SE1","27.12.2022 09:00 - 27.12.2022 10:00 (CET/CEST)","n/e","n/e","n/e","n/e","n/e","n/e","n/e","n/e","n/e","n/e","n/e","n/e","n/e","3817","n/e","n/e","38","n/e","0","n/e","n/e","309"
"BZN|SE1","27.12.2022 10:00 - 27.12.2022 11:00 (CET/CEST)","n/e","n/e","n/e","n/e","n/e","n/e","n/e","n/e","n/e","n/e","n/e","n/e","n/e","3739","n/e","n/e","41","n/e","0","n/e","n/e","288"
"BZN|SE1","27.12.2022 11:00 - 27.12.2022 12:00 (CET/CEST)","n/e","n/e","n/e","n/e","n/e","n/e","n/e","n/e","n/e","n/e","n/e","n/e","n/e","3737","n/e","n/e","42","n/e","0","n/e","n/e","259"
"BZN|SE1","27.12.2022 12:00 - 27.12.2022 13:00 (CET/CEST)","n/e","n/e","n/e","n/e","n/e","n/e","n/e","n/e","n/e","n/e","n/e","n/e","n/e","3722","n/e","n/e","38","n/e","0","n/e","n/e","217"
"BZN|SE1","27.12.2022 13:00 - 27.12.2022 14:00 (CET/CEST)","n/e","n/e","n/e","n/e","n/e","n/e","n/e","n/e","n/e","n/e","n/e","n/e","n/e","3728","n/e","n/e","42","n/e","0","n/e","n/e","196"
"BZN|SE1","27.12.2022 14:00 - 27.12.2022 15:00 (CET/CEST)","n/e","n/e","n/e","n/e","n/e","n/e","n/e","n/e","n/e","n/e","n/e","n/e","n/e","3740","n/e","n/e","42","n/e","0","n/e","n/e","159"
"BZN|SE1","27.12.2022 15:00 - 27.12.2022 16:00 (CET/CEST)","n/e","n/e","n/e","n/e","n/e","n/e","n/e","n/e","n/e","n/e","n/e","n/e","n/e","3741","n/e","n/e","42","n/e","0","n/e","n/e","145"
"BZN|SE1","27.12.2022 16:00 - 27.12.2022 17:00 (CET/CEST)","n/e","n/e","n/e","n/e","n/e","n/e","n/e","n/e","n/e","n/e","n/e","n/e","n/e","3739","n/e","n/e","42","n/e","0","n/e","n/e","116"
"BZN|SE1","27.12.2022 17:00 - 27.12.2022 18:00 (CET/CEST)","n/e","n/e","n/e","n/e","n/e","n/e","n/e","n/e","n/e","n/e","n/e","n/e","n/e","3738","n/e","n/e","43","n/e","0","n/e","n/e","104"
"BZN|SE1","27.12.2022 18:00 - 27.12.2022 19:00 (CET/CEST)","n/e","n/e","n/e","n/e","n/e","n/e","n/e","n/e","n/e","n/e","n/e","n/e","n/e","3737","n/e","n/e","43","n/e","0","n/e","n/e","91"
"BZN|SE1","27.12.2022 19:00 - 27.12.2022 20:00 (CET/CEST)","n/e","n/e","n/e","n/e","n/e","n/e","n/e","n/e","n/e","n/e","n/e","n/e","n/e","3728","n/e","n/e","43","n/e","0","n/e","n/e","95"
"BZN|SE1","27.12.2022 20:00 - 27.12.2022 21:00 (CET/CEST)","n/e","n/e","n/e","n/e","n/e","n/e","n/e","n/e","n/e","n/e","n/e","n/e","n/e","3757","n/e","n/e","43","n/e","0","n/e","n/e","96"
"BZN|SE1","27.12.2022 21:00 - 27.12.2022 22:00 (CET/CEST)","n/e","n/e","n/e","n/e","n/e","n/e","n/e","n/e","n/e","n/e","n/e","n/e","n/e","3866","n/e","n/e","43","n/e","0","n/e","n/e","71"
"BZN|SE1","27.12.2022 22:00 - 27.12.2022 23:00 (CET/CEST)","n/e","n/e","n/e","n/e","n/e","n/e","n/e","n/e","n/e","n/e","n/e","n/e","n/e","3780","n/e","n/e","43","n/e","0","n/e","n/e","77"
"BZN|SE1","27.12.2022 23:00 - 28.12.2022 00:00 (CET/CEST)","n/e","n/e","n/e","n/e","n/e","n/e","n/e","n/e","n/e","n/e","n/e","n/e","n/e","3760","n/e","n/e","43","n/e","0","n/e","n/e","89"
"BZN|SE1","28.12.2022 00:00 - 28.12.2022 01:00 (CET/CEST)","n/e","n/e","n/e","n/e","n/e","n/e","n/e","n/e","n/e","n/e","n/e","n/e","n/e","2730","n/e","n/e","38","n/e","0","n/e","n/e","89"
"BZN|SE1","28.12.2022 01:00 - 28.12.2022 02:00 (CET/CEST)","n/e","n/e","n/e","n/e","n/e","n/e","n/e","n/e","n/e","n/e","n/e","n/e","n/e","2555","n/e","n/e","39","n/e","0","n/e","n/e","73"
"BZN|SE1","28.12.2022 02:00 - 28.12.2022 03:00 (CET/CEST)","n/e","n/e","n/e","n/e","n/e","n/e","n/e","n/e","n/e","n/e","n/e","n/e","n/e","2482","n/e","n/e","39","n/e","0","n/e","n/e","66"
"BZN|SE1","28.12.2022 03:00 - 28.12.2022 04:00 (CET/CEST)","n/e","n/e","n/e","n/e","n/e","n/e","n/e","n/e","n/e","n/e","n/e","n/e","n/e","2501","n/e","n/e","43","n/e","0","n/e","n/e","86"
"BZN|SE1","28.12.2022 04:00 - 28.12.2022 05:00 (CET/CEST)","n/e","n/e","n/e","n/e","n/e","n/e","n/e","n/e","n/e","n/e","n/e","n/e","n/e","2572","n/e","n/e","38","n/e","0","n/e","n/e","160"
"BZN|SE1","28.12.2022 05:00 - 28.12.2022 06:00 (CET/CEST)","n/e","n/e","n/e","n/e","n/e","n/e","n/e","n/e","n/e","n/e","n/e","n/e","n/e","2698","n/e","n/e","38","n/e","0","n/e","n/e","309"
"BZN|SE1","28.12.2022 06:00 - 28.12.2022 07:00 (CET/CEST)","n/e","n/e","n/e","n/e","n/e","n/e","n/e","n/e","n/e","n/e","n/e","n/e","n/e","3109","n/e","n/e","38","n/e","0","n/e","n/e","495"
"BZN|SE1","28.12.2022 07:00 - 28.12.2022 08:00 (CET/CEST)","n/e","n/e","n/e","n/e","n/e","n/e","n/e","n/e","n/e","n/e","n/e","n/e","n/e","3261","n/e","n/e","43","n/e","0","n/e","n/e","708"
"BZN|SE1","28.12.2022 08:00 - 28.12.2022 09:00 (CET/CEST)","n/e","n/e","n/e","n/e","n/e","n/e","n/e","n/e","n/e","n/e","n/e","n/e","n/e","3516","n/e","n/e","42","n/e","0","n/e","n/e","706"
"BZN|SE1","28.12.2022 09:00 - 28.12.2022 10:00 (CET/CEST)","n/e","n/e","n/e","n/e","n/e","n/e","n/e","n/e","n/e","n/e","n/e","n/e","n/e","3500","n/e","n/e","36","n/e","0","n/e","n/e","786"
"BZN|SE1","28.12.2022 10:00 - 28.12.2022 11:00 (CET/CEST)","n/e","n/e","n/e","n/e","n/e","n/e","n/e","n/e","n/e","n/e","n/e","n/e","n/e","3542","n/e","n/e","37","n/e","0","n/e","n/e","759"
"BZN|SE1","28.12.2022 11:00 - 28.12.2022 12:00 (CET/CEST)","n/e","n/e","n/e","n/e","n/e","n/e","n/e","n/e","n/e","n/e","n/e","n/e","n/e","3561","n/e","n/e","36","n/e","0","n/e","n/e","677"
"BZN|SE1","28.12.2022 12:00 - 28.12.2022 13:00 (CET/CEST)","n/e","n/e","n/e","n/e","n/e","n/e","n/e","n/e","n/e","n/e","n/e","n/e","n/e","3690","n/e","n/e","32","n/e","0","n/e","n/e","647"
"BZN|SE1","28.12.2022 13:00 - 28.12.2022 14:00 (CET/CEST)","n/e","n/e","n/e","n/e","n/e","n/e","n/e","n/e","n/e","n/e","n/e","n/e","n/e","3856","n/e","n/e","36","n/e","0","n/e","n/e","512"
"BZN|SE1","28.12.2022 14:00 - 28.12.2022 15:00 (CET/CEST)","n/e","n/e","n/e","n/e","n/e","n/e","n/e","n/e","n/e","n/e","n/e","n/e","n/e","3865","n/e","n/e","42","n/e","0","n/e","n/e","472"
"BZN|SE1","28.12.2022 15:00 - 28.12.2022 16:00 (CET/CEST)","n/e","n/e","n/e","n/e","n/e","n/e","n/e","n/e","n/e","n/e","n/e","n/e","n/e","3944","n/e","n/e","42","n/e","0","n/e","n/e","384"
"BZN|SE1","28.12.2022 16:00 - 28.12.2022 17:00 (CET/CEST)","n/e","n/e","n/e","n/e","n/e","n/e","n/e","n/e","n/e","n/e","n/e","n/e","n/e","3966","n/e","n/e","42","n/e","0","n/e","n/e","249"
"BZN|SE1","28.12.2022 17:00 - 28.12.2022 18:00 (CET/CEST)","n/e","n/e","n/e","n/e","n/e","n/e","n/e","n/e","n/e","n/e","n/e","n/e","n/e","3968","n/e","n/e","43","n/e","0","n/e","n/e","239"
"BZN|SE1","28.12.2022 18:00 - 28.12.2022 19:00 (CET/CEST)","n/e","n/e","n/e","n/e","n/e","n/e","n/e","n/e","n/e","n/e","n/e","n/e","n/e","4025","n/e","n/e","44","n/e","0","n/e","n/e","230"
"BZN|SE1","28.12.2022 19:00 - 28.12.2022 20:00 (CET/CEST)","n/e","n/e","n/e","n/e","n/e","n/e","n/e","n/e","n/e","n/e","n/e","n/e","n/e","4016","n/e","n/e","44","n/e","0","n/e","n/e","183"
"BZN|SE1","28.12.2022 20:00 - 28.12.2022 21:00 (CET/CEST)","n/e","n/e","n/e","n/e","n/e","n/e","n/e","n/e","n/e","n/e","n/e","n/e","n/e","3952","n/e","n/e","45","n/e","0","n/e","n/e","102"
"BZN|SE1","28.12.2022 21:00 - 28.12.2022 22:00 (CET/CEST)","n/e","n/e","n/e","n/e","n/e","n/e","n/e","n/e","n/e","n/e","n/e","n/e","n/e","3527","n/e","n/e","44","n/e","0","n/e","n/e","64"
"BZN|SE1","28.12.2022 22:00 - 28.12.2022 23:00 (CET/CEST)","n/e","n/e","n/e","n/e","n/e","n/e","n/e","n/e","n/e","n/e","n/e","n/e","n/e","3035","n/e","n/e","45","n/e","0","n/e","n/e","99"
"BZN|SE1","28.12.2022 23:00 - 29.12.2022 00:00 (CET/CEST)","n/e","n/e","n/e","n/e","n/e","n/e","n/e","n/e","n/e","n/e","n/e","n/e","n/e","2749","n/e","n/e","44","n/e","0","n/e","n/e","159"
"BZN|SE1","29.12.2022 00:00 - 29.12.2022 01:00 (CET/CEST)","n/e","n/e","n/e","n/e","n/e","n/e","n/e","n/e","n/e","n/e","n/e","n/e","n/e","2605","n/e","n/e","42","n/e","0","n/e","n/e","298"
"BZN|SE1","29.12.2022 01:00 - 29.12.2022 02:00 (CET/CEST)","n/e","n/e","n/e","n/e","n/e","n/e","n/e","n/e","n/e","n/e","n/e","n/e","n/e","2507","n/e","n/e","42","n/e","0","n/e","n/e","500"
"BZN|SE1","29.12.2022 02:00 - 29.12.2022 03:00 (CET/CEST)","n/e","n/e","n/e","n/e","n/e","n/e","n/e","n/e","n/e","n/e","n/e","n/e","n/e","2399","n/e","n/e","45","n/e","0","n/e","n/e","640"
"BZN|SE1","29.12.2022 03:00 - 29.12.2022 04:00 (CET/CEST)","n/e","n/e","n/e","n/e","n/e","n/e","n/e","n/e","n/e","n/e","n/e","n/e","n/e","1824","n/e","n/e","45","n/e","0","n/e","n/e","746"
"BZN|SE1","29.12.2022 04:00 - 29.12.2022 05:00 (CET/CEST)","n/e","n/e","n/e","n/e","n/e","n/e","n/e","n/e","n/e","n/e","n/e","n/e","n/e","1820","n/e","n/e","40","n/e","0","n/e","n/e","797"
"BZN|SE1","29.12.2022 05:00 - 29.12.2022 06:00 (CET/CEST)","n/e","n/e","n/e","n/e","n/e","n/e","n/e","n/e","n/e","n/e","n/e","n/e","n/e","2327","n/e","n/e","40","n/e","0","n/e","n/e","738"
"BZN|SE1","29.12.2022 06:00 - 29.12.2022 07:00 (CET/CEST)","n/e","n/e","n/e","n/e","n/e","n/e","n/e","n/e","n/e","n/e","n/e","n/e","n/e","2396","n/e","n/e","40","n/e","0","n/e","n/e","665"
"BZN|SE1","29.12.2022 07:00 - 29.12.2022 08:00 (CET/CEST)","n/e","n/e","n/e","n/e","n/e","n/e","n/e","n/e","n/e","n/e","n/e","n/e","n/e","2535","n/e","n/e","40","n/e","0","n/e","n/e","619"
"BZN|SE1","29.12.2022 08:00 - 29.12.2022 09:00 (CET/CEST)","n/e","n/e","n/e","n/e","n/e","n/e","n/e","n/e","n/e","n/e","n/e","n/e","n/e","2610","n/e","n/e","45","n/e","0","n/e","n/e","713"
"BZN|SE1","29.12.2022 09:00 - 29.12.2022 10:00 (CET/CEST)","n/e","n/e","n/e","n/e","n/e","n/e","n/e","n/e","n/e","n/e","n/e","n/e","n/e","2622","n/e","n/e","39","n/e","0","n/e","n/e","773"
"BZN|SE1","29.12.2022 10:00 - 29.12.2022 11:00 (CET/CEST)","n/e","n/e","n/e","n/e","n/e","n/e","n/e","n/e","n/e","n/e","n/e","n/e","n/e","2581","n/e","n/e","39","n/e","0","n/e","n/e","840"
"BZN|SE1","29.12.2022 11:00 - 29.12.2022 12:00 (CET/CEST)","n/e","n/e","n/e","n/e","n/e","n/e","n/e","n/e","n/e","n/e","n/e","n/e","n/e","2600","n/e","n/e","36","n/e","0","n/e","n/e","1010"
"BZN|SE1","29.12.2022 12:00 - 29.12.2022 13:00 (CET/CEST)","n/e","n/e","n/e","n/e","n/e","n/e","n/e","n/e","n/e","n/e","n/e","n/e","n/e","2421","n/e","n/e","39","n/e","0","n/e","n/e","1089"
"BZN|SE1","29.12.2022 13:00 - 29.12.2022 14:00 (CET/CEST)","n/e","n/e","n/e","n/e","n/e","n/e","n/e","n/e","n/e","n/e","n/e","n/e","n/e","2314","n/e","n/e","35","n/e","0","n/e","n/e","1078"
"BZN|SE1","29.12.2022 14:00 - 29.12.2022 15:00 (CET/CEST)","n/e","n/e","n/e","n/e","n/e","n/e","n/e","n/e","n/e","n/e","n/e","n/e","n/e","2351","n/e","n/e","36","n/e","0","n/e","n/e","1092"
"BZN|SE1","29.12.2022 15:00 - 29.12.2022 16:00 (CET/CEST)","n/e","n/e","n/e","n/e","n/e","n/e","n/e","n/e","n/e","n/e","n/e","n/e","n/e","2368","n/e","n/e","41","n/e","0","n/e","n/e","1178"
"BZN|SE1","29.12.2022 16:00 - 29.12.2022 17:00 (CET/CEST)","n/e","n/e","n/e","n/e","n/e","n/e","n/e","n/e","n/e","n/e","n/e","n/e","n/e","2475","n/e","n/e","41","n/e","0","n/e","n/e","1114"
"BZN|SE1","29.12.2022 17:00 - 29.12.2022 18:00 (CET/CEST)","n/e","n/e","n/e","n/e","n/e","n/e","n/e","n/e","n/e","n/e","n/e","n/e","n/e","2734","n/e","n/e","41","n/e","0","n/e","n/e","1116"
"BZN|SE1","29.12.2022 18:00 - 29.12.2022 19:00 (CET/CEST)","n/e","n/e","n/e","n/e","n/e","n/e","n/e","n/e","n/e","n/e","n/e","n/e","n/e","2554","n/e","n/e","42","n/e","0","n/e","n/e","1122"
"BZN|SE1","29.12.2022 19:00 - 29.12.2022 20:00 (CET/CEST)","n/e","n/e","n/e","n/e","n/e","n/e","n/e","n/e","n/e","n/e","n/e","n/e","n/e","2522","n/e","n/e","42","n/e","0","n/e","n/e","1160"
"BZN|SE1","29.12.2022 20:00 - 29.12.2022 21:00 (CET/CEST)","n/e","n/e","n/e","n/e","n/e","n/e","n/e","n/e","n/e","n/e","n/e","n/e","n/e","2420","n/e","n/e","42","n/e","0","n/e","n/e","1074"
"BZN|SE1","29.12.2022 21:00 - 29.12.2022 22:00 (CET/CEST)","n/e","n/e","n/e","n/e","n/e","n/e","n/e","n/e","n/e","n/e","n/e","n/e","n/e","2336","n/e","n/e","41","n/e","0","n/e","n/e","1105"
"BZN|SE1","29.12.2022 22:00 - 29.12.2022 23:00 (CET/CEST)","n/e","n/e","n/e","n/e","n/e","n/e","n/e","n/e","n/e","n/e","n/e","n/e","n/e","2431","n/e","n/e","41","n/e","0","n/e","n/e","1090"
"BZN|SE1","29.12.2022 23:00 - 30.12.2022 00:00 (CET/CEST)","n/e","n/e","n/e","n/e","n/e","n/e","n/e","n/e","n/e","n/e","n/e","n/e","n/e","2139","n/e","n/e","39","n/e","0","n/e","n/e","1105"
"BZN|SE1","30.12.2022 00:00 - 30.12.2022 01:00 (CET/CEST)","n/e","n/e","n/e","n/e","n/e","n/e","n/e","n/e","n/e","n/e","n/e","n/e","n/e","1108","n/e","n/e","35","n/e","0","n/e","n/e","1104"
"BZN|SE1","30.12.2022 01:00 - 30.12.2022 02:00 (CET/CEST)","n/e","n/e","n/e","n/e","n/e","n/e","n/e","n/e","n/e","n/e","n/e","n/e","n/e","824","n/e","n/e","30","n/e","0","n/e","n/e","1078"
"BZN|SE1","30.12.2022 02:00 - 30.12.2022 03:00 (CET/CEST)","n/e","n/e","n/e","n/e","n/e","n/e","n/e","n/e","n/e","n/e","n/e","n/e","n/e","810","n/e","n/e","25","n/e","0","n/e","n/e","1059"
"BZN|SE1","30.12.2022 03:00 - 30.12.2022 04:00 (CET/CEST)","n/e","n/e","n/e","n/e","n/e","n/e","n/e","n/e","n/e","n/e","n/e","n/e","n/e","755","n/e","n/e","23","n/e","0","n/e","n/e","1038"
"BZN|SE1","30.12.2022 04:00 - 30.12.2022 05:00 (CET/CEST)","n/e","n/e","n/e","n/e","n/e","n/e","n/e","n/e","n/e","n/e","n/e","n/e","n/e","768","n/e","n/e","23","n/e","0","n/e","n/e","1010"
"BZN|SE1","30.12.2022 05:00 - 30.12.2022 06:00 (CET/CEST)","n/e","n/e","n/e","n/e","n/e","n/e","n/e","n/e","n/e","n/e","n/e","n/e","n/e","1034","n/e","n/e","22","n/e","0","n/e","n/e","922"
"BZN|SE1","30.12.2022 06:00 - 30.12.2022 07:00 (CET/CEST)","n/e","n/e","n/e","n/e","n/e","n/e","n/e","n/e","n/e","n/e","n/e","n/e","n/e","1210","n/e","n/e","22","n/e","0","n/e","n/e","848"
"BZN|SE1","30.12.2022 07:00 - 30.12.2022 08:00 (CET/CEST)","n/e","n/e","n/e","n/e","n/e","n/e","n/e","n/e","n/e","n/e","n/e","n/e","n/e","2294","n/e","n/e","25","n/e","0","n/e","n/e","784"
"BZN|SE1","30.12.2022 08:00 - 30.12.2022 09:00 (CET/CEST)","n/e","n/e","n/e","n/e","n/e","n/e","n/e","n/e","n/e","n/e","n/e","n/e","n/e","2367","n/e","n/e","29","n/e","0","n/e","n/e","662"
"BZN|SE1","30.12.2022 09:00 - 30.12.2022 10:00 (CET/CEST)","n/e","n/e","n/e","n/e","n/e","n/e","n/e","n/e","n/e","n/e","n/e","n/e","n/e","2341","n/e","n/e","34","n/e","0","n/e","n/e","544"
"BZN|SE1","30.12.2022 10:00 - 30.12.2022 11:00 (CET/CEST)","n/e","n/e","n/e","n/e","n/e","n/e","n/e","n/e","n/e","n/e","n/e","n/e","n/e","2269","n/e","n/e","34","n/e","0","n/e","n/e","434"
"BZN|SE1","30.12.2022 11:00 - 30.12.2022 12:00 (CET/CEST)","n/e","n/e","n/e","n/e","n/e","n/e","n/e","n/e","n/e","n/e","n/e","n/e","n/e","2290","n/e","n/e","30","n/e","0","n/e","n/e","325"
"BZN|SE1","30.12.2022 12:00 - 30.12.2022 13:00 (CET/CEST)","n/e","n/e","n/e","n/e","n/e","n/e","n/e","n/e","n/e","n/e","n/e","n/e","n/e","2254","n/e","n/e","29","n/e","0","n/e","n/e","230"
"BZN|SE1","30.12.2022 13:00 - 30.12.2022 14:00 (CET/CEST)","n/e","n/e","n/e","n/e","n/e","n/e","n/e","n/e","n/e","n/e","n/e","n/e","n/e","2247","n/e","n/e","30","n/e","0","n/e","n/e","198"
"BZN|SE1","30.12.2022 14:00 - 30.12.2022 15:00 (CET/CEST)","n/e","n/e","n/e","n/e","n/e","n/e","n/e","n/e","n/e","n/e","n/e","n/e","n/e","2302","n/e","n/e","30","n/e","0","n/e","n/e","169"
"BZN|SE1","30.12.2022 15:00 - 30.12.2022 16:00 (CET/CEST)","n/e","n/e","n/e","n/e","n/e","n/e","n/e","n/e","n/e","n/e","n/e","n/e","n/e","2374","n/e","n/e","30","n/e","0","n/e","n/e","137"
"BZN|SE1","30.12.2022 16:00 - 30.12.2022 17:00 (CET/CEST)","n/e","n/e","n/e","n/e","n/e","n/e","n/e","n/e","n/e","n/e","n/e","n/e","n/e","2312","n/e","n/e","30","n/e","0","n/e","n/e","116"
"BZN|SE1","30.12.2022 17:00 - 30.12.2022 18:00 (CET/CEST)","n/e","n/e","n/e","n/e","n/e","n/e","n/e","n/e","n/e","n/e","n/e","n/e","n/e","2403","n/e","n/e","31","n/e","0","n/e","n/e","109"
"BZN|SE1","30.12.2022 18:00 - 30.12.2022 19:00 (CET/CEST)","n/e","n/e","n/e","n/e","n/e","n/e","n/e","n/e","n/e","n/e","n/e","n/e","n/e","2309","n/e","n/e","31","n/e","0","n/e","n/e","117"
"BZN|SE1","30.12.2022 19:00 - 30.12.2022 20:00 (CET/CEST)","n/e","n/e","n/e","n/e","n/e","n/e","n/e","n/e","n/e","n/e","n/e","n/e","n/e","2261","n/e","n/e","31","n/e","0","n/e","n/e","113"
"BZN|SE1","30.12.2022 20:00 - 30.12.2022 21:00 (CET/CEST)","n/e","n/e","n/e","n/e","n/e","n/e","n/e","n/e","n/e","n/e","n/e","n/e","n/e","2043","n/e","n/e","25","n/e","0","n/e","n/e","92"
"BZN|SE1","30.12.2022 21:00 - 30.12.2022 22:00 (CET/CEST)","n/e","n/e","n/e","n/e","n/e","n/e","n/e","n/e","n/e","n/e","n/e","n/e","n/e","1265","n/e","n/e","20","n/e","0","n/e","n/e","84"
"BZN|SE1","30.12.2022 22:00 - 30.12.2022 23:00 (CET/CEST)","n/e","n/e","n/e","n/e","n/e","n/e","n/e","n/e","n/e","n/e","n/e","n/e","n/e","819","n/e","n/e","21","n/e","0","n/e","n/e","137"
"BZN|SE1","30.12.2022 23:00 - 31.12.2022 00:00 (CET/CEST)","n/e","n/e","n/e","n/e","n/e","n/e","n/e","n/e","n/e","n/e","n/e","n/e","n/e","794","n/e","n/e","20","n/e","0","n/e","n/e","253"
"BZN|SE1","31.12.2022 00:00 - 31.12.2022 01:00 (CET/CEST)","n/e","n/e","n/e","n/e","n/e","n/e","n/e","n/e","n/e","n/e","n/e","n/e","n/e","688","n/e","n/e","19","n/e","0","n/e","n/e","411"
"BZN|SE1","31.12.2022 01:00 - 31.12.2022 02:00 (CET/CEST)","n/e","n/e","n/e","n/e","n/e","n/e","n/e","n/e","n/e","n/e","n/e","n/e","n/e","588","n/e","n/e","19","n/e","0","n/e","n/e","597"
"BZN|SE1","31.12.2022 02:00 - 31.12.2022 03:00 (CET/CEST)","n/e","n/e","n/e","n/e","n/e","n/e","n/e","n/e","n/e","n/e","n/e","n/e","n/e","565","n/e","n/e","19","n/e","0","n/e","n/e","835"
"BZN|SE1","31.12.2022 03:00 - 31.12.2022 04:00 (CET/CEST)","n/e","n/e","n/e","n/e","n/e","n/e","n/e","n/e","n/e","n/e","n/e","n/e","n/e","566","n/e","n/e","20","n/e","0","n/e","n/e","1001"
"BZN|SE1","31.12.2022 04:00 - 31.12.2022 05:00 (CET/CEST)","n/e","n/e","n/e","n/e","n/e","n/e","n/e","n/e","n/e","n/e","n/e","n/e","n/e","562","n/e","n/e","20","n/e","0","n/e","n/e","1151"
"BZN|SE1","31.12.2022 05:00 - 31.12.2022 06:00 (CET/CEST)","n/e","n/e","n/e","n/e","n/e","n/e","n/e","n/e","n/e","n/e","n/e","n/e","n/e","632","n/e","n/e","19","n/e","0","n/e","n/e","1241"
"BZN|SE1","31.12.2022 06:00 - 31.12.2022 07:00 (CET/CEST)","n/e","n/e","n/e","n/e","n/e","n/e","n/e","n/e","n/e","n/e","n/e","n/e","n/e","629","n/e","n/e","20","n/e","0","n/e","n/e","1201"
"BZN|SE1","31.12.2022 07:00 - 31.12.2022 08:00 (CET/CEST)","n/e","n/e","n/e","n/e","n/e","n/e","n/e","n/e","n/e","n/e","n/e","n/e","n/e","648","n/e","n/e","24","n/e","0","n/e","n/e","1214"
"BZN|SE1","31.12.2022 08:00 - 31.12.2022 09:00 (CET/CEST)","n/e","n/e","n/e","n/e","n/e","n/e","n/e","n/e","n/e","n/e","n/e","n/e","n/e","661","n/e","n/e","19","n/e","0","n/e","n/e","1289"
"BZN|SE1","31.12.2022 09:00 - 31.12.2022 10:00 (CET/CEST)","n/e","n/e","n/e","n/e","n/e","n/e","n/e","n/e","n/e","n/e","n/e","n/e","n/e","666","n/e","n/e","18","n/e","0","n/e","n/e","1326"
"BZN|SE1","31.12.2022 10:00 - 31.12.2022 11:00 (CET/CEST)","n/e","n/e","n/e","n/e","n/e","n/e","n/e","n/e","n/e","n/e","n/e","n/e","n/e","649","n/e","n/e","18","n/e","0","n/e","n/e","1387"
"BZN|SE1","31.12.2022 11:00 - 31.12.2022 12:00 (CET/CEST)","n/e","n/e","n/e","n/e","n/e","n/e","n/e","n/e","n/e","n/e","n/e","n/e","n/e","655","n/e","n/e","18","n/e","0","n/e","n/e","1314"
"BZN|SE1","31.12.2022 12:00 - 31.12.2022 13:00 (CET/CEST)","n/e","n/e","n/e","n/e","n/e","n/e","n/e","n/e","n/e","n/e","n/e","n/e","n/e","646","n/e","n/e","18","n/e","0","n/e","n/e","1226"
"BZN|SE1","31.12.2022 13:00 - 31.12.2022 14:00 (CET/CEST)","n/e","n/e","n/e","n/e","n/e","n/e","n/e","n/e","n/e","n/e","n/e","n/e","n/e","661","n/e","n/e","22","n/e","0","n/e","n/e","1052"
"BZN|SE1","31.12.2022 14:00 - 31.12.2022 15:00 (CET/CEST)","n/e","n/e","n/e","n/e","n/e","n/e","n/e","n/e","n/e","n/e","n/e","n/e","n/e","1061","n/e","n/e","26","n/e","0","n/e","n/e","815"
"BZN|SE1","31.12.2022 15:00 - 31.12.2022 16:00 (CET/CEST)","n/e","n/e","n/e","n/e","n/e","n/e","n/e","n/e","n/e","n/e","n/e","n/e","n/e","1595","n/e","n/e","26","n/e","0","n/e","n/e","618"
"BZN|SE1","31.12.2022 16:00 - 31.12.2022 17:00 (CET/CEST)","n/e","n/e","n/e","n/e","n/e","n/e","n/e","n/e","n/e","n/e","n/e","n/e","n/e","1690","n/e","n/e","27","n/e","0","n/e","n/e","490"
"BZN|SE1","31.12.2022 17:00 - 31.12.2022 18:00 (CET/CEST)","n/e","n/e","n/e","n/e","n/e","n/e","n/e","n/e","n/e","n/e","n/e","n/e","n/e","1681","n/e","n/e","27","n/e","0","n/e","n/e","498"
"BZN|SE1","31.12.2022 18:00 - 31.12.2022 19:00 (CET/CEST)","n/e","n/e","n/e","n/e","n/e","n/e","n/e","n/e","n/e","n/e","n/e","n/e","n/e","1701","n/e","n/e","27","n/e","0","n/e","n/e","608"
"BZN|SE1","31.12.2022 19:00 - 31.12.2022 20:00 (CET/CEST)","n/e","n/e","n/e","n/e","n/e","n/e","n/e","n/e","n/e","n/e","n/e","n/e","n/e","1138","n/e","n/e","24","n/e","0","n/e","n/e","786"
"BZN|SE1","31.12.2022 20:00 - 31.12.2022 21:00 (CET/CEST)","n/e","n/e","n/e","n/e","n/e","n/e","n/e","n/e","n/e","n/e","n/e","n/e","n/e","888","n/e","n/e","21","n/e","0","n/e","n/e","1022"
"BZN|SE1","31.12.2022 21:00 - 31.12.2022 22:00 (CET/CEST)","n/e","n/e","n/e","n/e","n/e","n/e","n/e","n/e","n/e","n/e","n/e","n/e","n/e","885","n/e","n/e","20","n/e","0","n/e","n/e","1288"
"BZN|SE1","31.12.2022 22:00 - 31.12.2022 23:00 (CET/CEST)","n/e","n/e","n/e","n/e","n/e","n/e","n/e","n/e","n/e","n/e","n/e","n/e","n/e","624","n/e","n/e","20","n/e","0","n/e","n/e","1444"
"BZN|SE1","31.12.2022 23:00 - 01.01.2023 00:00 (CET/CEST)","n/e","n/e","n/e","n/e","n/e","n/e","n/e","n/e","n/e","n/e","n/e","n/e","n/e","619","n/e","n/e","20","n/e","0","n/e","n/e","1479"
